Crime ID,Month,Reported by,Falls within,Longitude,Latitude,Location,LSOA code,LSOA name,Outcome type
bf1b912515c4f781dc0bb7c5d1eee4e50bf4b6512588a64a4f5b9f15717a9b1f,2021-10,Staffordshire Police,Staffordshire Police,-2.115047,52.718863,On or near BROOK CLOSE,E01029660,South Staffordshire 001F,Unable to prosecute suspect
4d8aa36b3f257e27f1c6fe4de7d089119a5e4821c0867cb584143778450906c5,2021-10,Staffordshire Police,Staffordshire Police,,,No location,,,Suspect charged
302d17f68fab81dc4257cbb2c25cfe84854cbced0e9c4b591779ae2c820e941d,2021-10,Staffordshire Police,Staffordshire Police,,,No location,,,Action to be taken by another organisation
b2f0c0ebd27424db5449b76c38910f4ad3fcf7cbacc63dcc1ed3c9e694640650,2021-10,Staffordshire Police,Staffordshire Police,,,No location,,,Unable to prosecute suspect
474d9dd32573e4bbac81137048cf5c3857a9c516a3a57622dc283c9f196e8775,2021-10,Staffordshire Police,Staffordshire Police,,,No location,,,Unable to prosecute suspect
cb3ede7e91046787a4b8b2d9cbb4e2db0c6c54524d8308bc02abe00660662eb5,2021-10,Staffordshire Police,Staffordshire Police,-2.203474,53.020176,On or near GARNER STREET,E01029580,Newcastle-under-Lyme 009C,Investigation complete; no suspect identified
b51eeeec5e42661c74d69f983905f07172d2a27e245ba3fda625c34299cdb8cb,2021-10,Staffordshire Police,Staffordshire Police,,,No location,,,Investigation complete; no suspect identified
71ae3af845faf48b2557b2f43cfd8ce8fad18db536c6f8c5faa6f08d0c790cee,2021-10,Staffordshire Police,Staffordshire Police,,,No location,,,Action to be taken by another organisation
9ad09b98a37287d21128cdd99a9256407c84de2261bc2663583320af20cb3e8f,2021-10,Staffordshire Police,Staffordshire Police,-2.230340,53.012262,On or near FROGHALL,E01029604,Newcastle-under-Lyme 011E,Suspect charged
69cff88ec0282a15a92efeac6fcb0c557356a585278316495896a533f9788773,2021-10,Staffordshire Police,Staffordshire Police,,,No location,,,Unable to prosecute suspect
eacfa4ed7124380d18f30a4c6fd8afba37d48879a78e865c1e39a30fc0039fd5,2021-10,Staffordshire Police,Staffordshire Police,,,No location,,,Unable to prosecute suspect
56f0287e31a247167d09e69fff9bee6a8eaa02c9a4fee3bcf61d928ac427c331,2021-10,Staffordshire Police,Staffordshire Police,,,No location,,,Unable to prosecute suspect
1102e2b7df70cf451579c23172f6676dd4fdcb7a4f1b20cb68b7a2fafd2d2029,2021-10,Staffordshire Police,Staffordshire Police,,,No location,,,Formal action is not in the public interest
22bf721633f5b0ad4e818dbb3a1183fc2e120c61c5538982920aee3724f23ff2,2021-10,Staffordshire Police,Staffordshire Police,,,No location,,,Further action is not in the public interest
bde75aded483b5290fe606e3f0717ee3e605689781248055e450ebaf865fa218,2021-10,Staffordshire Police,Staffordshire Police,-2.104388,52.792983,On or near JUPITER WAY,E01029734,Stafford 016C,Investigation complete; no suspect identified
b8c0df2af956bbb996bbd0d1069b89f6af7fae89746d77a9da4b5e0a45df83b5,2021-10,Staffordshire Police,Staffordshire Police,-1.706559,52.626700,On or near VENTURA PARK ROAD,E01029837,Tamworth 005B,Investigation complete; no suspect identified
ff6641736c3ef5a992c73a8024da0b9440c8b4f05619270c556840d5a0edc193,2021-10,Staffordshire Police,Staffordshire Police,-2.032009,53.099136,On or near BARNFIELDS CLOSE,E01029811,Staffordshire Moorlands 005C,Investigation complete; no suspect identified
5761aa8d8c6f03ebd55eb31cb56a13daf64e97caae217a3a4787871d3cd8ddcf,2021-10,Staffordshire Police,Staffordshire Police,-2.074242,53.115207,On or near DUNWOOD LANE,E01029802,Staffordshire Moorlands 002D,Investigation complete; no suspect identified
0c77fe974c0aee949f0899c86b8ac5c924fb9ca322f5fc496e490197e115b018,2021-10,Staffordshire Police,Staffordshire Police,-1.818661,52.697907,On or near Petrol Station,E01029525,Lichfield 005G,Investigation complete; no suspect identified
bd648dcbd5496b7af124c3f205370bcb3cc17831f6d4f52a043efffc507dfdb3,2021-10,Staffordshire Police,Staffordshire Police,-2.012104,52.690269,On or near EASTERN WAY,E01029375,Cannock Chase 010A,Investigation complete; no suspect identified
3b8c37f1f2ad622e2eacc35d3137be7f05bb31bb3b4de2e63f2742f1054c2182,2021-10,Staffordshire Police,Staffordshire Police,-2.119261,52.809114,On or near BULL HILL,E01029701,Stafford 010E,Investigation complete; no suspect identified
f47c5d575a308df5dd39254ed8b1df8b9f9bd1783a4beb391da3c1a1249d166d,2021-10,Staffordshire Police,Staffordshire Police,-2.210879,53.028550,On or near Shopping Area,E01029611,Newcastle-under-Lyme 008E,Investigation complete; no suspect identified
f0ea35604d8ccd66e69d410d6fde2ec18f1e1c4adb1ef966fd3e7274ff7c08eb,2021-10,Staffordshire Police,Staffordshire Police,-2.156921,52.979993,On or near OAKWOOD ROAD,E01014234,Stoke-on-Trent 026B,Investigation complete; no suspect identified
01313c30251aaf5993ee257fd141cc756defeed19420758f20ab6f3632c189da,2021-10,Staffordshire Police,Staffordshire Police,-2.131254,52.692920,On or near WAITLING STREET,E01029658,South Staffordshire 001D,Investigation complete; no suspect identified
52277edabbf7eef2514efe060cbdb39d23c4c630bad14f744f0a245d5e3021d7,2021-10,Staffordshire Police,Staffordshire Police,-2.170890,52.968243,On or near Sports/Recreation Area,E01014236,Stoke-on-Trent 032B,Investigation complete; no suspect identified
ff35bdd5bee48ba1c77f53b7e1fe0095269a9ecd5df705664b305377f2abd027,2021-10,Staffordshire Police,Staffordshire Police,-2.174869,53.024330,On or near ALBION SQUARE,E01014287,Stoke-on-Trent 015D,Investigation complete; no suspect identified
fdf65681c8058276421e4291df1ee0055669d7bad5d332eeac053c7f05ad3f65,2021-10,Staffordshire Police,Staffordshire Police,-1.628093,52.784051,On or near BRAMBLE COURT,E01029453,East Staffordshire 014E,Investigation complete; no suspect identified
0c380f6b3330f658ddd9f2db4c79f2205f324de6f6a7e1304de28cd360ec68e6,2021-10,Staffordshire Police,Staffordshire Police,-1.646671,52.806069,On or near WELLINGTON STREET,E01029448,East Staffordshire 009D,Investigation complete; no suspect identified
9b3c6b9a4653fca90dca7044cfa9fd24c0245d68ded9d7e6a65292521ddb4cab,2021-10,Staffordshire Police,Staffordshire Police,-2.178338,53.008711,On or near THORNTON ROAD,E01014283,Stoke-on-Trent 016E,Investigation complete; no suspect identified
8d7d074e44330a737379099bbff8897e45d2ddeb55450df458191e76c859155f,2021-10,Staffordshire Police,Staffordshire Police,-1.997219,52.960995,On or near BREACH LANE,E01029785,Staffordshire Moorlands 013B,Investigation complete; no suspect identified
290680692fab9b5e2da34bffd8367352551095bdd0c920502cb0c93e4c0a5cf8,2021-10,Staffordshire Police,Staffordshire Police,-2.017941,52.675237,On or near GEMINI DRIVE,E01029395,Cannock Chase 013B,Investigation complete; no suspect identified
25d75c01b1085bc6c831d35f24f1e0fcb1ee95d07d67d9fed60b9c27ca7a2c0b,2021-10,Staffordshire Police,Staffordshire Police,-2.038672,52.703091,On or near GRATLEY CROFT,E01029647,South Staffordshire 002C,Investigation complete; no suspect identified
786e11ea47461ebcdd889858792454a9db07add2ef2f1580b28bb339e8fb9d1c,2021-10,Staffordshire Police,Staffordshire Police,-2.186060,52.537234,On or near Petrol Station,E01029671,South Staffordshire 012A,Investigation complete; no suspect identified
13fc03aa9802cb0e7fa8feb34477d16a5506f8352e9169d4a2472989ae442eba,2021-10,Staffordshire Police,Staffordshire Police,-2.186060,52.537234,On or near Petrol Station,E01029671,South Staffordshire 012A,Investigation complete; no suspect identified
984695859d8938975cfec8fb001b5cea55e43c530ef01e1a17c4da94535d951e,2021-10,Staffordshire Police,Staffordshire Police,-1.701470,52.625555,On or near Supermarket,E01029837,Tamworth 005B,Investigation complete; no suspect identified
449b6c1ffbe70c427ee40b8f941abe8f436edf9a4289fa862affe7a8501fc255,2021-10,Staffordshire Police,Staffordshire Police,-2.128902,52.978319,On or near BELGRAVE CRESCENT,E01014312,Stoke-on-Trent 029D,Investigation complete; no suspect identified
2b3e095335739beafcce784314a5a0660900c51a2df317bfdcfde43bfafc4c15,2021-10,Staffordshire Police,Staffordshire Police,-1.998137,52.711485,On or near Parking Area,E01029389,Cannock Chase 005D,Investigation complete; no suspect identified
88f9590a5a1f0caf7dcfdbffa24d2d76001c92b85ed0cb28fe2317a213cf5508,2021-10,Staffordshire Police,Staffordshire Police,-2.012104,52.690269,On or near EASTERN WAY,E01029375,Cannock Chase 010A,Investigation complete; no suspect identified
dd6cb1b68913068bd3c684c042f430a43e228559812abda35247442c6d50ce00,2021-10,Staffordshire Police,Staffordshire Police,-2.210700,53.010078,On or near ASHWELL ROAD,E01014289,Stoke-on-Trent 018B,Investigation complete; no suspect identified
3b23b6d1c2c9142c4b1641266527636e5751eaebae664d77cecf8ac321556973,2021-10,Staffordshire Police,Staffordshire Police,-2.222439,53.000438,On or near HIGHFIELD COURT,E01029605,Newcastle-under-Lyme 014E,Investigation complete; no suspect identified
18a666549f779908ec71f7b71ed673733e03e835a746228b5029ddfba630902e,2021-10,Staffordshire Police,Staffordshire Police,-1.688213,52.595162,On or near MAXSTOKE CLOSE,E01029862,Tamworth 009C,Investigation complete; no suspect identified
34b4b098e4d38ff5b0a66a638a4011dca24d42d1c28e66c587b59f89b89b20f4,2021-10,Staffordshire Police,Staffordshire Police,-2.210879,53.028550,On or near Shopping Area,E01029611,Newcastle-under-Lyme 008E,Investigation complete; no suspect identified
9409ad2cceca64ee6f1009b95b3ef9fd9bb2d35cb0374185778643d62c33ca63,2021-10,Staffordshire Police,Staffordshire Police,-2.192404,53.028195,On or near RIDGEHOUSE DRIVE,E01014285,Stoke-on-Trent 015B,Investigation complete; no suspect identified
9ca68466ff8c998ada8b6431505b7b9d6a961a208a81703529169f10fb28b351,2021-10,Staffordshire Police,Staffordshire Police,-2.217661,53.031046,On or near NELSON STREET,E01029612,Newcastle-under-Lyme 009E,Unable to prosecute suspect
92b36685aaef13a2c89796789efdcc5d93f3c745484f3e475e0c72bcbf1f5f01,2021-10,Staffordshire Police,Staffordshire Police,-2.134613,53.028400,On or near Hospital,E01014212,Stoke-on-Trent 012C,Investigation complete; no suspect identified
37928657c19024d97b63f353a7bc14bc77d04223c605301caa9b330cd6367e3e,2021-10,Staffordshire Police,Staffordshire Police,-2.327677,53.009624,On or near SWAN BANK,E01029573,Newcastle-under-Lyme 013B,Unable to prosecute suspect
cae8d00fcbaf8d29f48d72014e46ab9983047f1e052918e87e06b98525e435a6,2021-10,Staffordshire Police,Staffordshire Police,-2.101105,52.981762,On or near DENEHURST CLOSE,E01014321,Stoke-on-Trent 028A,Unable to prosecute suspect
34f2c66c7590a8fb16ceccad1e9b7cf54dd47f71258457c58711ff8880faac00,2021-10,Staffordshire Police,Staffordshire Police,-2.068486,52.680685,On or near CATSBRIDGE LANE,E01029647,South Staffordshire 002C,Investigation complete; no suspect identified
5a697d6afb326b82a6befb7a31c2bd79fd909389c0ad281190b211953296d477,2021-10,Staffordshire Police,Staffordshire Police,-2.175805,53.027295,On or near Shopping Area,E01014287,Stoke-on-Trent 015D,Unable to prosecute suspect
94ff9365d98505fcba9ab6ca0199d200a62b0a24dd9009e435de50605c017531,2021-10,Staffordshire Police,Staffordshire Police,-2.202087,52.595102,On or near Supermarket,E01029666,South Staffordshire 011C,Investigation complete; no suspect identified
4fadc609cdfaa348371599d778084a07337aa21e37fdf2edd605affa90443093,2021-10,Staffordshire Police,Staffordshire Police,-2.049167,52.679220,On or near WOLVERHAMPTON ROAD,E01029361,Cannock Chase 012C,Investigation complete; no suspect identified
f90e609d670938b29bd66f372449aa8a04e2d9216e991c61db29a7200a3d31e2,2021-10,Staffordshire Police,Staffordshire Police,-2.094066,52.998173,On or near ASTER CLOSE,E01014369,Stoke-on-Trent 024D,Investigation complete; no suspect identified
8e0e04f79516306fe635a07e4c52820c18a4dc1261912f87240f603b3d3a446e,2021-10,Staffordshire Police,Staffordshire Police,-1.625848,52.791739,On or near FREDERICK STREET,E01029451,East Staffordshire 014C,Unable to prosecute suspect
1113b2606ab7d65d811844848819bdd9aaa632d17dafdd2eb27d8ac2016c0d12,2021-10,Staffordshire Police,Staffordshire Police,-1.718444,52.662508,On or near MANOR LANE,E01029517,Lichfield 008B,Unable to prosecute suspect
2ac0c7bfa09d062e773fd0a80ab4c8a551371cd4b181e281d30c81dcce281f33,2021-10,Staffordshire Police,Staffordshire Police,-2.225981,52.916822,On or near MONKS WAY,E01029749,Stafford 002E,Unable to prosecute suspect
09cd4f137c06f418371b1187d4540f892ffa137f6833d9a22b3cdee0f4d3c604,2021-10,Staffordshire Police,Staffordshire Police,-2.201199,53.053476,On or near Petrol Station,E01014252,Stoke-on-Trent 009D,Investigation complete; no suspect identified
831f7ecacf69c80acc758907f0e82a836dfa3401bff1f577019d570bc184e434,2021-10,Staffordshire Police,Staffordshire Police,-2.009864,53.111068,On or near ABBOTT'S ROAD,E01029810,Staffordshire Moorlands 001E,Investigation complete; no suspect identified
fdf2f0cf4c94942ec8842da1de84052546dc299ff806c838d9990a6c5f95befa,2021-10,Staffordshire Police,Staffordshire Police,-2.201496,53.002102,On or near GIFFORD PLACE,E01014294,Stoke-on-Trent 018F,Formal action is not in the public interest
548ad240e0ae8f174d6fb89112a707519967292959cb4e6a5f265530fe1f6676,2021-10,Staffordshire Police,Staffordshire Police,-1.960503,52.752417,On or near THE PINGLE,E01029370,Cannock Chase 001C,Investigation complete; no suspect identified
4ae5b92b488db1d493a3c6d2399f420a95ff7f567ceb5643cb9404d993d70109,2021-10,Staffordshire Police,Staffordshire Police,-2.186060,52.537234,On or near Petrol Station,E01029671,South Staffordshire 012A,Investigation complete; no suspect identified
16601d7039ad907c825128039949c242494c437c68ad55c606ba307530fc14b7,2021-10,Staffordshire Police,Staffordshire Police,-2.307583,52.958763,On or near Petrol Station,E01029570,Newcastle-under-Lyme 016B,Investigation complete; no suspect identified
757ea3d7452e99ad8a3f6784796eb4446a521615d782fcbbb08bb1d07776dbb5,2021-10,Staffordshire Police,Staffordshire Police,-2.192404,53.028195,On or near RIDGEHOUSE DRIVE,E01014285,Stoke-on-Trent 015B,Investigation complete; no suspect identified
451de73495b65a10772852b59912317e073b202842a5872423efeb092365505f,2021-10,Staffordshire Police,Staffordshire Police,-2.227815,53.008410,On or near Supermarket,E01029602,Newcastle-under-Lyme 011C,Investigation complete; no suspect identified
5a2b121a497969616c940b9e1bd21d6a41ee6fbadbf6f676475c8e0586f48f2e,2021-10,Staffordshire Police,Staffordshire Police,-1.675731,52.610241,On or near WATLING STREET,E01032902,Tamworth 010G,Investigation complete; no suspect identified
2e5a62f4ec44e342975c017304dacfd233aded9c52ead357cd3cfc7550837b03,2021-10,Staffordshire Police,Staffordshire Police,-2.181947,52.537304,On or near WAVERLEY GARDENS,E01029671,South Staffordshire 012A,Investigation complete; no suspect identified
a947b98fda528a703da0bcf321b6e4d25ecd002d9c2dd8845f5663762b93a18c,2021-10,Staffordshire Police,Staffordshire Police,-2.164485,53.045955,On or near ST MARGARET'S DRIVE,E01014271,Stoke-on-Trent 008E,Investigation complete; no suspect identified
db24be8ae19678034a1cddeb064006cd7d2046dc3e328e9496f35039b79634d0,2021-10,Staffordshire Police,Staffordshire Police,-2.234191,53.035338,On or near OAKDENE CLOSE,E01029539,Newcastle-under-Lyme 006C,Investigation complete; no suspect identified
0cf4651b0bb2f9e74b9e39a3a57b8aa296db540c9998e30bafa38a4437e85243,2021-10,Staffordshire Police,Staffordshire Police,-2.194107,52.442836,On or near Park/Open Space,E01029652,South Staffordshire 014D,Investigation complete; no suspect identified
11532ced99e5f79268a82ec1e8e93250c09986f7632578b68770b30b79af13e9,2021-10,Staffordshire Police,Staffordshire Police,-1.796562,52.861660,On or near ARBORFIELD ROAD,E01029425,East Staffordshire 006D,Investigation complete; no suspect identified
5535ef62af6493548ed1217bc3c59d8c589db43be3daa3b7aa03d2b8c03052f9,2021-10,Staffordshire Police,Staffordshire Police,-2.115801,52.802322,On or near MIDDLE FRIARS,E01029701,Stafford 010E,Unable to prosecute suspect
b81146881cbcd105df2b3a0e330a7efd6cd6c04bbd2b63f4de57f896279180a2,2021-10,Staffordshire Police,Staffordshire Police,-2.126525,52.980560,On or near WINDSOR AVENUE,E01014305,Stoke-on-Trent 029A,Investigation complete; no suspect identified
73d6325be9df707d2814dfb4a6ed704a39f04789f20c3d3ec57f186391d7b66f,2021-10,Staffordshire Police,Staffordshire Police,-2.203439,52.494989,On or near ASHWOOD LOWER LANE,E01029645,South Staffordshire 013A,Investigation complete; no suspect identified
a10fa22b6d650f38a9c225b2ed5d1796584912a22c95d859b84f92c355a210b6,2021-10,Staffordshire Police,Staffordshire Police,-2.126201,52.818402,On or near IZAAK WALTON CLOSE,E01029720,Stafford 007B,Investigation complete; no suspect identified
76b3ef8da5b411c753d74532d320b9dc3d309b5cadc60046257685ecde247838,2021-10,Staffordshire Police,Staffordshire Police,-1.658977,52.791596,On or near CYCLAMEN CLOSE,E01029415,East Staffordshire 013C,Investigation complete; no suspect identified
61b41c5f7a94e392c6e2ed65a4f39003480ad89cd2355e0342f62a486eddc019,2021-10,Staffordshire Police,Staffordshire Police,-2.167758,53.028349,On or near BASKERVILLE ROAD,E01014328,Stoke-on-Trent 013C,Suspect charged
39e0610b49e1463b6397eed445d9f8c1ac7d2b08064b6dddb51f640ade4a97ad,2021-10,Staffordshire Police,Staffordshire Police,-2.167758,53.028349,On or near BASKERVILLE ROAD,E01014328,Stoke-on-Trent 013C,Suspect charged
ea206eb73adac0d7e816e4d9d5cd6a4f418903554eaa1178ea8f4737d39760e6,2021-10,Staffordshire Police,Staffordshire Police,-2.168500,53.023764,On or near MULBERRY STREET,E01014231,Stoke-on-Trent 016B,Action to be taken by another organisation
79506fe9f09da9f0d5c5d462795d78f4003489eac0af7a23543ad7b7bafa770b,2021-10,Staffordshire Police,Staffordshire Police,-1.634678,52.801502,On or near NEW STREET,E01032896,East Staffordshire 011F,Investigation complete; no suspect identified
222ab1a14c82b46b151b076f44012fd1ce5573e603574490dfca92f693aeb7fc,2021-10,Staffordshire Police,Staffordshire Police,-1.685250,52.606895,On or near BAMBURGH,E01029864,Tamworth 009E,Investigation complete; no suspect identified
bef489808474601e2cb9afbd6c248f1f36b3780bcc3ce977eec47f8fdc73821e,2021-10,Staffordshire Police,Staffordshire Police,-2.182515,53.002628,On or near LONSDALE STREET,E01014345,Stoke-on-Trent 019E,Suspect charged
276a5e48ab213240302fbd00d3b3111e49dd4150442b2cb88a6973db98a1d5d3,2021-10,Staffordshire Police,Staffordshire Police,-2.226342,53.011721,On or near Nightclub,E01029604,Newcastle-under-Lyme 011E,Investigation complete; no suspect identified
c107fbdffe0fa5f7b9dbd7cd7f1cf210d609aec6b474c6f29658524db062d9df,2021-10,Staffordshire Police,Staffordshire Police,-2.190622,53.009572,On or near CONVENT COURT CLOSE,E01014291,Stoke-on-Trent 018D,Unable to prosecute suspect
771b743c3b818c3740a60f37de0db6c9d6d2478afb57e312217a9e47d699577b,2021-10,Staffordshire Police,Staffordshire Police,-2.163339,53.003276,On or near EDWARD STREET,E01014276,Stoke-on-Trent 020C,Suspect charged
96e5b04c2239b046066ec5f0fdddef41d8de19a62d64d9107b343bf26d8159b1,2021-10,Staffordshire Police,Staffordshire Police,-2.156143,52.978943,On or near BALLINSON ROAD,E01014234,Stoke-on-Trent 026B,Unable to prosecute suspect
93acd9bae5b1abba2dcaff97dbc18c20c0d24edcdcf52a7fdadfeea1b19e2afa,2021-10,Staffordshire Police,Staffordshire Police,-2.226757,53.011118,On or near Shopping Area,E01029604,Newcastle-under-Lyme 011E,Investigation complete; no suspect identified
b02cd36fafbd291614731b837da911fbac94a9780faf3abc47e3be6ea2cd4a11,2021-10,Staffordshire Police,Staffordshire Police,-2.245413,53.007890,On or near KEELE ROAD,E01029599,Newcastle-under-Lyme 010F,Investigation complete; no suspect identified
8e7d451c50270f3c9da3634d5cccce0bdfcb5f57cdff55a677ef5d11743360c2,2021-10,Staffordshire Police,Staffordshire Police,-1.946424,52.767685,On or near LOVETT COURT,E01029372,Cannock Chase 002A,Further action is not in the public interest
504bb68570c2d2400d2fcf12dfecc2b13ac6b83643f0d30e862fa59d1ebefc99,2021-10,Staffordshire Police,Staffordshire Police,-2.034197,52.696539,On or near STAFFORD ROAD,E01029367,Cannock Chase 011E,Investigation complete; no suspect identified
7c852abc18093c4c2cc9d07156ec6de98e8103232f999aa546ad41ae0a13c51c,2021-10,Staffordshire Police,Staffordshire Police,-1.633441,52.828781,On or near GLAMIS CLOSE,E01029456,East Staffordshire 005C,Investigation complete; no suspect identified
53be8c8ea88c8eafbbf6944b7c07abd9220e3df1e12dc5f3a19be71992510ad4,2021-10,Staffordshire Police,Staffordshire Police,-2.233354,53.095684,On or near MARYHILL CLOSE,E01029561,Newcastle-under-Lyme 002A,Investigation complete; no suspect identified
4247199267538643bd47ef95e9a08d9c5a4b78bf17fbc12d2ed33d472e463901,2021-10,Staffordshire Police,Staffordshire Police,-2.143832,53.025324,On or near STEVENSON ROAD,E01014219,Stoke-on-Trent 014B,Investigation complete; no suspect identified
2f4645f7708b517f8fdba8ef7c6fa1be800deb86c5b5a451209e80605ab8dcea,2021-10,Staffordshire Police,Staffordshire Police,-1.932561,52.674995,On or near BAKER CLOSE,E01029496,Lichfield 010A,Action to be taken by another organisation
21ac3fbabf320ca1e0abaf150a25249aabdefb735bab4988c875f030f118af4a,2021-10,Staffordshire Police,Staffordshire Police,-1.932561,52.674995,On or near BAKER CLOSE,E01029496,Lichfield 010A,Unable to prosecute suspect
1c8accd7a39e41a8325c269601b510bcece30d1c1320ae28f8cd112a4551667b,2021-10,Staffordshire Police,Staffordshire Police,-2.024199,52.678841,On or near Parking Area,E01029359,Cannock Chase 012A,Investigation complete; no suspect identified
a111867fa74f96653450f16c0121a71740b460152aa8756ea5945e01a9f9a7f2,2021-10,Staffordshire Police,Staffordshire Police,-1.934492,52.759004,On or near Shopping Area,E01029404,Cannock Chase 002E,Suspect charged
4d2b2782141fb9edbb5063263ec5610590562474761161fe7badfa84f41b8f77,2021-10,Staffordshire Police,Staffordshire Police,-2.223129,52.540829,On or near Sports/Recreation Area,E01029667,South Staffordshire 013B,Investigation complete; no suspect identified
773886888720944581c42a9c21321e29621c1e7d956d44f81f76b420fbefd374,2021-10,Staffordshire Police,Staffordshire Police,-2.172659,52.986264,On or near DENNIS VIOLLET AVENUE,E01014234,Stoke-on-Trent 026B,Investigation complete; no suspect identified
f49fc915e0f7de0c490a5fecb0505af909c5b2af80804ab075922d70aa3c1425,2021-10,Staffordshire Police,Staffordshire Police,-2.012809,52.724744,On or near MENDIP ROAD,E01029390,Cannock Chase 004D,Investigation complete; no suspect identified
3c5e7b8c156e20e4381b46e6228eb96bed729b2b94ca1aaad71a03b4ba0bbd12,2021-10,Staffordshire Police,Staffordshire Police,-2.162876,52.872456,On or near Petrol Station,E01029733,Stafford 004A,Investigation complete; no suspect identified
53f502479b5170476cb8355058dcad34a279c522096006ca71f2953621ea3edf,2021-10,Staffordshire Police,Staffordshire Police,-2.166296,53.035965,On or near CHORLTON ROAD,E01014323,Stoke-on-Trent 013A,Investigation complete; no suspect identified
ad97326eafcf0e303b96dfb2051553de0e5d0b1bcfedbd786ec92603399b30d1,2021-10,Staffordshire Police,Staffordshire Police,-2.233034,53.014333,On or near BAILEY STREET,E01029604,Newcastle-under-Lyme 011E,Investigation complete; no suspect identified
c089b0e570be60c5d47edc1f29f88f67b4dba22ec4aab22b20acb567e6e2d9ae,2021-10,Staffordshire Police,Staffordshire Police,-2.254434,53.069338,On or near OLDHILL CLOSE,E01029596,Newcastle-under-Lyme 004E,Unable to prosecute suspect
2b965fbc442509573157cdbc8c13a3cbb40d36572d92b026655039f0ba33698b,2021-10,Staffordshire Police,Staffordshire Police,-2.187068,53.039009,On or near ELDER ROAD,E01014249,Stoke-on-Trent 011A,Investigation complete; no suspect identified
69c58fb0936149c52e4a2dff3d8b504fac7b702c8c9695c2dc612caf43907043,2021-10,Staffordshire Police,Staffordshire Police,-1.944038,52.686202,On or near RADMORE CLOSE,E01029493,Lichfield 006B,Investigation complete; no suspect identified
86ac8c65f14751330b1b0489acf65bb26a8eebf13af55adc8c7145114b79c613,2021-10,Staffordshire Police,Staffordshire Police,-2.034197,52.696539,On or near STAFFORD ROAD,E01029367,Cannock Chase 011E,Unable to prosecute suspect
6093829481ca01438f876170206b83b64c941945ce3cb077f7e563f2d86ab516,2021-10,Staffordshire Police,Staffordshire Police,-2.028672,52.687021,On or near HALLCOURT LANE,E01029360,Cannock Chase 012B,Investigation complete; no suspect identified
133cd071b86b9f0d6f481b5ed1c6eca471ef4740166ae11bf34cf21a4b0f3338,2021-10,Staffordshire Police,Staffordshire Police,-2.101880,53.083267,On or near Petrol Station,E01029776,Staffordshire Moorlands 008C,Investigation complete; no suspect identified
9ca8582b8c41054c1a55822e239f27ee7ad0c25c4dd678c9eac12558294704b8,2021-10,Staffordshire Police,Staffordshire Police,-1.846333,53.130997,On or near B5054,E01029817,Staffordshire Moorlands 007C,Investigation complete; no suspect identified
a88fbb202ab396afcf2819ed3a0a363e86e20258514ff00ff0d3b3aa5b02cbe5,2021-10,Staffordshire Police,Staffordshire Police,-2.058890,52.967471,On or near ST PETERS LANE,E01029798,Staffordshire Moorlands 012C,Unable to prosecute suspect
854e26fb79f4f6b6f022104faa3feedf10f06941ebcb77a4b0d18ce9620175ae,2021-10,Staffordshire Police,Staffordshire Police,-2.009669,52.716213,On or near GREEN HEATH ROAD,E01029384,Cannock Chase 005A,Investigation complete; no suspect identified
bfe74c24f9ceda549be43808c85efd0ef3c44f35a66aacb4c18eb46f7b082c86,2021-10,Staffordshire Police,Staffordshire Police,-2.118131,52.802607,On or near Sports/Recreation Area,E01029701,Stafford 010E,Investigation complete; no suspect identified
248a87b3ad33634de70fd86a68cb18aa14638924481cf509e5fbead4cce0b8f2,2021-10,Staffordshire Police,Staffordshire Police,-1.965705,52.674668,On or near SCHOOL CRESCENT,E01029394,Cannock Chase 013A,Further investigation is not in the public interest
dcc181f74b75204d1ff03766540ed697c9fc77bd82888a25dde7d9fa12c643d0,2021-10,Staffordshire Police,Staffordshire Police,-2.115801,52.802322,On or near MIDDLE FRIARS,E01029701,Stafford 010E,Investigation complete; no suspect identified
2e84903c261e03968039b6952441a3dc81e1cb56f100399cc4b780d320e2cd0f,2021-10,Staffordshire Police,Staffordshire Police,-2.173475,53.026139,On or near Shopping Area,E01014287,Stoke-on-Trent 015D,Investigation complete; no suspect identified
3417937ac3e30e127b1bc77c69c76cecabc9d5db10f198b1e469aeae71aea700,2021-10,Staffordshire Police,Staffordshire Police,-1.645875,52.818149,On or near BECKET CLOSE,E01029436,East Staffordshire 007C,Unable to prosecute suspect
daa0c0f628d2c3f6a1f46b7fe1d08c80b8a1b1e2f65dfdbdde5d02aca42502c5,2021-10,Staffordshire Police,Staffordshire Police,-2.039800,53.109731,On or near Sports/Recreation Area,E01029814,Staffordshire Moorlands 005E,Investigation complete; no suspect identified
f9c5aa37062a5ff14978f321b607cdc16523cbf414ec2a1e72e30edf9ff1201d,2021-10,Staffordshire Police,Staffordshire Police,-1.972493,53.219193,On or near Park/Open Space,E01029797,Staffordshire Moorlands 001A,Action to be taken by another organisation
41d6911e5c69dfb0348afbd7ddd6b28b7d554772b95977bbeb3e66bdb383ff2b,2021-10,Staffordshire Police,Staffordshire Police,-2.167128,53.023505,On or near WATERLOO STREET,E01014231,Stoke-on-Trent 016B,Investigation complete; no suspect identified
fd835e33dd35f989e80cc0f9bfc0eb8b0e421903cf6447adaf0b22d88274e4e7,2021-10,Staffordshire Police,Staffordshire Police,-2.141123,52.990315,On or near Petrol Station,E01014302,Stoke-on-Trent 022D,Investigation complete; no suspect identified
f684957dee737ec3b67dd9cfb9dd3da39b4fcd3b8e1b9c3ca67b648920ce6b04,2021-10,Staffordshire Police,Staffordshire Police,-2.174396,53.025418,On or near Shopping Area,E01014287,Stoke-on-Trent 015D,Investigation complete; no suspect identified
3a7d71931ac5be20e24c399b7ea27a567437657049b1f17742d0689b8349b9eb,2021-10,Staffordshire Police,Staffordshire Police,-1.677944,52.636614,On or near MINERVA CLOSE,E01029834,Tamworth 004D,Unable to prosecute suspect
3b1f2925f595a3cbf8a07ea136d180236eac12057f9bb32b905a99633a394264,2021-10,Staffordshire Police,Staffordshire Police,-2.088691,52.971318,On or near Petrol Station,E01014315,Stoke-on-Trent 033A,Unable to prosecute suspect
b923c7802a5d789b79aa4a38f331a71e6537fe2666dfcf5957e5786c0b7ab6ca,2021-10,Staffordshire Police,Staffordshire Police,-1.677944,52.636614,On or near MINERVA CLOSE,E01029834,Tamworth 004D,Unable to prosecute suspect
7d932cab6df6d616721a06aaf940ab35ed0b480045ac92cc8b76c371949100c1,2021-10,Staffordshire Police,Staffordshire Police,-2.187713,53.056968,On or near SUNNINGDALE CLOSE,E01014243,Stoke-on-Trent 006C,Investigation complete; no suspect identified
734ba8e3f184f405f1e070aa28f58958f7e6abb7a6c10d4995ca591e8ade9d19,2021-10,Staffordshire Police,Staffordshire Police,-1.677944,52.636614,On or near MINERVA CLOSE,E01029834,Tamworth 004D,Unable to prosecute suspect
71f1770879bcad7a8ea64fe719ac0a58da0993b219c020a22ecddda36b2b7f17,2021-10,Staffordshire Police,Staffordshire Police,-2.199316,52.465976,On or near WOLVERHAMPTON ROAD,E01029652,South Staffordshire 014D,Investigation complete; no suspect identified
28154333597ec42529e0f23926889516f812fc2754700e01d7fba8882eac0604,2021-10,Staffordshire Police,Staffordshire Police,-2.177104,52.626885,On or near ALEXANDER ROAD,E01029613,South Staffordshire 008A,Investigation complete; no suspect identified
ae5bd0857c4335c26c662440ad42b0a2d41ee7840184199be0796c6b8060e2e9,2021-10,Staffordshire Police,Staffordshire Police,-2.177512,53.007354,On or near INGLIS STREET,E01014284,Stoke-on-Trent 016F,Investigation complete; no suspect identified
c0934b5aac4f8919278e361c093f4c45df80c952f189e72745abe4c575e3430a,2021-10,Staffordshire Police,Staffordshire Police,-2.170890,52.968243,On or near Sports/Recreation Area,E01014236,Stoke-on-Trent 032B,Suspect charged
b250d76fa53ca02049c611941e3baae7ece6b0f370b2adf4449ebe22f3724002,2021-10,Staffordshire Police,Staffordshire Police,-2.118253,52.787594,On or near BURTON SQUARE,E01029727,Stafford 013D,Investigation complete; no suspect identified
1387cb20f91c6c2f010c395c16016bd672bbd2a168057240dc138aacbdeffb8f,2021-10,Staffordshire Police,Staffordshire Police,-2.093574,52.763947,On or near MOOR CLOSE,E01029656,South Staffordshire 001B,Suspect charged as part of another case
fc1936afa877d2ca0f07ce14b5cd5369d069651afc536191ca697f4391c83cdc,2021-10,Staffordshire Police,Staffordshire Police,-2.095666,52.758489,On or near NASH LANE,E01029656,South Staffordshire 001B,Suspect charged as part of another case
5c130158b5fedcf4051b7398ecc15529060ada6d96c4184471ef4122d9f6e074,2021-10,Staffordshire Police,Staffordshire Police,-1.649217,52.810338,On or near SHOBNALL STREET,E01029446,East Staffordshire 009B,Unable to prosecute suspect
1e6fd165657c347910701c9813054889421725a15398b9eacb3bfe50026968a1,2021-10,Staffordshire Police,Staffordshire Police,-2.159948,53.053206,On or near OAKFIELD CLOSE,E01014267,Stoke-on-Trent 007E,Investigation complete; no suspect identified
8de67bae7d6417ca1cc6564ea4253c670bb3b064b0b0adf29d467573b7b602e6,2021-10,Staffordshire Police,Staffordshire Police,-2.201175,52.987361,On or near ELPHINSTONE ROAD,E01014343,Stoke-on-Trent 023D,Investigation complete; no suspect identified
9aa9f55880800628a61a4c983f8fb99ccf1aa2683a815e541cd742941a56249a,2021-10,Staffordshire Police,Staffordshire Police,-2.175775,53.049309,On or near JUPITER STREET,E01014266,Stoke-on-Trent 008B,Unable to prosecute suspect
3b0de83c817c012c55f99487821c36fc70b16d7860d217520da296f92ff20278,2021-10,Staffordshire Police,Staffordshire Police,-2.175775,53.049309,On or near JUPITER STREET,E01014266,Stoke-on-Trent 008B,Unable to prosecute suspect
8dd58c31fd2e99b9c1d0dfd36decc6b44d51b19f4eeff825dcdb257fbdb653f7,2021-10,Staffordshire Police,Staffordshire Police,-1.655937,52.599487,On or near CAREY,E01029868,Tamworth 010D,Investigation complete; no suspect identified
cae49c625c4dbfa248e44787aaff32da95337a0fcfa468b8c1306c05087976b4,2021-10,Staffordshire Police,Staffordshire Police,-2.036378,52.686165,On or near BEECH TREE LANE,E01029365,Cannock Chase 011C,Investigation complete; no suspect identified
8e8abaa4311d61c220bfd1540058e55f64cd2e2a745dcf5ab4694e43833efd2e,2021-10,Staffordshire Police,Staffordshire Police,-1.625468,52.696026,On or near TUDOR RISE,E01029516,Lichfield 008A,Investigation complete; no suspect identified
d7479037f231c473ba5821b1e2400ff32c3d9585b177219a7510bf428fe02b04,2021-10,Staffordshire Police,Staffordshire Police,-2.165563,53.008217,On or near LORDSHIP LANE,E01014276,Stoke-on-Trent 020C,Investigation complete; no suspect identified
ed82aaa9380bb4e155f6d00a457d0acac65a9c52979f3b003d1403a36f67fb78,2021-10,Staffordshire Police,Staffordshire Police,-2.168230,53.030758,On or near TIERNEY STREET,E01014330,Stoke-on-Trent 013E,Investigation complete; no suspect identified
a2c09cd5124be91dc8208d6aa921119213eda72da084b9467eb5e7b02c08a031,2021-10,Staffordshire Police,Staffordshire Police,-2.182041,53.088160,On or near FISHER STREET,E01014257,Stoke-on-Trent 001A,Unable to prosecute suspect
e1a37f55b809fdd3c5529ab2aa37930aa8bdae85a5a7795a3dab867209479922,2021-10,Staffordshire Police,Staffordshire Police,-1.927182,52.690211,On or near LONGFELLOW ROAD,E01029487,Lichfield 006A,Unable to prosecute suspect
1cb6303faded0c36d95c44595e3c1bb778c6a76669f8d57d4e79313521ed8355,2021-10,Staffordshire Police,Staffordshire Police,-1.968548,52.710555,On or near KEMPTON CLOSE,E01029400,Cannock Chase 006D,Investigation complete; no suspect identified
decfd85f901bcc6512697bcc4c44cf702090da14ece48711600b8382677fd4c5,2021-10,Staffordshire Police,Staffordshire Police,-2.172586,53.012683,On or near MAWSON GROVE,E01014282,Stoke-on-Trent 016D,Investigation complete; no suspect identified
a6479d0e38f5c7941d5c60836d0bf9c0601499a1b2e21ca5a6e70e39cfdfa221,2021-10,Staffordshire Police,Staffordshire Police,-2.118131,52.802607,On or near Sports/Recreation Area,E01029701,Stafford 010E,Investigation complete; no suspect identified
2a8c6ecbe4ad2176c817ca0951a4808edc1d243e3338d7c2ec21b201e10a4b3c,2021-10,Staffordshire Police,Staffordshire Police,-2.093464,52.995612,On or near CROSS STREET,E01014369,Stoke-on-Trent 024D,Suspect charged
2b75c1ee8a9f33a16e853d2f7dbc9056046978d8c39e2134dc6e3f53fb95fd89,2021-10,Staffordshire Police,Staffordshire Police,-1.818784,52.671649,On or near LONG BRIDGE ROAD,E01029518,Lichfield 007D,Investigation complete; no suspect identified
ba65258b74dcb2185575f4537e1b10b99ace5f3e5aee38c33c98d68e6686dee5,2021-10,Staffordshire Police,Staffordshire Police,-2.113924,53.076082,On or near THE AVENUE,E01029776,Staffordshire Moorlands 008C,Further action is not in the public interest
99936f522253f89147b0c1e35b9754f45257a91354679b896504f7229701e3de,2021-10,Staffordshire Police,Staffordshire Police,-2.012809,52.724744,On or near MENDIP ROAD,E01029390,Cannock Chase 004D,Unable to prosecute suspect
e791588cc5bdf9cda99265bf4fffef173010907ce8e63996aadfd027d5eae64b,2021-10,Staffordshire Police,Staffordshire Police,-2.211914,53.057116,On or near MADEIRA PLACE,E01014354,Stoke-on-Trent 005A,Unable to prosecute suspect
0746e2c6ad80a5ab952502c1e7c912818e071f1dae3217176e9980caa1b2d85a,2021-10,Staffordshire Police,Staffordshire Police,-2.008789,53.114268,On or near HORSECROFT GROVE,E01029809,Staffordshire Moorlands 001D,Further action is not in the public interest
d8157946bf9e2588c000d6dfdfe23784b6465dddb989745cc776580dc8be8a48,2021-10,Staffordshire Police,Staffordshire Police,-1.667866,52.628918,On or near MACGREGOR CRESCENT,E01029832,Tamworth 004C,Investigation complete; no suspect identified
0cf0a0f30688bc0c07c497e3d04202dd64fa1a0db9684cf8ccc14588185d25b8,2021-10,Staffordshire Police,Staffordshire Police,-2.221074,52.709732,On or near MILL LANE,E01029669,South Staffordshire 003D,Investigation complete; no suspect identified
fe5aea1f0fe3a1feeb42684c1417be288e4a9e1eddfb52b512cc9c84ce6895f7,2021-10,Staffordshire Police,Staffordshire Police,-1.657085,52.607599,On or near CURLEW,E01029865,Tamworth 008E,Investigation complete; no suspect identified
6b9f082a952b7ec7e64a17b43c83d49f3014200d1681771df438fac681286ccf,2021-10,Staffordshire Police,Staffordshire Police,-1.918474,52.679265,On or near MOOR CLOSE,E01029528,Lichfield 010C,Unable to prosecute suspect
5aca452c055f2c29b54abb8bfb486e10f69c7e211041c87d16fc75ac7f271d67,2021-10,Staffordshire Police,Staffordshire Police,-1.868958,52.900327,On or near ALEXANDRA CRESCENT,E01029462,East Staffordshire 003D,Investigation complete; no suspect identified
3d6b71dfa50a2b104695e05938fb0a9dc68e55c6974b7d4fa98d6ef740caf3e9,2021-10,Staffordshire Police,Staffordshire Police,-2.012104,52.690269,On or near EASTERN WAY,E01029375,Cannock Chase 010A,Investigation complete; no suspect identified
3d858b8ce1f3177cece5145d6accb5eb1291859f4106b69594b5275f36a44c86,2021-10,Staffordshire Police,Staffordshire Police,-2.221753,52.979935,On or near GLENDALE COURT,E01033257,Newcastle-under-Lyme 015H,Investigation complete; no suspect identified
495d25e56285d6d287631e9e9ffcd3b67b28df4bbdb6b713476417dc014787a2,2021-10,Staffordshire Police,Staffordshire Police,-2.193844,53.030152,On or near Petrol Station,E01014285,Stoke-on-Trent 015B,Local resolution
3d6822570acde70ed0293124d1fbdf3914e99c88a26cb213a6968b9257655ff1,2021-10,Staffordshire Police,Staffordshire Police,-2.157780,52.998995,On or near PARK PLACE,E01014274,Stoke-on-Trent 020A,Investigation complete; no suspect identified
a1ed4b50388c1cfbe04548ea48c82aa3126fe4e6d5fa46d6eb5a2a3204d22b13,2021-10,Staffordshire Police,Staffordshire Police,-2.125795,53.016293,On or near HUTTON WAY,E01014220,Stoke-on-Trent 017A,Investigation complete; no suspect identified
e44135337b0dc4c1b188d4995c81b1bcc9abdd15b763c110e40aebbe7cd7c6e6,2021-10,Staffordshire Police,Staffordshire Police,-2.025604,52.677088,On or near WALSALL ROAD,E01029359,Cannock Chase 012A,Investigation complete; no suspect identified
1a9e354101220a8d23248f12a15afb423d4fa25e78077ae2050a270dfd13d4a4,2021-10,Staffordshire Police,Staffordshire Police,-1.699214,52.620641,On or near CRUTCHLEY AVENUE,E01029837,Tamworth 005B,Investigation complete; no suspect identified
ce0bf50044dad11ca348563c6f7303bd6fcfb26ed293a3a0a4e541ec667f219d,2021-10,Staffordshire Police,Staffordshire Police,-2.199021,53.046935,On or near GREENHEAD STREET,E01014251,Stoke-on-Trent 009C,Investigation complete; no suspect identified
d920750daf6485711fee51d91cc01923a3570fb6889734ab2a1367aa3d2fa3db,2021-10,Staffordshire Police,Staffordshire Police,-2.153984,53.041708,On or near BOUVERIE PARADE,E01014269,Stoke-on-Trent 010A,Investigation complete; no suspect identified
407e809bf6067191ddb296104fdab8a170822e302b21e18fb4c7b342cf0b6b1f,2021-10,Staffordshire Police,Staffordshire Police,-2.174846,53.022424,On or near Parking Area,E01014287,Stoke-on-Trent 015D,Investigation complete; no suspect identified
6104d3de99d13c316cf63321196e207269141531e9952895f5abeff7a57b9a16,2021-10,Staffordshire Police,Staffordshire Police,-2.114466,52.785360,On or near Supermarket,E01029729,Stafford 016B,Investigation complete; no suspect identified
bcb9b6dcad3de301bbc74aa0e911aa05e9f35a701020d7ab0cb90bfc7b307d14,2021-10,Staffordshire Police,Staffordshire Police,-2.095197,52.760727,On or near TOP ROAD,E01029656,South Staffordshire 001B,Suspect charged as part of another case
c840366e5947390576d53c729f07c8eb260db68b38fb458da2e229e59b9299be,2021-10,Staffordshire Police,Staffordshire Police,-1.644151,52.802106,On or near ANGLESEY ROAD,E01029408,East Staffordshire 011B,Action to be taken by another organisation
040c24a69d186008b3764112be8a196360d6f5a3e16d0c91d2a98001013a18bc,2021-10,Staffordshire Police,Staffordshire Police,-1.699214,52.620641,On or near CRUTCHLEY AVENUE,E01029837,Tamworth 005B,Investigation complete; no suspect identified
dd7c4008bdae310df88bf7465000dd7d4d696a65875fdaf8a7112de4e7b9c9c2,2021-10,Staffordshire Police,Staffordshire Police,-2.048132,52.679616,On or near Petrol Station,E01029361,Cannock Chase 012C,Investigation complete; no suspect identified
17de46396dde32d29dea34c6b3721701bcffd97c1eb4dca3f9f86eaac8219e3d,2021-10,Staffordshire Police,Staffordshire Police,-2.106608,52.767118,On or near A449,E01029656,South Staffordshire 001B,Suspect charged as part of another case
00a24f967455affce48240306b4dbc92c8c46158e867c15f1e237ac4aac979c7,2021-10,Staffordshire Police,Staffordshire Police,-1.711948,52.636234,On or near GAGARIN,E01029850,Tamworth 002D,Investigation complete; no suspect identified
1992a212d04b6d6aacd77aec7faa2388eaddd6d8281ad2fa29cf646b73b600f6,2021-10,Staffordshire Police,Staffordshire Police,-2.176351,53.025811,On or near STAFFORD STREET,E01014287,Stoke-on-Trent 015D,Investigation complete; no suspect identified
413d1f3158c30d98fbd3a85bae34e31b8fb74ab234616c7b63bf909966602997,2021-10,Staffordshire Police,Staffordshire Police,-2.092985,52.980753,On or near BROOKWOOD DRIVE,E01014367,Stoke-on-Trent 028C,Unable to prosecute suspect
b0f6a696e0b9867c8c44b88a4f76841da5bfe5c621d6d979d2344f1a1166b10d,2021-10,Staffordshire Police,Staffordshire Police,-2.097448,52.985136,On or near MACDONALD CRESCENT,E01014364,Stoke-on-Trent 024B,Suspect charged
3a75d922ce9c9a049383ad6ab37fcc527ac1b8a129e281fd5db522f52ae34238,2021-10,Staffordshire Police,Staffordshire Police,-2.097448,52.985136,On or near MACDONALD CRESCENT,E01014364,Stoke-on-Trent 024B,Suspect charged
559563117bb7e728249b34637c96429e177597a38eed021d4cb882f1fa8e60b3,2021-10,Staffordshire Police,Staffordshire Police,-2.105416,52.795014,On or near Shopping Area,E01029734,Stafford 016C,Investigation complete; no suspect identified
150856e7e8e1a41848f7db027a1b339602866a1e50d359199a4b87686ca3b5aa,2021-10,Staffordshire Police,Staffordshire Police,-2.177415,53.027185,On or near NEW HALL STREET,E01014287,Stoke-on-Trent 015D,Investigation complete; no suspect identified
f6c0995669f8c604e453b8f59c879d116f35d60c47552cfc6863d3332e83ff45,2021-10,Staffordshire Police,Staffordshire Police,-2.206999,53.058904,On or near THE BOULEVARD,E01014355,Stoke-on-Trent 005B,Investigation complete; no suspect identified
69342cfb5605087924f5c1d4f607f9e0fa0cd3214e0888f3dbbe88a52f9de0b8,2021-10,Staffordshire Police,Staffordshire Police,-1.843366,52.674884,On or near Supermarket,E01029512,Lichfield 007C,Investigation complete; no suspect identified
61096ec97b2fa9f30c892f37336dd6f63a10c2fc5d1e2d4ccc6e31e9c7b3f465,2021-10,Staffordshire Police,Staffordshire Police,-2.079663,52.807224,On or near TIXALL ROAD,E01029732,Stafford 011E,Investigation complete; no suspect identified
1256a3379fd3c1d8318031b12e843550fb1c8cc278e033e3e6002ef59164e8bd,2021-10,Staffordshire Police,Staffordshire Police,-2.200145,53.044938,On or near PACK HORSE LANE,E01014251,Stoke-on-Trent 009C,Suspect charged
4afea2255ad4ab9798591c54776dbde6651df47d6e5f8b822bfe809e7320a3e6,2021-10,Staffordshire Police,Staffordshire Police,-2.200145,53.044938,On or near PACK HORSE LANE,E01014251,Stoke-on-Trent 009C,Suspect charged
d7fe8d02d52f763cd54d32f5cfed54fb3154661d260cd385e6137df913547259,2021-10,Staffordshire Police,Staffordshire Police,-2.225155,52.998455,On or near KENTMERE PLACE,E01029607,Newcastle-under-Lyme 014F,Investigation complete; no suspect identified
7efcb64e29bbe12cc65e0d2a061de68c4a825fc2c798b755dc2b5a99ee47ee61,2021-10,Staffordshire Police,Staffordshire Police,-2.173475,53.026139,On or near Shopping Area,E01014287,Stoke-on-Trent 015D,Suspect charged
286b695fa08b4a8ffd0ac0c4be5580a70c65d8610df594e3acd182240bfcb3c4,2021-10,Staffordshire Police,Staffordshire Police,-2.200145,53.044938,On or near PACK HORSE LANE,E01014251,Stoke-on-Trent 009C,Suspect charged
bbc61070247a8eeac484df1c7d1de530f82cce981b48445a2a285b2c739f1e09,2021-10,Staffordshire Police,Staffordshire Police,-2.237979,53.019096,On or near RONALDSWAY DRIVE,E01029554,Newcastle-under-Lyme 010B,Investigation complete; no suspect identified
a607fdfded55c5e9de87ab1932d3d2a81eca4048d866adb1d4f70aa2136b1538,2021-10,Staffordshire Police,Staffordshire Police,-1.630384,52.804204,On or near WORTHINGTON WAY,E01032896,East Staffordshire 011F,Investigation complete; no suspect identified
143a4406012f9b713895c2016a0f1096d2dcf3fb12a7927e648e3889d2356422,2021-10,Staffordshire Police,Staffordshire Police,-1.981400,53.018803,On or near DOVEDALE ROAD,E01029796,Staffordshire Moorlands 010D,Investigation complete; no suspect identified
3f271d4d6bfcb03c9c1e94d32b854f178cdd46472247d2da9c869655a48e7331,2021-10,Staffordshire Police,Staffordshire Police,-2.264663,53.014438,On or near DUKE PLACE,E01029594,Newcastle-under-Lyme 012C,Unable to prosecute suspect
34d58e04e19d992fd59b3a1f959efd79d5f55c25fe81bcdec0d71c48b06508bb,2021-10,Staffordshire Police,Staffordshire Police,-2.108173,52.770910,On or near MOSSPIT,E01029656,South Staffordshire 001B,Suspect charged as part of another case
eed7a136cdb02022f59fb5538d6d567e79884153eb25c6fc8870aa07dd0bd4da,2021-10,Staffordshire Police,Staffordshire Police,-2.180045,53.010704,On or near ASHFORD STREET,E01014284,Stoke-on-Trent 016F,Investigation complete; no suspect identified
ffd856bc41e321b55e34f1759c36b6802a0770746ce4e3b05873375d5f8af0af,2021-10,Staffordshire Police,Staffordshire Police,-1.590049,52.799720,On or near BLUE CEDARS DRIVE,E01029418,East Staffordshire 012A,Investigation complete; no suspect identified
4d1d1dc4c0bc987fe53771f06c9d2fd6ed7a12710333261eb76d1b4147f9a09a,2021-10,Staffordshire Police,Staffordshire Police,-2.140113,52.899048,On or near BIRCH ROAD,E01029740,Stafford 003A,Unable to prosecute suspect
3159609eefab0087b38388721518b962f3cccfacf41efb63084ccd925531b1b3,2021-10,Staffordshire Police,Staffordshire Police,-1.918725,52.743137,On or near BRERETON MANOR COURT,E01029348,Cannock Chase 003D,Further investigation is not in the public interest
840a9b230495793970e6f18c05283e393790da1862eb30d5612bdfdfc74390ec,2021-10,Staffordshire Police,Staffordshire Police,-2.286805,53.049165,On or near ELM TREE DRIVE,E01029534,Newcastle-under-Lyme 005C,Investigation complete; no suspect identified
d784181c9f40603871c1b03f4cd9c68c71aae52c6c44aba2f15aedf5d8a656b2,2021-10,Staffordshire Police,Staffordshire Police,-2.139275,52.994605,On or near GOLDENHILL ROAD,E01014278,Stoke-on-Trent 021B,Investigation complete; no suspect identified
81690f6e1e7052d7f0f74f8cd91bbdd7f613849c1975713739bd4b8b50de89ad,2021-10,Staffordshire Police,Staffordshire Police,-1.698607,52.644453,On or near THACKERAY DRIVE,E01029849,Tamworth 002C,Investigation complete; no suspect identified
c6c084cf63521e58f5a67759f8ce1ff873c37d8ae02a118aea0185aea0f51927,2021-10,Staffordshire Police,Staffordshire Police,-2.180744,53.024627,On or near PARKER STREET,E01014287,Stoke-on-Trent 015D,Investigation complete; no suspect identified
430c31c5736ecd909df8b9a6945c00c22f5ddb002af944065ddfd534af0e6e31,2021-10,Staffordshire Police,Staffordshire Police,-2.131476,52.997032,On or near BEESTON STREET,E01014300,Stoke-on-Trent 022C,Unable to prosecute suspect
72a78481159305c41b8652e5a36328c3da9f5376722923fd94b16d623dc2dc17,2021-10,Staffordshire Police,Staffordshire Police,-1.839221,52.671930,On or near WATERLOO CROFT,E01029518,Lichfield 007D,Investigation complete; no suspect identified
b16603e105395c6e625df41a031faa3c728e2bd9063d35c1878239f93c8dff73,2021-10,Staffordshire Police,Staffordshire Police,-2.186951,52.715248,On or near MERCIAN WAY,E01029668,South Staffordshire 003C,Investigation complete; no suspect identified
5a0250b472991eff29f28076bae1dd39c934d2e9b9d3ae35dcbead9ead56d157,2021-10,Staffordshire Police,Staffordshire Police,-2.131476,52.997032,On or near BEESTON STREET,E01014300,Stoke-on-Trent 022C,Formal action is not in the public interest
8b75d84323a4bbdb3f1ea2d9d0ccafa432bf79e2bb20c44e3c0aaae3da708d95,2021-10,Staffordshire Police,Staffordshire Police,-2.217661,53.031046,On or near NELSON STREET,E01029612,Newcastle-under-Lyme 009E,Unable to prosecute suspect
bdc64f6d9af924be868fe3d50353ed90cd9d9fe92cce281115e24cd59f21f629,2021-10,Staffordshire Police,Staffordshire Police,-1.639193,52.610468,On or near GREEN LANE,E01029855,Tamworth 008A,Unable to prosecute suspect
497da6750d570d87f517bcce9215ad0043163294af24e93ff1e760728102ff1c,2021-10,Staffordshire Police,Staffordshire Police,-1.650743,52.819889,On or near IBSTOCK STREET,E01029435,East Staffordshire 007B,Investigation complete; no suspect identified
d34a5a2c35d3fd27a6b2017f42ff00179509383e095bf7dd05360b078423936a,2021-10,Staffordshire Police,Staffordshire Police,-1.833602,52.695106,On or near NEEDWOOD HILL,E01029492,Lichfield 004A,Unable to prosecute suspect
c9bdacdb2b0e8440a337693e5d9c0fd17dda19e5ecb4a3ec34f9473dbd6ed209,2021-10,Staffordshire Police,Staffordshire Police,-2.178264,53.048694,On or near A5272,E01014266,Stoke-on-Trent 008B,Unable to prosecute suspect
626743a5e3ffc4ff99e577852680b93f155c6b5fa06c40fea3d89392d2231d97,2021-10,Staffordshire Police,Staffordshire Police,-2.197483,52.978162,On or near LEVESON ROAD,E01014353,Stoke-on-Trent 030D,Investigation complete; no suspect identified
d17174c7729553d8b78c2cb60f2f42aef89949c0748991e4cb28f57388c1f1a7,2021-10,Staffordshire Police,Staffordshire Police,-2.245148,53.016358,On or near STANTON CLOSE,E01029566,Newcastle-under-Lyme 010C,Investigation complete; no suspect identified
03e6e9a73244f4e58205bf0aa601c7a5eb00aad2e82005a23b62a220e4d29a0a,2021-10,Staffordshire Police,Staffordshire Police,-1.635149,52.803814,On or near Supermarket,E01032896,East Staffordshire 011F,Investigation complete; no suspect identified
47f28be84fa5ef4e424fc02c130d12149f67a851e32468bc71eb79251a8efee0,2021-10,Staffordshire Police,Staffordshire Police,-2.178539,52.967297,On or near LINDUM AVENUE,E01014351,Stoke-on-Trent 034C,Unable to prosecute suspect
23d561ea298e45982801bb350186f37afd3f75f6be4c15f77c59ee28921ec58d,2021-10,Staffordshire Police,Staffordshire Police,-2.209536,52.994412,On or near Petrol Station,E01014341,Stoke-on-Trent 023B,Investigation complete; no suspect identified
539c11997d15275982efa80fb79d6cb288b07475ecc3bc491602fc92d316ef6c,2021-10,Staffordshire Police,Staffordshire Police,-2.148862,52.814708,On or near GREENSOME CRESCENT,E01029752,Stafford 007E,Investigation complete; no suspect identified
929cc63fba936dfce4ff625136f9e94a03edf09b1f4272a8bf66842a845842c2,2021-10,Staffordshire Police,Staffordshire Police,-2.033844,52.699200,On or near BEVAN LEE ROAD,E01029356,Cannock Chase 007C,Unable to prosecute suspect
deb659192064f1e3de3469001daef74137f4f05790fbd9d467b88d0fb0cc86ab,2021-10,Staffordshire Police,Staffordshire Police,-2.090491,52.984485,On or near MANN STREET,E01014366,Stoke-on-Trent 028B,Investigation complete; no suspect identified
45e27ea533d70c3895b919e902818378a4cebe4d689698ecb467d54cf3d0798f,2021-10,Staffordshire Police,Staffordshire Police,-1.701263,52.645098,On or near MILTON AVENUE,E01029849,Tamworth 002C,Unable to prosecute suspect
6aff5f6530c62e545f49642572aba9af793bf59034ab09f0094162ace0229587,2021-10,Staffordshire Police,Staffordshire Police,-2.197033,53.049312,On or near BYCARS ROAD,E01014247,Stoke-on-Trent 009A,Investigation complete; no suspect identified
995bb0b06cc608cc5a73cba5d1945376e37525a9320a67d9b8da4d9813e0c037,2021-10,Staffordshire Police,Staffordshire Police,-2.115960,52.806277,On or near ST CHAD'S PLACE,E01029701,Stafford 010E,Investigation complete; no suspect identified
5fd57fc3606d7d27339d3bf7667babe6a78ac661a23e8c621bae76daf88cf496,2021-10,Staffordshire Police,Staffordshire Police,-2.174409,52.995305,On or near RIDLEY STREET,E01014277,Stoke-on-Trent 020D,Investigation complete; no suspect identified
62fce6e6d380f3c9aac8367f2fd3273c9881934c74e66c7f9c6b29b21a553763,2021-10,Staffordshire Police,Staffordshire Police,-1.826283,52.682448,On or near Theatre/Concert Hall,E01029526,Lichfield 004E,Investigation complete; no suspect identified
db5c03fab17dfd7b703974183402389e9ef995a17178fa0424831fc7bfb93f63,2021-10,Staffordshire Police,Staffordshire Police,-1.816412,52.694281,On or near BOWER CLOSE,E01029525,Lichfield 005G,Investigation complete; no suspect identified
545cc8b8b70fbac96562e0ccdf4bc3228cfde7283e702025ad6b6f640edadd9c,2021-10,Staffordshire Police,Staffordshire Police,-2.163716,52.972937,On or near KEARSLEY WAY,E01014237,Stoke-on-Trent 032C,Unable to prosecute suspect
0aaad717147afeb0c752cd1b930168d41f2edab4288d9ef2566c50e4894b9270,2021-10,Staffordshire Police,Staffordshire Police,-2.133158,52.996688,On or near FIELD PLACE,E01014298,Stoke-on-Trent 022B,Investigation complete; no suspect identified
cd51ef4bbb347438b7110b9c633471f6c686093dfac6c3c38e5763d711d0ea51,2021-10,Staffordshire Police,Staffordshire Police,-2.202743,52.991376,On or near KEELINGS DRIVE,E01014342,Stoke-on-Trent 023C,Investigation complete; no suspect identified
f6568a7620007028ae0f4e139ef770715fe5dc34aadf67a782516f4cf3747e63,2021-10,Staffordshire Police,Staffordshire Police,-1.992184,52.980762,On or near THE SIDINGS,E01029787,Staffordshire Moorlands 011D,Action to be taken by another organisation
97702cdc94a993bf4d9a1028da9ff6a994feed9cbeda77772e128365520dc449,2021-10,Staffordshire Police,Staffordshire Police,-2.210927,53.059751,On or near HAYMARKET,E01014361,Stoke-on-Trent 005D,Investigation complete; no suspect identified
db4e46a36502df2ec7ad730fdd2695bd2c4b6752ab28cfb7bf54cc8606ca608e,2021-10,Staffordshire Police,Staffordshire Police,-2.149932,52.897076,On or near Petrol Station,E01029756,Stafford 003F,Investigation complete; no suspect identified
55f6de2c433943fd1b921ca53acf85a53b61431cc7a2e466949ff0c5514010d1,2021-10,Staffordshire Police,Staffordshire Police,-2.188142,53.004812,On or near PUMP STREET,E01014345,Stoke-on-Trent 019E,Investigation complete; no suspect identified
a1d8e7bafa40f0672606428ee98028dfdcd58bc1a998a08e4fb238a3673fc60b,2021-10,Staffordshire Police,Staffordshire Police,-2.119581,53.000802,On or near ANCHOR ROAD,E01014229,Stoke-on-Trent 017F,Investigation complete; no suspect identified
d3d07b7415f554ab18fde037fe69cafaa3e29db99a65ebfea0a9c01519399d95,2021-10,Staffordshire Police,Staffordshire Police,-2.040108,52.703918,On or near STALEY CROFT,E01029648,South Staffordshire 002D,Unable to prosecute suspect
5e704661cf3edcb6dfee7a26cb1870683c675df5638f924defc94c699239dcb3,2021-10,Staffordshire Police,Staffordshire Police,-2.115071,52.974378,On or near DOVECOTE PLACE,E01014314,Stoke-on-Trent 031B,Investigation complete; no suspect identified
f014facaadc417a7bcabc25c9f016e071b2e3e9af7df0e8fd983bbd6974fc2d5,2021-10,Staffordshire Police,Staffordshire Police,-2.118734,52.811533,On or near GAOL ROAD,E01029701,Stafford 010E,Investigation complete; no suspect identified
1c07e498db79cb402088dfa9a5722431d7005141389df9743b9ab5f7ecebedac,2021-10,Staffordshire Police,Staffordshire Police,-1.816412,52.694281,On or near BOWER CLOSE,E01029525,Lichfield 005G,Investigation complete; no suspect identified
bcbc9804cfea4574346f9a63cd6941933252272f56ffbef07fb3bde7cc25c754,2021-10,Staffordshire Police,Staffordshire Police,-1.596480,52.802026,On or near ASHBY ROAD,E01029468,East Staffordshire 010A,Investigation complete; no suspect identified
87fa100b666ca310c7527e81d573da708688bb9179e8cf63a019ef945bf4ea41,2021-10,Staffordshire Police,Staffordshire Police,-2.018202,52.698125,On or near HEATH GAP ROAD,E01029351,Cannock Chase 008C,Investigation complete; no suspect identified
a1bd9bd8146773126bb009f1cf9a7f3475960b8c50cb975630115edce7c988cb,2021-10,Staffordshire Police,Staffordshire Police,-2.090200,52.980872,On or near PENNINGTON CLOSE,E01014367,Stoke-on-Trent 028C,Investigation complete; no suspect identified
dc59cabb3dcb2e2a71b72581bac36ca324f309da826c86e793c01879691bd256,2021-10,Staffordshire Police,Staffordshire Police,-2.185465,53.033806,On or near DOUGLAS STREET,E01014254,Stoke-on-Trent 011C,Investigation complete; no suspect identified
915606feb17af7becfa1db173d90c9cb59ea7be43131e36cdbe30e53a897e7b3,2021-10,Staffordshire Police,Staffordshire Police,-1.644083,52.810457,On or near RICHMOND STREET,E01029445,East Staffordshire 009A,Investigation complete; no suspect identified
3f52facdff39fa7e27d21ac2a824bd77fba2203685223291860dfe9b1843ea71,2021-10,Staffordshire Police,Staffordshire Police,-2.196075,53.045430,On or near SWAN SQUARE,E01014251,Stoke-on-Trent 009C,Local resolution
a8cb798c132ac67f26beaa7d7858e9edd53e0297bf49f72b3b06c3ed441d0ecf,2021-10,Staffordshire Police,Staffordshire Police,-2.109503,52.786884,On or near SIDNEY AVENUE,E01029734,Stafford 016C,Investigation complete; no suspect identified
39ef1249ac18582b24ef7e641e4ad9bbc8af4547e1c3fcf23b4d0d4f7131123a,2021-10,Staffordshire Police,Staffordshire Police,-1.924766,52.684241,On or near CUMBERLAND CRESCENT,E01029489,Lichfield 009C,Investigation complete; no suspect identified
5b41a4d0ca5134db1344a88a0b24573feb4efc8c45589334a4a05cdb9d0c6f8e,2021-10,Staffordshire Police,Staffordshire Police,-2.190604,53.049430,On or near HAMIL ROAD,E01014247,Stoke-on-Trent 009A,Investigation complete; no suspect identified
f6f2c26fd4be6524f6f5f81ad8e92456beed9affac68d9ff3273fe091cf82df7,2021-10,Staffordshire Police,Staffordshire Police,-2.141762,53.030523,On or near ABBEY ROAD,E01014213,Stoke-on-Trent 012D,Investigation complete; no suspect identified
b87d899297b92fafb405de05f9129914568988f1153a909f68944c2ab4cc44c8,2021-10,Staffordshire Police,Staffordshire Police,-2.041331,52.713429,On or near OAKLANDS CLOSE,E01029648,South Staffordshire 002D,Investigation complete; no suspect identified
234d4afdc2734a4d117fdbc319cfb812efd8c5050f0138a2559bd7c8c3c36250,2021-10,Staffordshire Police,Staffordshire Police,-2.161853,52.908918,On or near Petrol Station,E01029744,Stafford 003B,Investigation complete; no suspect identified
919e274933399320942acd96e2a42ad8b543b8498ed0a85b9899ead289165a86,2021-10,Staffordshire Police,Staffordshire Police,-2.186060,52.537234,On or near Petrol Station,E01029671,South Staffordshire 012A,Investigation complete; no suspect identified
c6fdc5ee3fe0155b12672d6db20786ec617ddd18f537156448dfb564e689617a,2021-10,Staffordshire Police,Staffordshire Police,-2.186218,52.536227,On or near WINDMILL BANK,E01029676,South Staffordshire 012C,Investigation complete; no suspect identified
ee4ace7559e52eae759f8db20cad726af8e7b052944f5218d12a6ff4bef4e5df,2021-10,Staffordshire Police,Staffordshire Police,-1.633723,52.800510,On or near Shopping Area,E01032896,East Staffordshire 011F,Suspect charged
e504bd68704e146cbf88a6ad418cf09d0ab52563af61a3b8b257d87393451d5a,2021-10,Staffordshire Police,Staffordshire Police,-1.936589,52.753162,On or near CURZON PLACE,E01029373,Cannock Chase 002B,Investigation complete; no suspect identified
9e2a611c20ea3b10cb72c51d97c128bb1bcd87f26dd2fa627daa6de2068de8fe,2021-10,Staffordshire Police,Staffordshire Police,-1.841633,52.687737,On or near Supermarket,E01032899,Lichfield 004F,Investigation complete; no suspect identified
50085cc0f537eff0c11fa6bb95bd4a2d3b2bb287881b7821f445fe930bd0bdf8,2021-10,Staffordshire Police,Staffordshire Police,-2.220152,53.031212,On or near SILVERDALE ROAD,E01029609,Newcastle-under-Lyme 008D,Investigation complete; no suspect identified
48986226ca1e9bceb6665ec8cd3a639965aee5ee5c2c7557ee2c0caedb562c56,2021-10,Staffordshire Police,Staffordshire Police,-2.205865,53.058942,On or near Pedestrian Subway,E01014356,Stoke-on-Trent 005C,Investigation complete; no suspect identified
6f5418dbd7e988895eaacb7660fc17a9a3eda7d3542be2af8d88d4dff599355e,2021-10,Staffordshire Police,Staffordshire Police,-2.141123,52.990315,On or near Petrol Station,E01014302,Stoke-on-Trent 022D,Investigation complete; no suspect identified
434cc168edbf29156e74a125390f2ffd4057fe21b44763c241fffb7e873354e4,2021-10,Staffordshire Police,Staffordshire Police,-2.110171,52.816449,On or near EDISON ROAD,E01029692,Stafford 009A,Investigation complete; no suspect identified
7956cabd63ab5aff8b780d7acff272979d28e285cc34861f86635ce7ced16f9d,2021-10,Staffordshire Police,Staffordshire Police,-2.178539,52.967297,On or near LINDUM AVENUE,E01014351,Stoke-on-Trent 034C,Investigation complete; no suspect identified
7990c0082463e37d24bfa1e75d4f5ecb5f63fde893997095d2823bcc463218b1,2021-10,Staffordshire Police,Staffordshire Police,-1.983633,52.986443,On or near WELL STREET,E01029783,Staffordshire Moorlands 011B,Investigation complete; no suspect identified
45c8a899a378806b60a9c90bbfdac8b5820fd52d8a3ea40e142665afaf2f69ab,2021-10,Staffordshire Police,Staffordshire Police,-1.860399,52.899112,On or near TOWN MEADOWS WAY,E01029460,East Staffordshire 003B,Investigation complete; no suspect identified
9333b4bee7d2584ecf5f0f0ada448797ab1d487cc6189ecbc183af6720cafab0,2021-10,Staffordshire Police,Staffordshire Police,-1.693834,52.636000,On or near Parking Area,E01029835,Tamworth 002A,Investigation complete; no suspect identified
37818b36ab6e439120cca690c991a99cf31038304d263fbe5a89823603cca635,2021-10,Staffordshire Police,Staffordshire Police,-2.202417,53.007818,On or near WILFRED PLACE,E01014290,Stoke-on-Trent 018C,Unable to prosecute suspect
6e66b429e52ca96fae89e676554e22b7fd0fe0044625eb2ff000d045b758f964,2021-10,Staffordshire Police,Staffordshire Police,-2.202417,53.007818,On or near WILFRED PLACE,E01014290,Stoke-on-Trent 018C,Unable to prosecute suspect
9105732d6ba510d707b444401a1cb31ba14c4fea57de545ecfa4a6881930c927,2021-10,Staffordshire Police,Staffordshire Police,,,No location,,,Investigation complete; no suspect identified
7eb4b88513a25c042f1ec103a55af720edd212f67dfd1750912451d3a3c6fb4d,2021-10,Staffordshire Police,Staffordshire Police,-1.652064,52.628099,On or near QUINCE,E01029820,Tamworth 003A,Unable to prosecute suspect
fe47fd94dfb1b5fd10b9d6646f98d2860a0f0ac8f17eef0c79333f285bed3bf3,2021-10,Staffordshire Police,Staffordshire Police,-2.031661,52.688153,On or near Police Station,E01029360,Cannock Chase 012B,Action to be taken by another organisation
9f090819ac7e2a99df48f3391b6fcf67c5cb3eb795d38ae4b1b6593cfefef682,2021-10,Staffordshire Police,Staffordshire Police,-1.933473,52.697659,On or near RUGELEY ROAD,E01029515,Lichfield 003D,Investigation complete; no suspect identified
12c97e9ea22a04b2abacbf4aa94e452a52a70e476e6857baaeaaf8662e1e223f,2021-10,Staffordshire Police,Staffordshire Police,-2.152467,52.895051,On or near ORCHARD CLOSE,E01029753,Stafford 003E,Formal action is not in the public interest
c5c43cf68ba6857317b9d0cbe4fd29523c9bd3b9b438a735067b607ef8df7234,2021-10,Staffordshire Police,Staffordshire Police,-2.190115,52.527006,On or near GRIFFITHS DRIVE,E01029677,South Staffordshire 013F,Further investigation is not in the public interest
0b52cc80349b6b39dd678cc71c18fb7bd8fa0638410f4fd6ce2f99ac675ae201,2021-10,Staffordshire Police,Staffordshire Police,-1.946026,52.766228,On or near FERNWOOD DRIVE,E01029401,Cannock Chase 002C,Suspect charged
83a8524d2c8f53dac00e385810ac362d43bf43c83d2275841b1d3a46e908334a,2021-10,Staffordshire Police,Staffordshire Police,-1.641695,52.799555,On or near ALMA STREET,E01029408,East Staffordshire 011B,Unable to prosecute suspect
62a79d1dc8d0f4ac60719a2fefa82e3f89a041da631a8d2ea207c877185d6137,2021-10,Staffordshire Police,Staffordshire Police,-1.641695,52.799555,On or near ALMA STREET,E01029408,East Staffordshire 011B,Unable to prosecute suspect
5cdfea9ab80f0aebbda5fa3bff699ced3653fdbf341c2532a6f4da0c8749ecca,2021-10,Staffordshire Police,Staffordshire Police,-1.934240,52.679536,On or near HIGH STREET,E01029497,Lichfield 006E,Investigation complete; no suspect identified
d3f9bb35860d87f77918bfb6e03a2f3b4098cd8d9eef2698a7a5ca9a282d9138,2021-10,Staffordshire Police,Staffordshire Police,-2.105493,52.814611,On or near READ AVENUE,E01029692,Stafford 009A,Unable to prosecute suspect
3f50b8d2b8d006c0820dc8a29e0f4b7373eb56dc77c11642790527af6130be96,2021-10,Staffordshire Police,Staffordshire Police,-1.644083,52.810457,On or near RICHMOND STREET,E01029445,East Staffordshire 009A,Suspect charged
3f50b8d2b8d006c0820dc8a29e0f4b7373eb56dc77c11642790527af6130be96,2021-10,Staffordshire Police,Staffordshire Police,-1.644083,52.810457,On or near RICHMOND STREET,E01029445,East Staffordshire 009A,Suspect charged
49f076233172eb3b968450f89fe99f44066618915582a44ac564fa1809fbbc57,2021-10,Staffordshire Police,Staffordshire Police,-2.186591,52.623904,On or near WOLVERHAMPTON ROAD,E01029614,South Staffordshire 008B,Investigation complete; no suspect identified
16f32f1d31edf271ff3041b655dee384155f67f0bab2e2db3af28dbce2a3f720,2021-10,Staffordshire Police,Staffordshire Police,-1.644851,52.820024,On or near WARWICK STREET,E01029436,East Staffordshire 007C,Unable to prosecute suspect
6283782f56160740fced0a19cbc1c1391218a403d73390c530a62b86a097a28e,2021-10,Staffordshire Police,Staffordshire Police,-2.028808,52.647853,On or near STRAWBERRY LANE,E01029639,South Staffordshire 005B,Further action is not in the public interest
63466659b89e8dc655cd2d86da2a31b951901d8bab33f560555c0f85fed86bfe,2021-10,Staffordshire Police,Staffordshire Police,-2.054992,52.642405,On or near Petrol Station,E01029635,South Staffordshire 007D,Investigation complete; no suspect identified
2f7897874302c637f26a80edc7efb304f697fc7818acd3c69209d91212c3ee60,2021-10,Staffordshire Police,Staffordshire Police,-1.706559,52.626700,On or near VENTURA PARK ROAD,E01029837,Tamworth 005B,Investigation complete; no suspect identified
7ff72c102a5c787ef186e084700ec37b92c79bc42e32dc259c1d6a7ef7cb2ebd,2021-10,Staffordshire Police,Staffordshire Police,-2.024124,52.675740,On or near GREEN LANE,E01029359,Cannock Chase 012A,Investigation complete; no suspect identified
f63fb8615a3e7ac196b1af8d67db9faf172689407d5b1881401dbda7ed8605d3,2021-10,Staffordshire Police,Staffordshire Police,-2.024124,52.675740,On or near GREEN LANE,E01029359,Cannock Chase 012A,Investigation complete; no suspect identified
6675f5d5575862cc7ab7c1b9ca6fe1780967c2035827799818bd5b69f48aa9c9,2021-10,Staffordshire Police,Staffordshire Police,-1.674111,52.605553,On or near Pedestrian Subway,E01032902,Tamworth 010G,Investigation complete; no suspect identified
485762f007627df16b244fb3745e21dc448a0861705cdc3129fe54b822e4c03e,2021-10,Staffordshire Police,Staffordshire Police,-2.110362,52.727786,On or near HATHERTON ROAD,E01029655,South Staffordshire 001A,Investigation complete; no suspect identified
ba40d206493e80e409c4578a515c56a379f0e9cb7a8aeccbb20995d2acb6b2a2,2021-10,Staffordshire Police,Staffordshire Police,-2.104774,52.799554,On or near Pedestrian Subway,E01029699,Stafford 010D,Investigation complete; no suspect identified
9044c53fc362b4b3c6ba0dd13d2bf85ef1ec4523759e92c0ca37f209b9f2c095,2021-10,Staffordshire Police,Staffordshire Police,-2.032163,53.104907,On or near WATERLOO STREET,E01029812,Staffordshire Moorlands 005D,Investigation complete; no suspect identified
222898321a5303268e369de9b8a334d5f0bc808015c36de56925c23b5edceb13,2021-10,Staffordshire Police,Staffordshire Police,-2.196532,53.017968,On or near BOATMAN DRIVE,E01014285,Stoke-on-Trent 015B,Unable to prosecute suspect
c7362099640c5dcd0a3d3a9f2e914a220fe8c22444d72ee365143c78f81e445f,2021-10,Staffordshire Police,Staffordshire Police,-2.020708,53.108801,On or near BALL HAYE ROAD,E01029808,Staffordshire Moorlands 001C,Investigation complete; no suspect identified
0757741c6e3ad47a16b7e7a48dec0689f770c677e6c452f68fff5831cf6ea30e,2021-10,Staffordshire Police,Staffordshire Police,-1.830709,52.681654,On or near Parking Area,E01032899,Lichfield 004F,Investigation complete; no suspect identified
fa455c5ead6b3afadaa3d9d7b5ec0f1604ba209790eefbfee5da003be8b6337f,2021-10,Staffordshire Police,Staffordshire Police,-1.646035,52.615469,On or near MALHAM ROAD,E01029859,Tamworth 007E,Investigation complete; no suspect identified
51afaed1e278afcf6bbdad39f818faeacc0c345a315d782ed2b0354d50732b9f,2021-10,Staffordshire Police,Staffordshire Police,-1.722453,52.762447,On or near ST JAMES' ROAD,E01029441,East Staffordshire 015C,Unable to prosecute suspect
1c239402aaa810def4a018ccbc0de58c6247be17ccdac9cd30a438a1ff21a53a,2021-10,Staffordshire Police,Staffordshire Police,-1.707989,52.629401,On or near MARSTON PARK,E01029837,Tamworth 005B,Investigation complete; no suspect identified
65ee0d4f0068f59c965e5afcaf1144ce7e4f2871214ab44f70c6bf44d2fa3c94,2021-10,Staffordshire Police,Staffordshire Police,-2.087561,52.640704,On or near CANNOCK ROAD,E01029635,South Staffordshire 007D,Investigation complete; no suspect identified
fe0475fd8170300d9b9ac1c295a87a7439d98c206fc521b41117b4622378a533,2021-10,Staffordshire Police,Staffordshire Police,-2.005187,52.983441,On or near Petrol Station,E01029785,Staffordshire Moorlands 013B,Investigation complete; no suspect identified
d4b937103686f47c576d34182d61e24325712b4bcc8b70248a8f7a962a48970f,2021-10,Staffordshire Police,Staffordshire Police,-1.606689,52.806438,On or near HIGH BANK ROAD,E01029470,East Staffordshire 010C,Unable to prosecute suspect
56ce8ae215c33e0762401242f056c48f6c92d5dbb9de59ada89763bb4cdf6413,2021-10,Staffordshire Police,Staffordshire Police,-2.056428,52.643716,On or near M6,E01029635,South Staffordshire 007D,Investigation complete; no suspect identified
c99b338fea3ec037981daffe6270a078dabafed77537eeeaf8fa99fe667bd859,2021-10,Staffordshire Police,Staffordshire Police,-1.632393,52.801603,On or near Shopping Area,E01032896,East Staffordshire 011F,Investigation complete; no suspect identified
c968826ce54289409605fec993fbf75febba1aab8d994b737104cdd5e7b1e0d9,2021-10,Staffordshire Police,Staffordshire Police,-1.907550,52.753134,On or near Sports/Recreation Area,E01029481,Lichfield 001B,Investigation complete; no suspect identified
1fe987fb5ca62fccc8280923f07ab926ba8d2daa000b2d1e85809a6438e203e4,2021-10,Staffordshire Police,Staffordshire Police,-2.197508,52.967366,On or near CONISTON PLACE,E01014348,Stoke-on-Trent 030B,Unable to prosecute suspect
a79a750525710d82a37c55e7bf4f067117d5f926ec6cfca96d12cc6cbea118bf,2021-10,Staffordshire Police,Staffordshire Police,-2.169203,53.020329,On or near EASTWOOD ROAD,E01014231,Stoke-on-Trent 016B,Investigation complete; no suspect identified
122b2426dfecafc6a2be29ca0dcd9aff573dee5731e0e151ef178514467550dd,2021-10,Staffordshire Police,Staffordshire Police,-1.819519,52.694160,On or near Supermarket,E01029525,Lichfield 005G,Investigation complete; no suspect identified
23ec31c0679762d124f1c88168d009fb7f5c7d3e05940b918b95aab6bb73c775,2021-10,Staffordshire Police,Staffordshire Police,-1.691363,52.636461,On or near ALBERT ROAD,E01029851,Tamworth 002E,Investigation complete; no suspect identified
2917e5f6d91c7524c73104241cfb6639e7aa18a3bba7a3b9317139c3b816f484,2021-10,Staffordshire Police,Staffordshire Police,,,No location,,,Investigation complete; no suspect identified
9eb5990b43fb233aae1a80e07842d3a06e8ff2885fe03ca86373e52b4fb3ef8f,2021-10,Staffordshire Police,Staffordshire Police,-2.178443,53.027102,On or near NEW HALL STREET,E01014287,Stoke-on-Trent 015D,Investigation complete; no suspect identified
bf110c75cba553ac041c88ede0d4e48a2245588f84ece5c1bee5cd442e477922,2021-10,Staffordshire Police,Staffordshire Police,-2.115807,52.804524,On or near BRIDGE STREET,E01029701,Stafford 010E,Investigation complete; no suspect identified
58627fff8bc596d52e5aea457f12e49fd0a23308cfd4b01d09748c58b153b5b9,2021-10,Staffordshire Police,Staffordshire Police,-1.635366,52.820346,On or near SHAKESPEARE ROAD,E01029427,East Staffordshire 008B,Unable to prosecute suspect
4268c2565f2e39425609afd2b96a20a56811f71edb53b1612cce6a8a7042152c,2021-10,Staffordshire Police,Staffordshire Police,-2.266193,52.588836,On or near OLD SMITHY CLOSE,E01029654,South Staffordshire 010A,Investigation complete; no suspect identified
39cd9b2edddc09401fa048c836409e96efa829d916007036eaea1055e0cd71f7,2021-10,Staffordshire Police,Staffordshire Police,-2.240502,53.014462,On or near B5367,E01029566,Newcastle-under-Lyme 010C,Investigation complete; no suspect identified
6df0c046317406648464a7ce3ff84bf4466f7ebb0e35980083d1ad5718ed6946,2021-10,Staffordshire Police,Staffordshire Police,-1.875336,52.899884,On or near GREENFIELD DRIVE,E01029462,East Staffordshire 003D,Unable to prosecute suspect
cee2586a0c1544d91f83115d8af28eb597ff6e25e0c15541ffe433724eef58df,2021-10,Staffordshire Police,Staffordshire Police,-1.633746,52.803063,On or near Parking Area,E01032896,East Staffordshire 011F,Unable to prosecute suspect
534fd58e0d4d983f842a5bbe11a28220c1e23fc7cc179f329d51784bd9c222b7,2021-10,Staffordshire Police,Staffordshire Police,-1.937616,52.760462,On or near BOW STREET,E01029404,Cannock Chase 002E,Formal action is not in the public interest
5f7eb89422eed0060ee84ec72e6d47667255cdb77ed547300725f7f44e7f14dd,2021-10,Staffordshire Police,Staffordshire Police,-1.833602,52.695106,On or near NEEDWOOD HILL,E01029492,Lichfield 004A,Investigation complete; no suspect identified
08b53ab0d3d69e32f88068fbab2c322215ed23bfcee181bb9174793e83cc4786,2021-10,Staffordshire Police,Staffordshire Police,-2.219608,53.006367,On or near VICARAGE CRESCENT,E01029602,Newcastle-under-Lyme 011C,Investigation complete; no suspect identified
11ecdc43b4063e09456b319f1af643f58aaade957c91430ee34db00b074d3f94,2021-10,Staffordshire Police,Staffordshire Police,-2.183559,53.052030,On or near THORNEYCROFT AVENUE,E01014245,Stoke-on-Trent 006E,Investigation complete; no suspect identified
76a583ceff97516c0b1f92b01ddd85a267146c0538369425aad1c9608496fd04,2021-10,Staffordshire Police,Staffordshire Police,-2.020602,53.106114,On or near Parking Area,E01029805,Staffordshire Moorlands 006C,Unable to prosecute suspect
f49a0f2d241e22fd8a0975a2119759efef49b8eb879e759697e14816268b3f7a,2021-10,Staffordshire Police,Staffordshire Police,-2.113658,52.805011,On or near Parking Area,E01029701,Stafford 010E,Investigation complete; no suspect identified
bfd809eb40879cc33b2e51b26f839dadb82c96a3ec47d26ca4d2869dc48474da,2021-10,Staffordshire Police,Staffordshire Police,-1.691830,52.633046,On or near BOLEBRIDGE STREET,E01029838,Tamworth 005C,Investigation complete; no suspect identified
857cddff66a0db9b7874a3806b3ade9b5932ea92e8bab933c5fedde352ff7a8a,2021-10,Staffordshire Police,Staffordshire Police,-1.635822,52.813785,On or near Supermarket,E01029426,East Staffordshire 008A,Investigation complete; no suspect identified
cd6df5675cf579bd0a6ba33ce50ae1b5601d8fc354b759472a698fad750b32a6,2021-10,Staffordshire Police,Staffordshire Police,-1.703707,52.646516,On or near BYRON ROAD,E01029849,Tamworth 002C,Investigation complete; no suspect identified
26bb541bc4c38f5714767a8256aabb9696f100fb725bbd2e60ea8cc9df0baa83,2021-10,Staffordshire Police,Staffordshire Police,-2.210965,53.058232,On or near TOWER SQUARE,E01014355,Stoke-on-Trent 005B,Investigation complete; no suspect identified
905733991e9a43b6534caf3e61763cb87b1d1b4e7692b3028dcd9f1960b40987,2021-10,Staffordshire Police,Staffordshire Police,,,No location,,,Suspect charged
d177d07dd1ba2acbafb302c7f0bf6461027a06a5c4e77b8eae660915bb7eb662,2021-10,Staffordshire Police,Staffordshire Police,-2.054992,52.642405,On or near Petrol Station,E01029635,South Staffordshire 007D,Investigation complete; no suspect identified
22debbaa5b780ef149d33c44045973700a8c092204a954ae5be5f67b2b9c26cc,2021-10,Staffordshire Police,Staffordshire Police,-1.985804,52.953515,On or near Supermarket,E01029791,Staffordshire Moorlands 013E,Investigation complete; no suspect identified
373133e91f9db77e6491ec56e9355790b576f76c620ea0976e76fa3b987311f0,2021-10,Staffordshire Police,Staffordshire Police,-2.100477,52.980936,On or near WOODVILLE ROAD,E01014321,Stoke-on-Trent 028A,Unable to prosecute suspect
48a593359a8911465378cf5d729bd25054181c87bcd9a236bcb3a25f496c5d31,2021-10,Staffordshire Police,Staffordshire Police,-1.767423,52.630000,On or near A5,E01029488,Lichfield 012A,Investigation complete; no suspect identified
1dbda33b8c1e8229985b064236ce6647891afa0a48cbbcecfb0dd04fc40847ab,2021-10,Staffordshire Police,Staffordshire Police,-2.175479,53.024149,On or near Shopping Area,E01014287,Stoke-on-Trent 015D,Suspect charged
2960aa7579ff47c1eabf7f23feb3b0413a67fdde7ac80e6c556a7165a3e2e748,2021-10,Staffordshire Police,Staffordshire Police,-1.706559,52.626700,On or near VENTURA PARK ROAD,E01029837,Tamworth 005B,Investigation complete; no suspect identified
95464cd4dfb4bce403e6eef08c78874c144cdc486e7ea66b55d153a4acfc3a02,2021-10,Staffordshire Police,Staffordshire Police,-2.192404,53.028195,On or near RIDGEHOUSE DRIVE,E01014285,Stoke-on-Trent 015B,Investigation complete; no suspect identified
99f830169e83471e0b01f6b4bd18fd99cb272ab4cf38446a77d7eedc6432068c,2021-10,Staffordshire Police,Staffordshire Police,-1.865787,52.896961,On or near Police Station,E01029462,East Staffordshire 003D,Investigation complete; no suspect identified
c3bab0ab101c14695805756079abdb3fca60a8d6221f3eec1b666ccf0efec4c9,2021-10,Staffordshire Police,Staffordshire Police,-2.225725,53.007686,On or near Petrol Station,E01029602,Newcastle-under-Lyme 011C,Formal action is not in the public interest
50e3fc60ffd624b1a999f56778a8b945ba5908f5bc64c45ed9c070522d2a9f7a,2021-10,Staffordshire Police,Staffordshire Police,-2.263453,53.070164,On or near Shopping Area,E01029596,Newcastle-under-Lyme 004E,Investigation complete; no suspect identified
7791666faa8df147689cc77b3e574ba7c5df2a113ce45659e6c20aac91e0cc93,2021-10,Staffordshire Police,Staffordshire Police,-2.186748,53.006316,On or near VALE STREET,E01014293,Stoke-on-Trent 019A,Further investigation is not in the public interest
b5e8982cae0101fb81509ed99b5d239b171f49d3a44cafec70aeeedc003558a2,2021-10,Staffordshire Police,Staffordshire Police,-2.155689,52.968615,On or near WATERSIDE DRIVE,E01014235,Stoke-on-Trent 032A,Investigation complete; no suspect identified
2d2e00072ca4de976064ff4047d4d61661674270b4fbb30807caac67fd88b517,2021-10,Staffordshire Police,Staffordshire Police,-2.192404,53.028195,On or near RIDGEHOUSE DRIVE,E01014285,Stoke-on-Trent 015B,Investigation complete; no suspect identified
8b125de40971ec373367d26b62bc0a38449aad61e78d097f83b05c8b2a263a62,2021-10,Staffordshire Police,Staffordshire Police,-1.698607,52.644453,On or near THACKERAY DRIVE,E01029849,Tamworth 002C,Investigation complete; no suspect identified
16e33e51ac93996f3a054d58cfe35e101dc2d3d9a6c9261cc6561c447da84115,2021-10,Staffordshire Police,Staffordshire Police,-2.225027,53.011076,On or near Shopping Area,E01029604,Newcastle-under-Lyme 011E,Investigation complete; no suspect identified
144e4937d5bd63751b4423a273354440d53dd83e9a0a3bafd6728852b4fb1e65,2021-10,Staffordshire Police,Staffordshire Police,-2.234281,53.040938,On or near Supermarket,E01029538,Newcastle-under-Lyme 006B,Unable to prosecute suspect
32b290375e5610df2847715b004b37595b3953993e6c7d1cd6e92a1675803f25,2021-10,Staffordshire Police,Staffordshire Police,-1.626297,52.789466,On or near HEATH ROAD,E01029451,East Staffordshire 014C,Investigation complete; no suspect identified
f06b91c2178c9598086d7e6d7ae40a4a780bbb0a7f454fed66b92636ba0c6fa4,2021-10,Staffordshire Police,Staffordshire Police,-2.187749,53.003464,On or near HORNBY ROW,E01014345,Stoke-on-Trent 019E,Investigation complete; no suspect identified
572b319e4376b7231e6e962f1d76f84518b06d9ba20a86565a2508b24f400266,2021-10,Staffordshire Police,Staffordshire Police,-2.116715,52.816515,On or near VICTORIA TERRACE,E01029689,Stafford 010A,Unable to prosecute suspect
3c2842d93274cad0f99fe9fb15b88538d395a6710545dc1f7d413b8efef80e5d,2021-10,Staffordshire Police,Staffordshire Police,-1.691830,52.633046,On or near BOLEBRIDGE STREET,E01029838,Tamworth 005C,Investigation complete; no suspect identified
82c0ac162da9ce8de31a2ce7bd99e639f5ccc9a41aaec0ec21ccad621c60263f,2021-10,Staffordshire Police,Staffordshire Police,-2.044517,53.063418,On or near HILLSIDE ROAD,E01029793,Staffordshire Moorlands 006B,Investigation complete; no suspect identified
307c494c1c83691e5b60005df761a078a1932ed234693d9dadb69cd9957f3fda,2021-10,Staffordshire Police,Staffordshire Police,-1.696425,52.635260,On or near ALDERGATE,E01029835,Tamworth 002A,Unable to prosecute suspect
6df61983e432065c78c68435a4e2899dc143044a5a64334e0c728dadf7c7fe90,2021-10,Staffordshire Police,Staffordshire Police,-1.692697,52.633668,On or near COLEHILL,E01029835,Tamworth 002A,Investigation complete; no suspect identified
bfac3e516fbf1485886dd56c079d448f841fef3072ae20c66318f801feccbb09,2021-10,Staffordshire Police,Staffordshire Police,-2.205541,52.601317,On or near WEBB AVENUE,E01029661,South Staffordshire 010B,Investigation complete; no suspect identified
3837603b1d81b7d3c6d890e07e8eeaa55cdb604a6849d564e7580f41c705e2fc,2021-10,Staffordshire Police,Staffordshire Police,-2.116788,52.799597,On or near TELEGRAPH STREET,E01029701,Stafford 010E,Investigation complete; no suspect identified
f4636f27896eb56c6639b1506839aebc6b9adb83489bcc6a15cef0463c704f0f,2021-10,Staffordshire Police,Staffordshire Police,-2.151939,52.905542,On or near REGENT STREET,E01029744,Stafford 003B,Investigation complete; no suspect identified
391ebb21c6a22038586556564525f9b57d3dc656ec364715205a5c03d75e0da5,2021-10,Staffordshire Police,Staffordshire Police,-1.729694,52.763416,On or near PARK ROAD,E01029439,East Staffordshire 015A,Investigation complete; no suspect identified
feb0af06920ce8dfc2a027d87436b53ceb0ef7cfc19a0161b8b4ef9886aff218,2021-10,Staffordshire Police,Staffordshire Police,-1.657063,52.600884,On or near AVON,E01029868,Tamworth 010D,Investigation complete; no suspect identified
c0363cf3c997e08ba98e46c4fab580df5c96e2c002d541b5cac33d66baa0ca60,2021-10,Staffordshire Police,Staffordshire Police,-2.023737,52.672189,On or near LODGE LANE,E01029641,South Staffordshire 004F,Investigation complete; no suspect identified
27b83e403139f3d8db38bc49ab2fc8fc8271f131b1d9c008c464d2d51e919414,2021-10,Staffordshire Police,Staffordshire Police,-2.182624,52.996695,On or near BOOTHEN OLD ROAD,E01014339,Stoke-on-Trent 019C,Investigation complete; no suspect identified
c2792392ec0b660541ff11da25535c75203a0a8716cbef118fc464c967e148ed,2021-10,Staffordshire Police,Staffordshire Police,-2.156499,52.966267,On or near UFTON CLOSE,E01014238,Stoke-on-Trent 032D,Further action is not in the public interest
ac203da2773faddab5a358f84b4e2d963132cf6011e64b35bab95469136f86b2,2021-10,Staffordshire Police,Staffordshire Police,-2.198685,53.048554,On or near DARWIN DRIVE,E01014251,Stoke-on-Trent 009C,Offender given a caution
79f74b9517347060cebfba5d3b1ae6b2e62e3321cee33680baa01f8bbec459f9,2021-10,Staffordshire Police,Staffordshire Police,-2.121135,52.810694,On or near Shopping Area,E01029701,Stafford 010E,Investigation complete; no suspect identified
e710d06642aecb0ee850cfb62104e37d9fa3651090cae6402d669c05685cc43e,2021-10,Staffordshire Police,Staffordshire Police,-2.026202,52.712633,On or near MARGARET DRIVE,E01029357,Cannock Chase 007D,Investigation complete; no suspect identified
2c45e54b052035ecaf63a12c824112c936a3dfd67a08140d2460645b04077691,2021-10,Staffordshire Police,Staffordshire Police,-2.200200,52.595744,On or near SPENSER AVENUE,E01029666,South Staffordshire 011C,Investigation complete; no suspect identified
66adb33a6b15fff7f10192e781d71809a1910d5324cfb8cf653c32e01c71c7cd,2021-10,Staffordshire Police,Staffordshire Police,-1.617332,52.795604,On or near ASTIL STREET,E01029420,East Staffordshire 012C,Investigation complete; no suspect identified
81f28c6eaed29135227e2b4f6afc4e8bd259880de0722f34a442966397fa8913,2021-10,Staffordshire Police,Staffordshire Police,-2.041654,52.710678,On or near COWSLIP CLOSE,E01029647,South Staffordshire 002C,Investigation complete; no suspect identified
b80284f930501cfc1bdd55db4e81a6114f23987b0ce90e4f2fd28b0d00a4ca31,2021-10,Staffordshire Police,Staffordshire Police,-2.101304,52.812520,On or near PRESCOTT AVENUE,E01029693,Stafford 009B,Investigation complete; no suspect identified
2fb599bb54c81046e52c0e197525dc4aec69c6defdf00d19b533823b8b113c97,2021-10,Staffordshire Police,Staffordshire Police,-2.176351,53.025811,On or near STAFFORD STREET,E01014287,Stoke-on-Trent 015D,Offender given a caution
2fb599bb54c81046e52c0e197525dc4aec69c6defdf00d19b533823b8b113c97,2021-10,Staffordshire Police,Staffordshire Police,-2.176351,53.025811,On or near STAFFORD STREET,E01014287,Stoke-on-Trent 015D,Offender given a caution
2fb599bb54c81046e52c0e197525dc4aec69c6defdf00d19b533823b8b113c97,2021-10,Staffordshire Police,Staffordshire Police,-2.176351,53.025811,On or near STAFFORD STREET,E01014287,Stoke-on-Trent 015D,Offender given a caution
6f2d050c58d2cf8cb0a82860f02fc40384684af90d45fc2e1c358fcff4255dd2,2021-10,Staffordshire Police,Staffordshire Police,-1.628670,52.803416,On or near Further/Higher Educational Building,E01032896,East Staffordshire 011F,Investigation complete; no suspect identified
deb410e987b4279b4011bd264058121905fa14a96103f7f05cc007dcccb0e09c,2021-10,Staffordshire Police,Staffordshire Police,-2.178443,53.027102,On or near NEW HALL STREET,E01014287,Stoke-on-Trent 015D,Formal action is not in the public interest
376389c93a5178f5877c0fb9d8045e8ef3b6d8a95193cfbe4fd7b24ffc10f290,2021-10,Staffordshire Police,Staffordshire Police,-2.119224,53.000901,On or near A5272,E01014296,Stoke-on-Trent 022A,Investigation complete; no suspect identified
92aabe9d9bfa61f2c84df0bebdba2322216a81f4a9b69828d58b4e83101aaf8f,2021-10,Staffordshire Police,Staffordshire Police,-2.116234,52.786598,On or near RISING BROOK,E01029727,Stafford 013D,Investigation complete; no suspect identified
b48948f92307d83e0fe4e11d8e3c59971636f114c71cbd4e013712c1da220298,2021-10,Staffordshire Police,Staffordshire Police,-2.141123,52.990315,On or near Petrol Station,E01014302,Stoke-on-Trent 022D,Unable to prosecute suspect
f1b083158ebd3ff76273cc0e090734dfb36ee646e7e80c246c540d2200cf96b4,2021-10,Staffordshire Police,Staffordshire Police,-2.177441,53.029890,On or near LOWER BRYAN STREET,E01014330,Stoke-on-Trent 013E,Unable to prosecute suspect
81ba108eaf976c4d67ce611b15d01bbb52b0f0ea31350ed817d4123b8276867b,2021-10,Staffordshire Police,Staffordshire Police,-2.228514,53.010917,On or near Shopping Area,E01029604,Newcastle-under-Lyme 011E,Investigation complete; no suspect identified
cb7bf4f71b5ce3adbc40bec987e04dd6004e9353c4f8009c0d10269010e9eadb,2021-10,Staffordshire Police,Staffordshire Police,-2.187537,53.002809,On or near Parking Area,E01014345,Stoke-on-Trent 019E,Investigation complete; no suspect identified
5e23092635b8a97797c4c1b7b89832f9f17bf0bce932f91ca3ecffc7809855e6,2021-10,Staffordshire Police,Staffordshire Police,-2.195642,53.065072,On or near SCOTT ROAD,E01014241,Stoke-on-Trent 006A,Unable to prosecute suspect
edeb3ebad8a917cfe9dd99152d416295430cec00dae9e681a1d5aca36d072c07,2021-10,Staffordshire Police,Staffordshire Police,-2.339821,53.001724,On or near NEWCASTLE ROAD,E01029573,Newcastle-under-Lyme 013B,Investigation complete; no suspect identified
d013945420508214b89112fd31b8b851a53007bf619473ab7536fbdd153dd54e,2021-10,Staffordshire Police,Staffordshire Police,-2.133464,52.979905,On or near KILDARE STREET,E01014309,Stoke-on-Trent 027B,Investigation complete; no suspect identified
1a6d889d8f9a82efaddeeb8e747d8199cddda1a403b0f609cdbd4878be20831e,2021-10,Staffordshire Police,Staffordshire Police,-2.334852,53.004678,On or near DALTRY WAY,E01029573,Newcastle-under-Lyme 013B,Unable to prosecute suspect
aaa196be76ba011efd8ced7f5195dc98c1989051879c576f4c5a76732910c2af,2021-10,Staffordshire Police,Staffordshire Police,-1.639186,52.798073,On or near WOOD STREET,E01032898,East Staffordshire 011H,Investigation complete; no suspect identified
0c6975e63f2eacce5d7be194daf15b066bcd9639cc662f63f32aa3026d3a1cc0,2021-10,Staffordshire Police,Staffordshire Police,-2.158795,53.048048,On or near Park/Open Space,E01014271,Stoke-on-Trent 008E,Offender given a drugs possession warning
2508bbcbcfa188635603d751a1b547e1dd6a7192ea9a24aa8b5f073df644f04b,2021-10,Staffordshire Police,Staffordshire Police,-2.080252,52.813048,On or near WESTON ROAD,E01029732,Stafford 011E,Action to be taken by another organisation
6bda746d7b291a2c28186ee1475f92bb6d4f7dc5f7a2c71fca612a45a14356de,2021-10,Staffordshire Police,Staffordshire Police,-1.635718,52.797820,On or near A5189,E01032898,East Staffordshire 011H,Investigation complete; no suspect identified
04eee7eb02840c4375ee2815ae349176c14c1900b015fee8faef54c78346d803,2021-10,Staffordshire Police,Staffordshire Police,-1.688370,52.598048,On or near WIGFORD ROAD,E01029861,Tamworth 009B,Unable to prosecute suspect
aa61ed911435395afd81df8f85faf63e8eb822b91500fd37b0de787da9b4431a,2021-10,Staffordshire Police,Staffordshire Police,-2.367249,53.036206,On or near RODGER AVENUE,E01029557,Newcastle-under-Lyme 013A,Unable to prosecute suspect
cd67c98b0c97cc987ce68542b4f9d5da192a7200b7d915cb3ac2b0d8ef078611,2021-10,Staffordshire Police,Staffordshire Police,-1.706559,52.626700,On or near VENTURA PARK ROAD,E01029837,Tamworth 005B,Investigation complete; no suspect identified
e4cd6744b3a5471dc96b468551dc6a0c016a819c5e6053aaea2c3301686c72e1,2021-10,Staffordshire Police,Staffordshire Police,-2.159645,52.999739,On or near WILEMAN PLACE,E01014275,Stoke-on-Trent 020B,Investigation complete; no suspect identified
f87a127dfc84b648ce1f93493da105536cffef2dc37266d643ec5a72fbc7022e,2021-10,Staffordshire Police,Staffordshire Police,-1.890142,52.634726,On or near WALL HEATH LANE,E01029523,Lichfield 011E,Investigation complete; no suspect identified
24e1f48d1b36345c6dfc4589de224c915bf16d5325996f1735e5e6df764a7807,2021-10,Staffordshire Police,Staffordshire Police,-1.629251,52.803050,On or near Nightclub,E01032896,East Staffordshire 011F,Unable to prosecute suspect
5f05a195f33bb598372491ff7430c0035ed17c78b29502ae97b4032b7ee6abd7,2021-10,Staffordshire Police,Staffordshire Police,-1.922820,52.688941,On or near BIRCH TERRACE,E01029486,Lichfield 003A,Investigation complete; no suspect identified
e72eabf940bc0f33648257348106ee6d26486f4ddd6090c159bef204925cb8af,2021-10,Staffordshire Police,Staffordshire Police,-2.143601,53.036516,On or near LEEK ROAD,E01014210,Stoke-on-Trent 012A,Investigation complete; no suspect identified
24dab1619dac50bcd287eaf95e4d26ffae080112db0cef91712dec0cfcf70c03,2021-10,Staffordshire Police,Staffordshire Police,-1.642513,52.795674,On or near BROADWAY STREET,E01029410,East Staffordshire 011D,Investigation complete; no suspect identified
78783c10df3ea95337c32f9520c37c4fce383b3bd083e10a1b878fc3554f778a,2021-10,Staffordshire Police,Staffordshire Police,-1.744126,52.730852,On or near INGE DRIVE,E01029478,Lichfield 002B,Unable to prosecute suspect
3b5758ed0368c39c333fa128ae3b734472f97706199eae7e5f0837cec76ff82d,2021-10,Staffordshire Police,Staffordshire Police,-1.929983,52.761420,On or near LEATHERMILL LANE,E01029404,Cannock Chase 002E,Formal action is not in the public interest
03c8a72b2949bc6b45c06bb2333950cc5e8386620d7a72121947d2eec9569f85,2021-10,Staffordshire Police,Staffordshire Police,-2.141907,52.988606,On or near GREGORY STREET,E01014313,Stoke-on-Trent 027D,Investigation complete; no suspect identified
ce273b0e45871a845bb4bb91a97e23ba570f583e4f81c5adef21e036a5b9f8a9,2021-10,Staffordshire Police,Staffordshire Police,-2.206365,53.020045,On or near ETRURIA WAY,E01029580,Newcastle-under-Lyme 009C,Unable to prosecute suspect
2420d4f6e1a17a3aa6ec1bdcffdf495effd25e17f3858c0f1be0783536fe02d4,2021-10,Staffordshire Police,Staffordshire Police,-2.095858,52.966431,On or near RUBENS WAY,E01014318,Stoke-on-Trent 033B,Investigation complete; no suspect identified
645cb7fb143d10d4974f9372872337092afb7cbcc046fb689d63d86f7e3a25a4,2021-10,Staffordshire Police,Staffordshire Police,-2.041558,53.074026,On or near WALL LANE TERRACE,E01029792,Staffordshire Moorlands 006A,Unable to prosecute suspect
a47b7ab5879ae24a08f5a1e5ee7b685bcf5e083363a3ee9804fcfc9b3e8c3ef3,2021-10,Staffordshire Police,Staffordshire Police,-2.181184,53.022927,On or near MORLEY STREET,E01014287,Stoke-on-Trent 015D,Investigation complete; no suspect identified
886facf52e84721524605985bbc9effd5d8348dc70b470e645c0a16c2cc651f5,2021-10,Staffordshire Police,Staffordshire Police,-1.669984,52.795061,On or near SECOND AVENUE,E01029413,East Staffordshire 013A,Investigation complete; no suspect identified
e002d2f5fa8c211590d9033339f5eaf91a7ec01e9112a30053d4ae5c8e463a83,2021-10,Staffordshire Police,Staffordshire Police,-2.213981,52.442667,On or near HORSE BRIDGE LANE,E01029650,South Staffordshire 014B,Unable to prosecute suspect
bbf4bfddaa0d35b812a086efe4b8dcd257795c7923c57e3d0fe718c9b88c2817,2021-10,Staffordshire Police,Staffordshire Police,-1.681807,52.629630,On or near SUMMERFIELD CLOSE,E01029833,Tamworth 005A,Investigation complete; no suspect identified
9da6a266a94cb5e966d1be5af6233eae5346b6f03794d86953549da8ce06be22,2021-10,Staffordshire Police,Staffordshire Police,,,No location,,,Local resolution
5cecd1685e584a796c59d707a6b80018aa9e7f2b50c722fa4cb48f336c3b4b77,2021-10,Staffordshire Police,Staffordshire Police,-2.175776,53.027421,On or near Shopping Area,E01014287,Stoke-on-Trent 015D,Investigation complete; no suspect identified
afcabdfa2e6ff61e32cc849b53fcfaa02beb0b2c3343dd4870e535f00083a7af,2021-10,Staffordshire Police,Staffordshire Police,-2.080252,52.813048,On or near WESTON ROAD,E01029732,Stafford 011E,Unable to prosecute suspect
d83b79b95c492f21daba1c08d1b48c872068705261c3f9a21a1f9d01665934f1,2021-10,Staffordshire Police,Staffordshire Police,-2.243008,53.004200,On or near THE THISTLES,E01029599,Newcastle-under-Lyme 010F,Investigation complete; no suspect identified
ae0d97c8175292aa6e11d78019086f897c45c0653b6ee8bd439f161d4fcf29ec,2021-10,Staffordshire Police,Staffordshire Police,-2.254244,53.016878,On or near BROCK WAY,E01029567,Newcastle-under-Lyme 010D,Action to be taken by another organisation
8d8761c576ddf7a84bc2db7e5c8cf5862b2b394febfcaf53659361218c982824,2021-10,Staffordshire Police,Staffordshire Police,-2.167128,53.023505,On or near WATERLOO STREET,E01014231,Stoke-on-Trent 016B,Suspect charged
a08b9459fbd89fb3be5c685728fd1b79fbc58b6ffe0b1c6853f5b71cd76e2262,2021-10,Staffordshire Police,Staffordshire Police,-2.246500,53.031142,On or near HOLDITCH ROAD,E01029559,Newcastle-under-Lyme 007C,Unable to prosecute suspect
9a6bf434e00c3e27914ad4c6dc9bf497e4626c45d6edbe0d45a9ab66b0ad86bf,2021-10,Staffordshire Police,Staffordshire Police,-2.188178,52.999473,On or near EMPIRE STREET,E01014345,Stoke-on-Trent 019E,Investigation complete; no suspect identified
d42c46a9cce2efa71c768f34bf77cfac4e08d2964e3dd25d1d55ffe75440231d,2021-10,Staffordshire Police,Staffordshire Police,-2.239484,53.021700,On or near Supermarket,E01029554,Newcastle-under-Lyme 010B,Investigation complete; no suspect identified
125dc9f823e61bce0fec1a0bc4b6c35a5bee1622dd1a83f0dd39da338852bafd,2021-10,Staffordshire Police,Staffordshire Police,-1.631163,52.799729,On or near Further/Higher Educational Building,E01032898,East Staffordshire 011H,Unable to prosecute suspect
c077d63a5166da3a7ab6b7c676bd102e68bb4a894e7a59a99d7b7253bc36403c,2021-10,Staffordshire Police,Staffordshire Police,-1.681807,52.629630,On or near SUMMERFIELD CLOSE,E01029833,Tamworth 005A,Investigation complete; no suspect identified
0666b408889db02f7ba6aa475dfd7faba554393f3a17cdc0c7188f4a9eb44804,2021-10,Staffordshire Police,Staffordshire Police,-2.179328,53.114403,On or near BANBURY GROVE,E01029774,Staffordshire Moorlands 003E,Unable to prosecute suspect
7290fa334f0896e4f573d89feb1cf01904173729398f928807bb99db4eb39a6b,2021-10,Staffordshire Police,Staffordshire Police,-2.108862,52.815156,On or near BELL CLOSE,E01029692,Stafford 009A,Unable to prosecute suspect
aed312f43d21deb3938360bdeeacace78a12bf69d12bc3ff3fcd412ecf16ca07,2021-10,Staffordshire Police,Staffordshire Police,-2.186063,53.003089,On or near LONDON ROAD,E01014345,Stoke-on-Trent 019E,Investigation complete; no suspect identified
3a63ab46a10fac9a7cd1820be6d1e63c22866fdbf5b1793964774f8ec2976f56,2021-10,Staffordshire Police,Staffordshire Police,-2.193217,53.003357,On or near GRESTY STREET,E01014295,Stoke-on-Trent 019B,Investigation complete; no suspect identified
59e66182f11cdb226577830b2bd386b85c895af654096f4cdf728343d2b64812,2021-10,Staffordshire Police,Staffordshire Police,-2.140732,53.048412,On or near EASTERS GROVE,E01014267,Stoke-on-Trent 007E,Investigation complete; no suspect identified
7f2372c44d6ff9d553db4bd9504e895c14d014169ca6d1136566d4eb2dc545f6,2021-10,Staffordshire Police,Staffordshire Police,-2.141735,52.981487,On or near KIMBERLEY STREET,E01014311,Stoke-on-Trent 027C,Unable to prosecute suspect
fb660deb97cb25144aba6b4fffb4612ceebadcdbb1cbf9acb1422360f4c20a89,2021-10,Staffordshire Police,Staffordshire Police,-2.188142,53.004812,On or near PUMP STREET,E01014345,Stoke-on-Trent 019E,Investigation complete; no suspect identified
ed1fb1e31c287a981868ea1736a01b3a3ac90017d1fac5b1f855ef9ecb92027b,2021-10,Staffordshire Police,Staffordshire Police,-1.796429,52.689718,On or near BURTON ROAD,E01029530,Lichfield 008C,Investigation complete; no suspect identified
2e54b8be2e6c6b797a0251edbbadaa944e77dcb887e0e6d4297f536da1a3c6ff,2021-10,Staffordshire Police,Staffordshire Police,-2.141123,52.990315,On or near Petrol Station,E01014302,Stoke-on-Trent 022D,Investigation complete; no suspect identified
b3f2f8792a20f8928086dcefe382de7546470a14ef96b6ea9e2a304b1d2a8669,2021-10,Staffordshire Police,Staffordshire Police,-2.243008,53.004200,On or near THE THISTLES,E01029599,Newcastle-under-Lyme 010F,Unable to prosecute suspect
f0124ffc34cad3f0836f8170be57ac5756ddbd29b1d02f8295ccb0d041001265,2021-10,Staffordshire Police,Staffordshire Police,-2.199160,53.044697,On or near ST JOHN'S SQUARE,E01014251,Stoke-on-Trent 009C,Investigation complete; no suspect identified
fa0877aa48f35aaaf0f08b4fa34cd209652d7595e3cd45c9bb8990c85e1bdca4,2021-10,Staffordshire Police,Staffordshire Police,-1.670557,52.614865,On or near Pedestrian Subway,E01029829,Tamworth 010A,Investigation complete; no suspect identified
7b795a67bfd3a299b01dd564f68db76b8e5ca3eb161ca2e41845d81fd8e84690,2021-10,Staffordshire Police,Staffordshire Police,-2.173713,53.111319,On or near EDGE VIEW COURT,E01029763,Staffordshire Moorlands 003A,Investigation complete; no suspect identified
1f83f745402c0a7dc9f7b54893bad8583e421cda06c5884ad7c05cc5edf8ccf6,2021-10,Staffordshire Police,Staffordshire Police,-2.103475,52.808500,On or near MYNORS STREET,E01029722,Stafford 009C,Investigation complete; no suspect identified
06fa2f252b3a0b8f208191a2bdb649645e4f07ba4cdcbcc646b766980bbf83a6,2021-10,Staffordshire Police,Staffordshire Police,-2.105654,52.807608,On or near CORPORATION STREET,E01029725,Stafford 009D,Investigation complete; no suspect identified
b666ccb8dc2a64fdc766bc7042f7ab39678f8ed3f872caa58b3575f4f4e632fa,2021-10,Staffordshire Police,Staffordshire Police,-2.134380,52.987203,On or near CHANCERY LANE,E01014302,Stoke-on-Trent 022D,Investigation complete; no suspect identified
4ffbd356fafeefd632562fb45fdc8865785c068c4aea6140398c1cf38b949d6c,2021-10,Staffordshire Police,Staffordshire Police,-2.096778,52.645515,On or near BROOKLIME GARDENS,E01029637,South Staffordshire 006D,Investigation complete; no suspect identified
0bf6bdfc3075bdb6a05c9d91b2b77f55f3edd234e8439267ebf26d4cc00769c1,2021-10,Staffordshire Police,Staffordshire Police,-1.835726,52.609932,On or near SMARTS AVENUE,E01029522,Lichfield 011D,Investigation complete; no suspect identified
d4e7473875665cb9b15de43f282501c47de138498cd3ae6094789bed0ab8a2fc,2021-10,Staffordshire Police,Staffordshire Police,-1.885408,52.682214,On or near ST MATTHEW'S AVENUE,E01029508,Lichfield 003C,Further action is not in the public interest
9b36437bccb9df5f201cf5898414aeb9fc01e8aff9b25e0c997ebd40f79b106b,2021-10,Staffordshire Police,Staffordshire Police,-2.121135,52.810694,On or near Shopping Area,E01029701,Stafford 010E,Investigation complete; no suspect identified
f1110c787d8fddb2ef5b8f204091ad99dbed53a3685a988946bba8d46f0e8b91,2021-10,Staffordshire Police,Staffordshire Police,-2.113657,52.991675,On or near RANSOME PLACE,E01014362,Stoke-on-Trent 025E,Unable to prosecute suspect
ef37bc11b811e5de03a4f8e5243ae359f1ebd418166983c6c74618037bff23ab,2021-10,Staffordshire Police,Staffordshire Police,-2.268327,53.004370,On or near Further/Higher Educational Building,E01029576,Newcastle-under-Lyme 012A,Further investigation is not in the public interest
0c7ec123bc453418f223bcc068d29fabe6365a10f93ee20287cb91a067e088b7,2021-10,Staffordshire Police,Staffordshire Police,-2.202329,52.995215,On or near WAINWOOD RISE,E01014338,Stoke-on-Trent 023A,Investigation complete; no suspect identified
8975d89978a71f865ed0c50cf3f9ff61d66e449dddaffa1405392c1d444186a0,2021-10,Staffordshire Police,Staffordshire Police,-2.137960,52.988692,On or near Parking Area,E01014302,Stoke-on-Trent 022D,Investigation complete; no suspect identified
82ebc6ee6f231acb8cc961b320b6ddb3343525b23fb5e9f7e5b9aaab1ad29bd8,2021-10,Staffordshire Police,Staffordshire Police,-1.938301,52.673875,On or near ELUNDA GROVE,E01029497,Lichfield 006E,Action to be taken by another organisation
61e4175088bd6192439fb5f530bdcce1bcd36bbaf6bcf5812c1535e4924430eb,2021-10,Staffordshire Police,Staffordshire Police,-2.126284,53.010036,On or near HOUSEFIELD ROAD,E01014224,Stoke-on-Trent 017E,Unable to prosecute suspect
3cfebecda6987f5ef92146fb4a11e92a0200d2ee4cde413cf33383d35eecb2db,2021-10,Staffordshire Police,Staffordshire Police,-1.892209,52.635519,On or near HEATH CLOSE,E01029523,Lichfield 011E,Investigation complete; no suspect identified
ba41b4a7b4230fc834e8a0cfcb65c1863ce640d6c962bcb4dea9ebffa9a8a08f,2021-10,Staffordshire Police,Staffordshire Police,-2.135145,52.988812,On or near ST MARTIN'S LANE,E01014302,Stoke-on-Trent 022D,Suspect charged as part of another case
299d7485ce5683387199e0855251bb9d00776394da5fba90d358cdf820929b41,2021-10,Staffordshire Police,Staffordshire Police,-2.141135,52.993866,On or near FOLEY STREET,E01014273,Stoke-on-Trent 021A,Unable to prosecute suspect
97cb693a4099460193178c81c71382df75c742a2304d9937a85fb16a7a199117,2021-10,Staffordshire Police,Staffordshire Police,-2.177089,53.024021,On or near Parking Area,E01014287,Stoke-on-Trent 015D,Unable to prosecute suspect
a204e051cf749d787936bf875b1d77246f90b67442a4c9debfe051525134ffd2,2021-10,Staffordshire Police,Staffordshire Police,-2.026308,52.692990,On or near CALVING HILL,E01029367,Cannock Chase 011E,Unable to prosecute suspect
12c74c45caffa76e3202361ffc33b1d95d679ba66b8790279c86992175a4e3fd,2021-10,Staffordshire Police,Staffordshire Police,-2.199546,53.086253,On or near SAMUEL STREET,E01014264,Stoke-on-Trent 001E,Unable to prosecute suspect
036860cbe28bde91329d854040e9c9fb6db0e3c99b306abb0457b648f19e40e8,2021-10,Staffordshire Police,Staffordshire Police,-2.025646,52.673771,On or near BRIDGE STREET,E01029359,Cannock Chase 012A,Unable to prosecute suspect
6e8c9690721285997cbb44888ff779faf4d04f0f281d08b18153b6aa1ee56d69,2021-10,Staffordshire Police,Staffordshire Police,-1.936803,52.759140,On or near Bus/Coach Station,E01029404,Cannock Chase 002E,Suspect charged
6d8bec6fe39d856b509107de8e1af79d90dc5d6b9d3e0b05e4b1d4fc2a547948,2021-10,Staffordshire Police,Staffordshire Police,-2.240826,53.091318,On or near SUSSEX DRIVE,E01029564,Newcastle-under-Lyme 002C,Suspect charged
eb93cb19225324ee75c4d75559874b51e28bba26f0e655e8fae9dc09775cb554,2021-10,Staffordshire Police,Staffordshire Police,-2.113072,52.716519,On or near BOSCOMOOR COURT,E01029658,South Staffordshire 001D,Local resolution
9431852dd8858585bc4478d9578eb0dcd91a22c18babae0e682d3ded548873dd,2021-10,Staffordshire Police,Staffordshire Police,-2.240826,53.091318,On or near SUSSEX DRIVE,E01029564,Newcastle-under-Lyme 002C,Suspect charged
401ffbd9e6dd299481a10321acd8dfbdb9ac25fc7926c542e51e7ef438cfc375,2021-10,Staffordshire Police,Staffordshire Police,-2.133145,52.987618,On or near COMMERCE STREET,E01014302,Stoke-on-Trent 022D,Suspect charged
401ffbd9e6dd299481a10321acd8dfbdb9ac25fc7926c542e51e7ef438cfc375,2021-10,Staffordshire Police,Staffordshire Police,-2.133145,52.987618,On or near COMMERCE STREET,E01014302,Stoke-on-Trent 022D,Suspect charged
534087757fe536a0011d336053fa162fa11304879289458eb9294f36adf834ae,2021-10,Staffordshire Police,Staffordshire Police,-2.133145,52.987618,On or near COMMERCE STREET,E01014302,Stoke-on-Trent 022D,Suspect charged
534087757fe536a0011d336053fa162fa11304879289458eb9294f36adf834ae,2021-10,Staffordshire Police,Staffordshire Police,-2.133145,52.987618,On or near COMMERCE STREET,E01014302,Stoke-on-Trent 022D,Suspect charged
9ac524e2345423e32207070825be9c4a190eb97cb658f58f74fb4d651a5700fb,2021-10,Staffordshire Police,Staffordshire Police,-2.144705,53.032236,On or near SCHOOL ROAD,E01014210,Stoke-on-Trent 012A,Investigation complete; no suspect identified
14323d209ce1aefd9eeb818b8ff25720a18685b02282bc8143805ef9c14327f9,2021-10,Staffordshire Police,Staffordshire Police,-2.111253,52.983919,On or near CURLAND PLACE,E01014304,Stoke-on-Trent 025D,Further action is not in the public interest
b208cdd1d8f6b6cd7385a8d717ab96456a1c6b5bc9381e8f57022f5c90e81924,2021-10,Staffordshire Police,Staffordshire Police,-1.927683,52.673779,On or near BANK CRESCENT,E01029496,Lichfield 010A,Further action is not in the public interest
c7f3b6047406eb7841c3e130478dc86156a6674a134d4bb0abf3c308d6944230,2021-10,Staffordshire Police,Staffordshire Police,-1.964288,52.670919,On or near VICTORIA COURT,E01029397,Cannock Chase 013D,Investigation complete; no suspect identified
0b9461530bfac39c2579c113890bab1a16cede001930a982b6476454b330da11,2021-10,Staffordshire Police,Staffordshire Police,-2.115338,52.717155,On or near COMMERCE DRIVE,E01029658,South Staffordshire 001D,Unable to prosecute suspect
6ef68a66e9d3b531f5eb4c35d5b37ed2dfb43e2906465dcf2d179dcc44262e75,2021-10,Staffordshire Police,Staffordshire Police,-2.176569,52.995283,On or near WEST PARADE,E01014277,Stoke-on-Trent 020D,Unable to prosecute suspect
62e0bc5a30a48afacb6cde4cca37e90455279110b42a8deb5281948585080c96,2021-10,Staffordshire Police,Staffordshire Police,-2.165589,53.018869,On or near BRENTLEIGH WAY,E01033216,Stoke-on-Trent 016G,Offender given a caution
e8b914ac5454794e29c91b581d3a260dc583ec87059c1b7b56d81a18d41672ad,2021-10,Staffordshire Police,Staffordshire Police,-1.628534,52.814167,On or near HAWKINS LANE,E01032896,East Staffordshire 011F,Investigation complete; no suspect identified
286b315e733e0321960e7d3f6efa9da19342dc60775e8a416d213f5b8597fa2e,2021-10,Staffordshire Police,Staffordshire Police,-1.639672,52.820036,On or near HORNINGLOW CROFT,E01029437,East Staffordshire 007D,Investigation complete; no suspect identified
8e157268c3559500b143999542d27ca5149bf252d296c598c44e0036b8b838ec,2021-10,Staffordshire Police,Staffordshire Police,-2.168777,53.071558,On or near WHITLEY ROAD,E01014337,Stoke-on-Trent 004E,Offender given a caution
67039482933e8a92388ccdc76e0d6171692bb44afce12c2c1bc97ee6fefb87cf,2021-10,Staffordshire Police,Staffordshire Police,-2.170880,52.999741,On or near NAPIER STREET,E01014276,Stoke-on-Trent 020C,Investigation complete; no suspect identified
5aa6190845c3615fc2f8c6b97e152dcdb06de4f7ea7988b53ce2ad8b8041ec0a,2021-10,Staffordshire Police,Staffordshire Police,-1.667146,52.614721,On or near ROMNEY,E01029829,Tamworth 010A,Investigation complete; no suspect identified
0c6e89ee9d7cc06ead7aab4b5fdd6a04060da699c845379063418e06a2d61717,2021-10,Staffordshire Police,Staffordshire Police,-2.200663,52.954057,On or near Parking Area,E01029748,Stafford 002D,Unable to prosecute suspect
6a520d9b4da977b4b82a5340cca70608a1605c5b08c9b96f3a99f5faa88d7415,2021-10,Staffordshire Police,Staffordshire Police,-2.337760,53.003016,On or near MADLEY COURT,E01029573,Newcastle-under-Lyme 013B,Unable to prosecute suspect
ccf8a66de80e6b91d2df41ae142dc1d59cf0f4f58c6ecb9325357644d9c7ef49,2021-10,Staffordshire Police,Staffordshire Police,-2.337760,53.003016,On or near MADLEY COURT,E01029573,Newcastle-under-Lyme 013B,Unable to prosecute suspect
08b88e0de5846f69d1c4b4cb70281f678fc2b31b462ac430b02567f29b241b12,2021-10,Staffordshire Police,Staffordshire Police,-1.900666,52.678766,On or near LEAM DRIVE,E01029508,Lichfield 003C,Investigation complete; no suspect identified
7543e8f563bd03d2552db92e4de5db5d0f0fec1ebbf0f99c9113607ea39740a5,2021-10,Staffordshire Police,Staffordshire Police,-1.633855,52.816503,On or near GOODMAN STREET,E01029429,East Staffordshire 008D,Investigation complete; no suspect identified
e83e18e3a915f032cd576abbf7106e708d50a07cc799f2897143d62e35f37d10,2021-10,Staffordshire Police,Staffordshire Police,-1.649402,52.608053,On or near WAINRIGG,E01029857,Tamworth 008C,Investigation complete; no suspect identified
51fbe5efded412f6d7485d8e46e1120c52b067811b6552658fe4ff1c0582b8cf,2021-10,Staffordshire Police,Staffordshire Police,-2.186063,53.003089,On or near LONDON ROAD,E01014345,Stoke-on-Trent 019E,Investigation complete; no suspect identified
e8ac598ff56ae16fa21362313abfb54e9fcb7db369c19bd4a5e8b83876fda851,2021-10,Staffordshire Police,Staffordshire Police,-2.186063,53.003089,On or near LONDON ROAD,E01014345,Stoke-on-Trent 019E,Investigation complete; no suspect identified
c4ffa45da4a2b4ff5648b6b08c570aa12259b3582be75f8343e2d0ebf5295769,2021-10,Staffordshire Police,Staffordshire Police,-1.677837,52.637171,On or near JASON CLOSE,E01029834,Tamworth 004D,Investigation complete; no suspect identified
774c7ed6bbdcba6dcefb036c5134505617d37a56371751b575b2174cad04a345,2021-10,Staffordshire Police,Staffordshire Police,-2.071784,52.788090,On or near THE UPLANDS,E01029760,Stafford 014H,Investigation complete; no suspect identified
774c7ed6bbdcba6dcefb036c5134505617d37a56371751b575b2174cad04a345,2021-10,Staffordshire Police,Staffordshire Police,-2.071784,52.788090,On or near THE UPLANDS,E01029760,Stafford 014H,Investigation complete; no suspect identified
774c7ed6bbdcba6dcefb036c5134505617d37a56371751b575b2174cad04a345,2021-10,Staffordshire Police,Staffordshire Police,-2.071784,52.788090,On or near THE UPLANDS,E01029760,Stafford 014H,Investigation complete; no suspect identified
3846fe5891490d631d65e793fcb4d7a6253e4926f7e97c9bedf263a2bba69f83,2021-10,Staffordshire Police,Staffordshire Police,-1.693115,52.637382,On or near Supermarket,E01029851,Tamworth 002E,Investigation complete; no suspect identified
2100e7f9afedb28267836864aa6131dbfdd2c5ec1e48efd444966f584a2c5005,2021-10,Staffordshire Police,Staffordshire Police,-2.192579,53.010639,On or near NORTH STREET,E01014291,Stoke-on-Trent 018D,Investigation complete; no suspect identified
ab341259f47a8882c3782284f3dfc11828751d2842ba03ccd8c56b7fa2f335e7,2021-10,Staffordshire Police,Staffordshire Police,-2.140175,53.019288,On or near TWIGG STREET,E01014219,Stoke-on-Trent 014B,Unable to prosecute suspect
9d073619fbd82258f4c104d9362118f6706472d5c013ac94f463ec54fe6c4d86,2021-10,Staffordshire Police,Staffordshire Police,-2.263453,53.070164,On or near Shopping Area,E01029596,Newcastle-under-Lyme 004E,Investigation complete; no suspect identified
a0f01f8e3a08a446d6dfd7d53949e1f5439bbd748d38d7f959329788f4744642,2021-10,Staffordshire Police,Staffordshire Police,-2.134667,52.993253,On or near ASHWOOD,E01014300,Stoke-on-Trent 022C,Investigation complete; no suspect identified
b033dcfa12c33b62d7ec18701bdafa2f0c1792148b35fec9ef66ef30bceec4b5,2021-10,Staffordshire Police,Staffordshire Police,-2.030809,52.697250,On or near TEDDESLEY COURT,E01029356,Cannock Chase 007C,Investigation complete; no suspect identified
badc5ae9001bf9c0958241853e105e2ee7da7a3395520718b82123dd7bca4d1a,2021-10,Staffordshire Police,Staffordshire Police,-1.831190,52.691354,On or near CRANE FIELD,E01029492,Lichfield 004A,Further action is not in the public interest
2f7363aad64699f3a4ebecb95d4616242bd999e2b9e2e54b95bcccc8c61cc0ac,2021-10,Staffordshire Police,Staffordshire Police,-1.639408,52.805346,On or near GRANTS YARD,E01032896,East Staffordshire 011F,Investigation complete; no suspect identified
e08fce16df733dca5799b7bc8d89329163aa63676aca0f809de76dc7bd76086b,2021-10,Staffordshire Police,Staffordshire Police,-2.136761,53.019409,On or near TRURO PLACE,E01014221,Stoke-on-Trent 017B,Unable to prosecute suspect
e8714c8254b7d3b7a2d8f304bb02085c8aad01a4de84771dda377bf09dbf4f2e,2021-10,Staffordshire Police,Staffordshire Police,-2.187257,52.534230,On or near WALK LANE,E01029675,South Staffordshire 013E,Local resolution
8c81905750ec982e3f10a1a83c9a82e80ae98fa6af3b773ce3e6c14bdd652b54,2021-10,Staffordshire Police,Staffordshire Police,-2.181003,52.626601,On or near Parking Area,E01029615,South Staffordshire 008C,Investigation complete; no suspect identified
730d48a1031e759d08d585251be0ef704c8f8d66c0f2945edb61e16d737673ec,2021-10,Staffordshire Police,Staffordshire Police,-1.823257,52.695703,On or near PURCELL AVENUE,E01029499,Lichfield 004B,Unable to prosecute suspect
05911b77971f9393a10aa931200935d7197f097a28200efb300430117103ddb7,2021-10,Staffordshire Police,Staffordshire Police,-1.632808,52.801676,On or near Shopping Area,E01032896,East Staffordshire 011F,Local resolution
8d0068cc9b9ae2d996c79aae1b8cc9bca02b4ea28ed24436d7605867e4a82161,2021-10,Staffordshire Police,Staffordshire Police,-2.104774,52.799554,On or near Pedestrian Subway,E01029699,Stafford 010D,Investigation complete; no suspect identified
fde9195ed7d2e5a89c26dcfff973623aaafac6061402916182e6b5498444386f,2021-10,Staffordshire Police,Staffordshire Police,,,No location,,,Investigation complete; no suspect identified
b61a38f50c02060e2017ea0adf66633841e283a9a3bc47d69f7369d03ca267f9,2021-10,Staffordshire Police,Staffordshire Police,-2.034197,52.696539,On or near STAFFORD ROAD,E01029367,Cannock Chase 011E,Investigation complete; no suspect identified
43968e06eafd2abb203b4a75a6dabc61f269deb691778734f3c801c1e7d7be3a,2021-10,Staffordshire Police,Staffordshire Police,-2.169764,52.969800,On or near THE PARKS,E01014236,Stoke-on-Trent 032B,Unable to prosecute suspect
331c910f4842a11ef86792a95873416c3004a6da3207fd1634595a24afd59add,2021-10,Staffordshire Police,Staffordshire Police,-1.807029,52.650954,On or near BROOM COVERT ROAD,E01029488,Lichfield 012A,Unable to prosecute suspect
87990a569d915aedb576a2e3833e126191eeef0dcd0d18df011e3efccd473084,2021-10,Staffordshire Police,Staffordshire Police,-1.860399,52.899112,On or near TOWN MEADOWS WAY,E01029460,East Staffordshire 003B,Investigation complete; no suspect identified
4c09c0d4a80d60293da9eac2ceaf354173d377a1819cb7a9caf65779254cf14a,2021-10,Staffordshire Police,Staffordshire Police,-2.119581,53.000802,On or near ANCHOR ROAD,E01014229,Stoke-on-Trent 017F,Investigation complete; no suspect identified
5bfba619cfc52217505304e1d3de30355345523643d25bee54431c8a6df87a4c,2021-10,Staffordshire Police,Staffordshire Police,-2.190843,53.059543,On or near Supermarket,E01014243,Stoke-on-Trent 006C,Investigation complete; no suspect identified
f9f0373c0f091596cb7f4087a6bd2fed2975182dd56e12408ea962480f2a3fbb,2021-10,Staffordshire Police,Staffordshire Police,-1.700409,52.633841,On or near LICHFIELD STREET,E01029835,Tamworth 002A,Unable to prosecute suspect
0c6a585c74bf39ca9b8d1eadec96569fc3a0c02bd5d901533e393d7d6663a9c9,2021-10,Staffordshire Police,Staffordshire Police,-2.139275,52.994605,On or near GOLDENHILL ROAD,E01014278,Stoke-on-Trent 021B,Investigation complete; no suspect identified
cccf50c5916504742399bdb07d4c2be3a4fc1751563815255f4fc437ce41ddc4,2021-10,Staffordshire Police,Staffordshire Police,-2.205716,53.043319,On or near NEWCASTLE STREET,E01014250,Stoke-on-Trent 009B,Suspect charged
520b36a8652aa9e5472bf74713a2d451262de9f35af79e4ab3c8bc67b4a4732e,2021-10,Staffordshire Police,Staffordshire Police,-2.209408,53.001846,On or near GRINDLEY HILL COURT,E01014294,Stoke-on-Trent 018F,Unable to prosecute suspect
b617f89318caebac8593f5fc207659fb4f8fc1b590e082cd4314bf566a3ace3b,2021-10,Staffordshire Police,Staffordshire Police,-1.919979,52.681028,On or near Supermarket,E01029489,Lichfield 009C,Investigation complete; no suspect identified
0595b157ffc05f95da8816136157ebfb6f9b8bd10c7b350f91596c6cafcf8dad,2021-10,Staffordshire Police,Staffordshire Police,-2.198100,52.565353,On or near MARKET LANE,E01029672,South Staffordshire 013C,Investigation complete; no suspect identified
87142a02eac39a342e7dd086ef444b6711a11a74d8f90a97255f8d7ae31d71ea,2021-10,Staffordshire Police,Staffordshire Police,-1.796135,52.771918,On or near Sports/Recreation Area,E01029473,East Staffordshire 006E,Unable to prosecute suspect
78361ae85f478af3fb0bbdc7f3c743e519743b6baa35872a3de7c1dd0c64e90a,2021-10,Staffordshire Police,Staffordshire Police,-2.183038,52.995948,On or near FIELDING STREET,E01014339,Stoke-on-Trent 019C,Investigation complete; no suspect identified
a8a0f9524092dc947405e67999d370e29ae3998acbb591a43c236600fb7751ad,2021-10,Staffordshire Police,Staffordshire Police,-2.186063,53.003089,On or near LONDON ROAD,E01014345,Stoke-on-Trent 019E,Suspect charged
4b5265108844f799df7725f5251246bd61ec6c0ecba091920b31b490891c5d64,2021-10,Staffordshire Police,Staffordshire Police,-2.025137,52.689098,On or near Supermarket,E01029360,Cannock Chase 012B,Investigation complete; no suspect identified
d90925bf849197895e707f5809a1c0da85baf7efee1548daf4f6d2b89ee90da5,2021-10,Staffordshire Police,Staffordshire Police,-2.012104,52.690269,On or near EASTERN WAY,E01029375,Cannock Chase 010A,Investigation complete; no suspect identified
258bb1788108b2b0358751ccdcf0948dd0ef80356050121d9236b220573823c0,2021-10,Staffordshire Police,Staffordshire Police,-2.244218,53.086385,On or near Parking Area,E01029588,Newcastle-under-Lyme 002D,Action to be taken by another organisation
a0dadcd44c882f7e85f3305fccab54a8826e0bd072b15e11f485ea96338bc782,2021-10,Staffordshire Police,Staffordshire Police,-2.031462,53.066191,On or near STEELE CLOSE,E01029792,Staffordshire Moorlands 006A,Investigation complete; no suspect identified
36317acbb98ba428526abf256a87c02651ec19fec342577968d66ead6d65b2b7,2021-10,Staffordshire Police,Staffordshire Police,-2.153552,52.970739,On or near Sports/Recreation Area,E01014235,Stoke-on-Trent 032A,Investigation complete; no suspect identified
72d940f504a9109f0eacfc8c97988ece8d44795ecccbd3961ac291a569bf237e,2021-10,Staffordshire Police,Staffordshire Police,-2.128376,52.997008,On or near OLDWAY PLACE,E01014296,Stoke-on-Trent 022A,Investigation complete; no suspect identified
3a8a0cff64bbc59c18fb690fa0fa6bd4c021f7747f75c1f921ce52ecde1ee9a2,2021-10,Staffordshire Police,Staffordshire Police,-2.192404,53.028195,On or near RIDGEHOUSE DRIVE,E01014285,Stoke-on-Trent 015B,Investigation complete; no suspect identified
5a3fec8072ec2cff6d6ee5b05e46994db3a2dea62076394bc1401d6d22ef4760,2021-10,Staffordshire Police,Staffordshire Police,-1.997293,52.703430,On or near Petrol Station,E01029391,Cannock Chase 009D,Investigation complete; no suspect identified
d6d367d8e7d7ca688fa17a37eac4214630f101c1b84561b887ae36c0d7443ae8,2021-10,Staffordshire Police,Staffordshire Police,-2.144705,53.032236,On or near SCHOOL ROAD,E01014210,Stoke-on-Trent 012A,Investigation complete; no suspect identified
b4ab5e24d0867dfa3a8f7ccd64a422b38b1777911d8692d4e0ec429e8ee051bb,2021-10,Staffordshire Police,Staffordshire Police,-1.938457,52.678729,On or near Supermarket,E01029497,Lichfield 006E,Investigation complete; no suspect identified
60d258ce9f8ce28f25d25f792283a5e3e05528df4b75846a219e0a55ef03ded3,2021-10,Staffordshire Police,Staffordshire Police,-2.206999,53.058904,On or near THE BOULEVARD,E01014355,Stoke-on-Trent 005B,Investigation complete; no suspect identified
3cf4066a9c4c7e80ee72485cc261ea3985ca6c6687b1911a5a6c258cff3cb53f,2021-10,Staffordshire Police,Staffordshire Police,-1.659967,52.609145,On or near BRAMBLING,E01029867,Tamworth 010C,Unable to prosecute suspect
7fa1d3af6b0a545347b5d7e0e954c56fd9414efb617e0a74c948a92c5489e86d,2021-10,Staffordshire Police,Staffordshire Police,-2.029167,52.675873,On or near Further/Higher Educational Building,E01029359,Cannock Chase 012A,Unable to prosecute suspect
954d978f215785af771de2a04e3566657b3600d34d52b8e6fc978221e6bca0cc,2021-10,Staffordshire Police,Staffordshire Police,-1.633977,52.796745,On or near Supermarket,E01032898,East Staffordshire 011H,Investigation complete; no suspect identified
212e2999f32384c1fd12d5a71d19abe8f7219667461d7b2f02132751e47407f4,2021-10,Staffordshire Police,Staffordshire Police,-2.188625,53.047168,On or near MOORLAND ROAD,E01014249,Stoke-on-Trent 011A,Investigation complete; no suspect identified
fc7bd33f192f7c884da430247f41463ed3246d784d4696af7a41dabd8aab4f7c,2021-10,Staffordshire Police,Staffordshire Police,-1.631072,52.801761,On or near Shopping Area,E01032896,East Staffordshire 011F,Unable to prosecute suspect
23c5ddd2c26bab39e0e655eb6057af70ada3b3ebb9210796e2da2b340b9e9cdc,2021-10,Staffordshire Police,Staffordshire Police,-2.205865,53.058942,On or near Pedestrian Subway,E01014356,Stoke-on-Trent 005C,Investigation complete; no suspect identified
31a099eb7530b2c57b3cdcb0db8cf8447564698878193be0da902539da38c02d,2021-10,Staffordshire Police,Staffordshire Police,-2.156390,53.051233,On or near HAYESWOOD GROVE,E01014267,Stoke-on-Trent 007E,Unable to prosecute suspect
735f74389a2b6a6f4cb11d8fedb92e6331876e2c4c6a1d682f6394e27399a0fe,2021-10,Staffordshire Police,Staffordshire Police,-2.169203,53.020329,On or near EASTWOOD ROAD,E01014231,Stoke-on-Trent 016B,Investigation complete; no suspect identified
bcd7841d2220c0512fa8a50c3e61b6cd7a0160096ffa9ee568bcc28c8abe20a4,2021-10,Staffordshire Police,Staffordshire Police,-1.643306,52.820200,On or near CRAVEN STREET,E01029436,East Staffordshire 007C,Unable to prosecute suspect
4c008402ad6478438f97f3853adff95a5a5987d3ec101e10f4239617c1502a81,2021-10,Staffordshire Police,Staffordshire Police,-1.923539,52.751860,On or near ARMITAGE ROAD,E01029345,Cannock Chase 003A,Unable to prosecute suspect
15b52a94d9fa067b0f35a33a7272b9e56b34847210008d05bcee1b6deb182aef,2021-10,Staffordshire Police,Staffordshire Police,-2.128470,52.576480,On or near DRAYTON STREET,E01010433,Wolverhampton 035E,Investigation complete; no suspect identified
c5d952fa269d4e9ecf6550313c35e961e0bd9c7b5a561db1def1fec7182ebd4a,2021-10,Staffordshire Police,Staffordshire Police,-1.978530,52.699887,On or near SCOTT STREET,E01029379,Cannock Chase 006A,Unable to prosecute suspect
c03bba4785293377b0fcf75ee155b22397ad8d940548de9827edd24616851146,2021-10,Staffordshire Police,Staffordshire Police,-1.635342,52.812552,On or near HORNINGLOW STREET,E01029426,East Staffordshire 008A,Investigation complete; no suspect identified
275004e0faeb3baefb22993ca7c386b32415d09a7b87f94e9205d07dd7043043,2021-10,Staffordshire Police,Staffordshire Police,-2.186060,52.537234,On or near Petrol Station,E01029671,South Staffordshire 012A,Investigation complete; no suspect identified
1aa5d48443c19b250ff1bbb9f5bcdb3afd19a2cc1b2f85ae4b8fe99a1dfd08cc,2021-10,Staffordshire Police,Staffordshire Police,-1.923539,52.751860,On or near ARMITAGE ROAD,E01029345,Cannock Chase 003A,Unable to prosecute suspect
9177e520dfbd206bb44b58a1e2dc091a4c2d0305e4de4df08f0cb3be378a3d93,2021-10,Staffordshire Police,Staffordshire Police,-1.786516,52.713990,On or near HALIFAX CLOSE,E01029479,Lichfield 002C,Unable to prosecute suspect
6af2a0c726d75a39d3e6f988f5e0d4d744a6e9d29b4025104a1f4f86ab561cab,2021-10,Staffordshire Police,Staffordshire Police,-1.650711,52.610583,On or near RIBBLESDALE,E01029857,Tamworth 008C,Unable to prosecute suspect
05aaf96a9079232bee93ff18e94e08682c8649af65460dfafff7c2b8bd93a5c0,2021-10,Staffordshire Police,Staffordshire Police,-2.208925,53.049876,On or near WESTPORT ROAD,E01014356,Stoke-on-Trent 005C,Unable to prosecute suspect
ff571c34ca8d7a3da1f186acd49209029c9ff342aa96941492106fbd560e4990,2021-10,Staffordshire Police,Staffordshire Police,-2.214916,53.063681,On or near BOND STREET,E01014361,Stoke-on-Trent 005D,Action to be taken by another organisation
e15926694cdf8155fa0cd3e99b92c82195cf006f53503633e0345e8e96257b96,2021-10,Staffordshire Police,Staffordshire Police,-2.176351,53.025811,On or near STAFFORD STREET,E01014287,Stoke-on-Trent 015D,Investigation complete; no suspect identified
de2120fcd20ce2978386d179addf59c16f1759b32025fe22237c63143a09b3fb,2021-10,Staffordshire Police,Staffordshire Police,-1.633977,52.796745,On or near Supermarket,E01032898,East Staffordshire 011H,Unable to prosecute suspect
8d55415ae081e6dafad5a74d1cc88cc3f1b2463ad98a3b05e9ea119424e2b4e6,2021-10,Staffordshire Police,Staffordshire Police,-2.197739,53.040546,On or near COTTERILL GROVE,E01014251,Stoke-on-Trent 009C,Investigation complete; no suspect identified
9d93a95df57f5ffa7d605c089260090a7881546d9368730da8745a7246aae849,2021-10,Staffordshire Police,Staffordshire Police,-2.153716,53.050257,On or near DOWNFIELD PLACE,E01014267,Stoke-on-Trent 007E,Investigation complete; no suspect identified
8a07b4b6a3d4e8815034da37957fb15524fe044a1f24e9fa93917a641c7a09fe,2021-10,Staffordshire Police,Staffordshire Police,-2.188379,53.007823,On or near KNOWLE STREET,E01014291,Stoke-on-Trent 018D,Unable to prosecute suspect
a395f49f0740666df5d8eb0cf2e4bf09d3b8fc1f331c56e478e121ebe71ebc93,2021-10,Staffordshire Police,Staffordshire Police,-2.001615,52.710946,On or near Parking Area,E01029389,Cannock Chase 005D,Suspect charged
a395f49f0740666df5d8eb0cf2e4bf09d3b8fc1f331c56e478e121ebe71ebc93,2021-10,Staffordshire Police,Staffordshire Police,-2.001615,52.710946,On or near Parking Area,E01029389,Cannock Chase 005D,Suspect charged
a395f49f0740666df5d8eb0cf2e4bf09d3b8fc1f331c56e478e121ebe71ebc93,2021-10,Staffordshire Police,Staffordshire Police,-2.001615,52.710946,On or near Parking Area,E01029389,Cannock Chase 005D,Suspect charged
19e99370c56e1d9f273d41eb416121ccc611ae420075785edb7c9c67f8990f2b,2021-10,Staffordshire Police,Staffordshire Police,-2.080252,52.813048,On or near WESTON ROAD,E01029732,Stafford 011E,Unable to prosecute suspect
b2b6467cd1d01ab524597885a75373f6b2d0cf777f9543752796848f6b3624ff,2021-10,Staffordshire Police,Staffordshire Police,-2.220551,53.077290,On or near CHARLOTTE STREET,E01014357,Stoke-on-Trent 002A,Investigation complete; no suspect identified
c1aaa4b1e4db3c6565df0cacbf7f6eb06ada1e2e0d86a4d8a38c9a3673a82cb3,2021-10,Staffordshire Police,Staffordshire Police,-2.175784,53.018396,On or near BOWER STREET,E01014287,Stoke-on-Trent 015D,Action to be taken by another organisation
6f9390dd208f11b1058a080d09853424e0065e72299a141823c2cd0d527aba57,2021-10,Staffordshire Police,Staffordshire Police,-2.138484,53.026553,On or near TRINITY PLACE,E01014212,Stoke-on-Trent 012C,Unable to prosecute suspect
1f4ac78bcb7a040a44ecf42d4e7a07cd7a9017897ce77045f1033cf0a71c0d34,2021-10,Staffordshire Police,Staffordshire Police,-2.179487,53.012682,On or near AVENUE ROAD,E01014282,Stoke-on-Trent 016D,Unable to prosecute suspect
196afa7a0d5f64d6b5912535ba79a62709210a593ec6ebdebccd1953059f5668,2021-10,Staffordshire Police,Staffordshire Police,-2.183448,53.053954,On or near STEELE AVENUE,E01014245,Stoke-on-Trent 006E,Unable to prosecute suspect
8739692de73e28be1aacda2238bb483de8bfcde1953ad15fe2179b85ac87d5ab,2021-10,Staffordshire Police,Staffordshire Police,-2.186737,53.007376,On or near LEWIS STREET,E01014293,Stoke-on-Trent 019A,Investigation complete; no suspect identified
e78cae9b14026ba0f2fdd401577371382661922f40b8651c1ddef5a99d92f5d7,2021-10,Staffordshire Police,Staffordshire Police,-2.163308,52.983302,On or near LARCH GROVE,E01014234,Stoke-on-Trent 026B,Suspect charged
28485de662772bdca01f45a860d338d2c4d3c1343e4e7b0f08aef6aa59f0adea,2021-10,Staffordshire Police,Staffordshire Police,-2.166932,53.046032,On or near Petrol Station,E01014270,Stoke-on-Trent 008D,Investigation complete; no suspect identified
31b55f8815453b3e375f1fb656612c193b22d5835eb9c5064a5dc1a7774d750f,2021-10,Staffordshire Police,Staffordshire Police,-2.034110,53.111962,On or near Sports/Recreation Area,E01029807,Staffordshire Moorlands 005B,Unable to prosecute suspect
e2f51e1c57c191b30dda7683040c0b616924347794cb3f7c11453db8f10c9df4,2021-10,Staffordshire Police,Staffordshire Police,-1.934492,52.759004,On or near Shopping Area,E01029404,Cannock Chase 002E,Suspect charged
e5d06d73fabe24ed28b6215eb19f9eaafa77d5a04c2c71262c58e005087cb2b4,2021-10,Staffordshire Police,Staffordshire Police,-2.177223,53.005917,On or near SQUIRES VIEW,E01014282,Stoke-on-Trent 016D,Investigation complete; no suspect identified
ab54b32699a5aa192c63573655cdf3de8c1487adbf761ea47b4fa041c5fe9404,2021-10,Staffordshire Police,Staffordshire Police,-2.134232,52.987473,On or near Bus/Coach Station,E01014302,Stoke-on-Trent 022D,Unable to prosecute suspect
fe0df253e23f2a25836d434504d722ff58929a518a3a22d5a3a96ae9aa999781,2021-10,Staffordshire Police,Staffordshire Police,-1.625792,52.782731,On or near HAZELWOOD ROAD,E01029453,East Staffordshire 014E,Unable to prosecute suspect
157b7f14b8290841ee324e66fec69a7709d78f33e716d53a22d13b7e510a7a2c,2021-10,Staffordshire Police,Staffordshire Police,-1.713529,52.615849,On or near BOURNE AVENUE,E01029503,Lichfield 012C,Suspect charged
16b1c57da363097e7720fe95857745803226d06a756efe1597a9142b81e47fd4,2021-10,Staffordshire Police,Staffordshire Police,-1.688119,52.627085,On or near TAME STREET,E01029838,Tamworth 005C,Unable to prosecute suspect
b36ce4f55f001d79ff1b94d4538d0b47b68a1d2ea23011446a4659ce4cbbb66d,2021-10,Staffordshire Police,Staffordshire Police,-2.152401,52.965068,On or near YAXLEY PLACE,E01014238,Stoke-on-Trent 032D,Unable to prosecute suspect
c49276e95ebde3e66aec4911f91f0d7d3a30bd43f1577f0ba9ada43c48937e91,2021-10,Staffordshire Police,Staffordshire Police,-2.176351,53.025811,On or near STAFFORD STREET,E01014287,Stoke-on-Trent 015D,Suspect charged
f87fb5069a5f64dc2ad0caa27c537ec2b83b1ebdda8a7c621be1b5a0102d1987,2021-10,Staffordshire Police,Staffordshire Police,-1.823807,52.617682,On or near LITTLE HAY LANE,E01029522,Lichfield 011D,Investigation complete; no suspect identified
0a4379dd9723267bf5e2b18c0cb1628f746cf7bb6314b6553119945b8f577022,2021-10,Staffordshire Police,Staffordshire Police,-2.151794,52.995839,On or near MONTROSE STREET,E01014279,Stoke-on-Trent 020E,Investigation complete; no suspect identified
e31fb9f04e6bf72c8a00d77cd46519251f861c6eedfb60022f72c1ae27a5a67f,2021-10,Staffordshire Police,Staffordshire Police,-1.603710,52.807785,On or near CHURCH HILL STREET,E01029470,East Staffordshire 010C,Investigation complete; no suspect identified
afde430ac9abd88672107e8cf5fa8a1b8e7821cda33d6d9a25ac58d4fd91475f,2021-10,Staffordshire Police,Staffordshire Police,-2.209280,53.003150,On or near HILTON ROAD,E01014294,Stoke-on-Trent 018F,Unable to prosecute suspect
51a2514b81eae4fe84e7e91f1fd0624f91a32c7c9ccfb3b6f65e17cf0b8aeb48,2021-10,Staffordshire Police,Staffordshire Police,-2.251488,53.047960,On or near PINEWOOD GROVE,E01029547,Newcastle-under-Lyme 007A,Further action is not in the public interest
59da8ef6ab7c9e486133710fd6b8456344d37aa4815da4b2a4a52577cea92ba1,2021-10,Staffordshire Police,Staffordshire Police,-2.166296,53.035965,On or near CHORLTON ROAD,E01014323,Stoke-on-Trent 013A,Investigation complete; no suspect identified
ec97702a53527f8b67befe919a8166f1f6b0c4516b10534dc5eb96e641612d64,2021-10,Staffordshire Police,Staffordshire Police,-2.175587,53.017614,On or near HARDING ROAD,E01014287,Stoke-on-Trent 015D,Formal action is not in the public interest
ce7cd5bf4623cc4e96279bb47800159678b6c5a8b19e2463cf9c8ecd712ca478,2021-10,Staffordshire Police,Staffordshire Police,-2.133370,52.794671,On or near SHAKESPEARE ROAD,E01029716,Stafford 013B,Unable to prosecute suspect
02f28f486bded2e4c94362660788da20541a7ad45e3d7e620b9c7e37ecb7282c,2021-10,Staffordshire Police,Staffordshire Police,-2.163188,53.038235,On or near BIRCH GREEN GROVE,E01014324,Stoke-on-Trent 010B,Investigation complete; no suspect identified
9d442a5468471214418882b933690c31f2e5b90cba187a4678015330132339e7,2021-10,Staffordshire Police,Staffordshire Police,-1.933473,52.697659,On or near RUGELEY ROAD,E01029515,Lichfield 003D,Investigation complete; no suspect identified
0959a9def3d7e420445d55b660f354a99af2cc1d2697322b518e5122a42555f4,2021-10,Staffordshire Police,Staffordshire Police,-2.185279,53.032269,On or near WINDERMERE STREET,E01014254,Stoke-on-Trent 011C,Unable to prosecute suspect
d2b43c3843eb40754f8400965319c02615e9ea1f34e704b1d407ea97f91faebd,2021-10,Staffordshire Police,Staffordshire Police,-2.240250,53.011999,On or near ROTTERDAM,E01029598,Newcastle-under-Lyme 010E,Further action is not in the public interest
5dbff2b4ad97bdcdea4f943d0fa2034ccce8a78bf4f59195cd1754e43d434979,2021-10,Staffordshire Police,Staffordshire Police,-2.135145,52.988812,On or near ST MARTIN'S LANE,E01014302,Stoke-on-Trent 022D,Suspect charged
4df51ddb7253403917cfa9397ed47a280fe92c89755a03062173f14f1d116d32,2021-10,Staffordshire Police,Staffordshire Police,-1.652064,52.628099,On or near QUINCE,E01029820,Tamworth 003A,Unable to prosecute suspect
06b0cdfa4bfb90180b057ac058b4b08b3600dfd23c069a8c756ab64b7b658adb,2021-10,Staffordshire Police,Staffordshire Police,-2.258801,52.988732,On or near M6,E01029601,Newcastle-under-Lyme 015E,Investigation complete; no suspect identified
1a7127b7e7c9f5ac268d5c67c04d5b0ee1936aa42406b8153964077554062d1a,2021-10,Staffordshire Police,Staffordshire Police,-1.994764,52.690000,On or near EAGLE GROVE,E01029378,Cannock Chase 010D,Investigation complete; no suspect identified
95b620a4c250677f96e4bc13e99a7757ede7cb059ad58076d72cf49978cf1db6,2021-10,Staffordshire Police,Staffordshire Police,-2.173733,53.053232,On or near ASHMAN STREET,E01014246,Stoke-on-Trent 008A,Unable to prosecute suspect
fe44edde8814d8d9df5e22c6b38b0cc83f447d860123a27680d107e0550048cf,2021-10,Staffordshire Police,Staffordshire Police,-2.156521,52.898210,On or near BROOKSIDE LANE,E01029756,Stafford 003F,Investigation complete; no suspect identified
7b7977928a5fc9e328d9822557558ce55a29aaaf9ddc592837f2b949b77e29e4,2021-10,Staffordshire Police,Staffordshire Police,-2.033134,52.660536,On or near CHESLYN DRIVE,E01029622,South Staffordshire 004B,Investigation complete; no suspect identified
cfd1daa6d5c67e82ffe960b6afb7aa44c29c5d7e928a0b3837da69c864d18fcb,2021-10,Staffordshire Police,Staffordshire Police,-2.188142,53.004812,On or near PUMP STREET,E01014345,Stoke-on-Trent 019E,Investigation complete; no suspect identified
b957bb6f60ea91535f2cd5b5515bca3ba03416e79e4eba1768b8d1f8690f65d1,2021-10,Staffordshire Police,Staffordshire Police,-2.190787,53.040270,On or near EXMOUTH GROVE,E01014251,Stoke-on-Trent 009C,Unable to prosecute suspect
97706ed27cdf4bddc12775643b10bffb45aed263f9094899d7266c19811184f1,2021-10,Staffordshire Police,Staffordshire Police,-1.631163,52.799729,On or near Further/Higher Educational Building,E01032898,East Staffordshire 011H,Unable to prosecute suspect
ad35229b269b0f30793e4f8b134c75e08d4db97254d842cb9619b4e5583d1e8f,2021-10,Staffordshire Police,Staffordshire Police,-2.111434,52.978993,On or near EBURY GROVE,E01014322,Stoke-on-Trent 031E,Investigation complete; no suspect identified
b83c0180eb699bdfc6df20c3d27358b433d557311729a92faefd4e09088aae07,2021-10,Staffordshire Police,Staffordshire Police,-2.204242,53.037515,On or near MALKIN WAY,E01014255,Stoke-on-Trent 009E,Unable to prosecute suspect
345c18ac9e4a39ccaf25b7447b85a631a0cb21d30b811152b243f49f660268ff,2021-10,Staffordshire Police,Staffordshire Police,-2.136328,53.057029,On or near BROMPTON DRIVE,E01014215,Stoke-on-Trent 007B,Investigation complete; no suspect identified
ca48bdb6d474147ed6034897223d5c6cca6a9667e5ee14d6e87920f6643acba4,2021-10,Staffordshire Police,Staffordshire Police,-1.643089,52.806877,On or near BOROUGH ROAD,E01029445,East Staffordshire 009A,Investigation complete; no suspect identified
dc112290c5f9aa9f5e7a57b021130806614b7561609d71b4d07cfd5d6bd37372,2021-10,Staffordshire Police,Staffordshire Police,-2.202744,52.988455,On or near FLASH LANE,E01014342,Stoke-on-Trent 023C,Investigation complete; no suspect identified
2021a38b1d3d1482ff09916d2c9f8881cef6984851c31f9f02267b78b1660a78,2021-10,Staffordshire Police,Staffordshire Police,-2.085500,52.810968,On or near WESTON ROAD,E01029723,Stafford 011C,Further action is not in the public interest
fa42ea8057c2376e846d729be33db13246495ea46b96b5ced23279a57065639c,2021-10,Staffordshire Police,Staffordshire Police,-2.148589,52.904297,On or near Police Station,E01029744,Stafford 003B,Investigation complete; no suspect identified
c277831a015a7a09da9adacfc6160fa566d5d2075447200bee3aa0a7cd08ddb6,2021-10,Staffordshire Police,Staffordshire Police,-2.033112,52.689941,On or near HIGH GREEN,E01029365,Cannock Chase 011C,Investigation complete; no suspect identified
cafd6143ebcc9fa65a4a8bae649426b8a7428b70bc8e99e53c68e63bc38c616c,2021-10,Staffordshire Police,Staffordshire Police,-2.160307,53.001356,On or near FREDERICK STREET,E01014275,Stoke-on-Trent 020B,Suspect charged as part of another case
753bc8b687187ac808871a8988f02e42b2151447396ba03320ee2f6a7984cf28,2021-10,Staffordshire Police,Staffordshire Police,-2.179245,53.022588,On or near CROWN STREET,E01014287,Stoke-on-Trent 015D,Investigation complete; no suspect identified
14ee68bdcdae9eb35ee1297b93bbc55c71b17952aec08fbc079199bca19a9d62,2021-10,Staffordshire Police,Staffordshire Police,-2.125698,52.823949,On or near NORTH AVENUE,E01029721,Stafford 007C,Investigation complete; no suspect identified
648050aafd0b3a086bbfaf7cdc3a53c1ac4e1a33ba66eda6fcbd691f48a9bf5b,2021-10,Staffordshire Police,Staffordshire Police,-2.261893,53.088451,On or near OLD BUTT LANE,E01029542,Newcastle-under-Lyme 003C,Investigation complete; no suspect identified
15d4241e6b0984b13d5c3dfecf4b76df0247c00cbd90ed8ad5036d99231fd080,2021-10,Staffordshire Police,Staffordshire Police,-2.188218,53.001819,On or near STURGESS STREET,E01014345,Stoke-on-Trent 019E,Investigation complete; no suspect identified
da0bd6225a86dd8a7d5203d0db1af89959a5b8a1692166093e770b108a549589,2021-10,Staffordshire Police,Staffordshire Police,-2.208918,53.030001,On or near Petrol Station,E01029611,Newcastle-under-Lyme 008E,Investigation complete; no suspect identified
717ebf9001ac160b68d3d54003d988a810cceb129c94b52f06e3669ca4e69242,2021-10,Staffordshire Police,Staffordshire Police,-2.124540,53.015126,On or near KIPLING WAY,E01014220,Stoke-on-Trent 017A,Further investigation is not in the public interest
7aac256cdf659059b97857306c51c6d42fd753077ff9542cdb240f4ae6669e77,2021-10,Staffordshire Police,Staffordshire Police,-2.167361,53.049007,On or near MIRANDA GROVE,E01014268,Stoke-on-Trent 008C,Unable to prosecute suspect
e9c6d832224b3d3b036b03e6903b9b659138bcc21feaa73684c8a91cfc558824,2021-10,Staffordshire Police,Staffordshire Police,-1.936189,52.763670,On or near Petrol Station,E01029402,Cannock Chase 001E,Action to be taken by another organisation
516aa35862a03454b937224f563bc06cf32986f72ba20e300578e605d5e7511b,2021-10,Staffordshire Police,Staffordshire Police,-2.092931,52.983333,On or near BONDFIELD WAY,E01014366,Stoke-on-Trent 028B,Investigation complete; no suspect identified
169ae9dca15f77b51e08ffbb391e80ff6de3bc77dcdf28f7e83fa211a641f9b9,2021-10,Staffordshire Police,Staffordshire Police,-2.175479,53.024149,On or near Shopping Area,E01014287,Stoke-on-Trent 015D,Unable to prosecute suspect
64005828b2dbf11e64055708e64817f2661ec46a5a8df91aa202a1085980c642,2021-10,Staffordshire Police,Staffordshire Police,-1.653848,52.632267,On or near WOODLAND ROAD,E01029824,Tamworth 003D,Action to be taken by another organisation
0125f04726627e9c7d737fd94a622f9810a2214a508abae95ea61e25e66790a7,2021-10,Staffordshire Police,Staffordshire Police,-2.132737,52.980913,On or near OLOF PALME GROVE,E01014306,Stoke-on-Trent 029B,Suspect charged
9382a5650f85aefdb2b3c5c0fb6bb71c732fa49bee7785cb73775833a4a86b9e,2021-10,Staffordshire Police,Staffordshire Police,-2.198535,52.970394,On or near PARKWOOD AVENUE,E01014348,Stoke-on-Trent 030B,Unable to prosecute suspect
3098c1f190f0d3a346c0bc986b171860b2c1fa6ebca179cd135854132e97b2db,2021-10,Staffordshire Police,Staffordshire Police,-1.673967,52.609139,On or near VALLEY LANE,E01032902,Tamworth 010G,Investigation complete; no suspect identified
ab8396edfbb3c2d8c8313949c412e93e3ff767de6622ab2c08f50fb23bd30d16,2021-10,Staffordshire Police,Staffordshire Police,-1.826283,52.682448,On or near Theatre/Concert Hall,E01029526,Lichfield 004E,Investigation complete; no suspect identified
6c3e36f80a13af86bbdf6b55857f26944d3379892a70550ce6360e532a2e365d,2021-10,Staffordshire Police,Staffordshire Police,-2.147669,53.013939,On or near WILLIAM BIRCH ROAD,E01014226,Stoke-on-Trent 014D,Investigation complete; no suspect identified
7bde26945639df59317353e2dca7d189d27f3d769e1216ae756dedb11117a136,2021-10,Staffordshire Police,Staffordshire Police,-2.119261,52.809114,On or near BULL HILL,E01029701,Stafford 010E,Investigation complete; no suspect identified
f77e8ff197ea069a56b0fc7d7dd265b72b006601f3616e23a5aa5536bd834a89,2021-10,Staffordshire Police,Staffordshire Police,-1.681369,52.694121,On or near MANOR CLOSE,E01029516,Lichfield 008A,Further action is not in the public interest
814299e1e234715bde42e908b2f6e80028ddc62b2d83147d064ee698fc16539b,2021-10,Staffordshire Police,Staffordshire Police,-1.934240,52.679536,On or near HIGH STREET,E01029497,Lichfield 006E,Investigation complete; no suspect identified
515b745ed5af3bb29b0f86fd5dcca55737c54e6827bd4a1c8b4bcb9fc93c1fae,2021-10,Staffordshire Police,Staffordshire Police,-2.224496,53.006349,On or near LYME VALLEY ROAD,E01029602,Newcastle-under-Lyme 011C,Investigation complete; no suspect identified
64579a4249240bd9ff60eea2f2d9a2ef548ef4f0075865fd17a4c7b1bb65c68c,2021-10,Staffordshire Police,Staffordshire Police,-2.122503,52.980106,On or near FURNACE ROAD,E01014307,Stoke-on-Trent 029C,Investigation complete; no suspect identified
af1f0215de694fb042d3ddbcd1c5d4afb07eada825355d610031d82477eb3df5,2021-10,Staffordshire Police,Staffordshire Police,-2.025137,52.689098,On or near Supermarket,E01029360,Cannock Chase 012B,Investigation complete; no suspect identified
1a0fd67b0c236ca95fb82329bb7d547a389a4a92cd1903be5c0d49781044ac0b,2021-10,Staffordshire Police,Staffordshire Police,-2.209280,53.003150,On or near HILTON ROAD,E01014294,Stoke-on-Trent 018F,Suspect charged
1f52fa7d46deda6dc1cc0f7067c896be3226786398200df6d4b88bc28e640e5c,2021-10,Staffordshire Police,Staffordshire Police,-2.225244,53.009773,On or near Nightclub,E01029604,Newcastle-under-Lyme 011E,Investigation complete; no suspect identified
b2143ef64842a0fd819914d3796e2a8d0f0d5783c0f34fdbae2dcc1bb970ad91,2021-10,Staffordshire Police,Staffordshire Police,-2.186060,52.537234,On or near Petrol Station,E01029671,South Staffordshire 012A,Investigation complete; no suspect identified
37f98db89736eeeee4f92f78034f3d9e9623c5030a31c9386c2d0da3d417b8cf,2021-10,Staffordshire Police,Staffordshire Police,-1.934240,52.679536,On or near HIGH STREET,E01029497,Lichfield 006E,Investigation complete; no suspect identified
90bac89970e17e370d3f725448eea603c8a534e46e8dd914b3aab1092a110afe,2021-10,Staffordshire Police,Staffordshire Police,-1.675058,52.627346,On or near STRETTON STREET,E01029830,Tamworth 006E,Further action is not in the public interest
c26fc44c1208a01137348c55ca0e6215bafc13224383eb47d72bf8fec5f329a2,2021-10,Staffordshire Police,Staffordshire Police,-2.155979,52.999564,On or near WEDGWOOD ROAD,E01014274,Stoke-on-Trent 020A,Investigation complete; no suspect identified
6e6d3f13c703e18ac2e08dd68e6b304209385e7d1e845588ea5935b0002bd959,2021-10,Staffordshire Police,Staffordshire Police,-1.662004,52.624622,On or near Pedestrian Subway,E01029841,Tamworth 003E,Local resolution
7566ae34f07860eade70c88482d6c479077f56a91fa8422d0953494715b9730a,2021-10,Staffordshire Police,Staffordshire Police,-2.165563,53.008217,On or near LORDSHIP LANE,E01014276,Stoke-on-Trent 020C,Investigation complete; no suspect identified
7f73719893be719f9ec4448c1ec1ada5e665eab9e0d95b0eb18647fd4b818256,2021-10,Staffordshire Police,Staffordshire Police,-2.254680,53.042784,On or near LION GROVE,E01029548,Newcastle-under-Lyme 007B,Further action is not in the public interest
5136f07a344fac451be85bab70a7fe0cbdbb68f0482ea7e5b7e0a261ae4f9953,2021-10,Staffordshire Police,Staffordshire Police,-1.892052,52.681276,On or near BODINGTON CLOSE,E01029508,Lichfield 003C,Unable to prosecute suspect
230af08189e224626a7621e41b3ed844e380a4da859cb4a3ac1cbc176356dcb0,2021-10,Staffordshire Police,Staffordshire Police,-2.183994,53.073666,On or near OXFORD ROAD,E01014337,Stoke-on-Trent 004E,Investigation complete; no suspect identified
ee444eabb56ebf14483cf212c87979b4f93a28ccb86682b774cac26548e86af1,2021-10,Staffordshire Police,Staffordshire Police,-2.009384,53.101090,On or near Petrol Station,E01029806,Staffordshire Moorlands 001B,Investigation complete; no suspect identified
b0ab3b8643f72c19e0eaf79b56de288638c91271fae8fa3f852516c67b48ee81,2021-10,Staffordshire Police,Staffordshire Police,-1.652391,52.614750,On or near HOLWICK,E01029856,Tamworth 008B,Unable to prosecute suspect
be068976db015ac7a762f02bd258628216d8c3b4fec916a8ccb38d5ca660b6e2,2021-10,Staffordshire Police,Staffordshire Police,-2.023601,52.639691,On or near Sports/Recreation Area,E01029632,South Staffordshire 007A,Action to be taken by another organisation
e31eb4ca39d97d555e1c6f068877cc4e718d09d4f1ca742e7175c1eec3bc990d,2021-10,Staffordshire Police,Staffordshire Police,-1.990779,52.715476,On or near DENMARK RISE,E01029389,Cannock Chase 005D,Investigation complete; no suspect identified
57342a5dcc9d6b6487e231b37ce0d0b73c6483cc7b518cb4f75470da27e2fae9,2021-10,Staffordshire Police,Staffordshire Police,-2.252514,53.034645,On or near LANDSEER PLACE,E01029559,Newcastle-under-Lyme 007C,Further action is not in the public interest
dc1f5975cd0418449f897f9f0e5839ff73fa6ebd8f3ef4a22bda0fd167a2126d,2021-10,Staffordshire Police,Staffordshire Police,-1.818661,52.697907,On or near Petrol Station,E01029525,Lichfield 005G,Investigation complete; no suspect identified
53b0a77d0fc3dd087deb6b7038d8b8d5f049bf6a089d3092b53fbaadf17d80d5,2021-10,Staffordshire Police,Staffordshire Police,-2.187054,53.001245,On or near Petrol Station,E01014345,Stoke-on-Trent 019E,Investigation complete; no suspect identified
ece78d8112bfb3ce8bcdcceb46e8e13ff878cadd8d95d34f64829a3949c44f0c,2021-10,Staffordshire Police,Staffordshire Police,-2.187054,53.001245,On or near Petrol Station,E01014345,Stoke-on-Trent 019E,Investigation complete; no suspect identified
965d836b2dcc4c4d728edfe131415c77f7d6fb16d8e4e35b8e33a43198a6a608,2021-10,Staffordshire Police,Staffordshire Police,-2.187054,53.001245,On or near Petrol Station,E01014345,Stoke-on-Trent 019E,Investigation complete; no suspect identified
7b4d1e8f9fb020bebb819cbe5473e114280986c90abb1eaa6a0789894ca6bed8,2021-10,Staffordshire Police,Staffordshire Police,-2.192107,52.998316,On or near HARDING TERRACE,E01014340,Stoke-on-Trent 019D,Unable to prosecute suspect
9d700f623f95d98a14655b8c055c634a09964f8463d19565f47f967136f22bac,2021-10,Staffordshire Police,Staffordshire Police,-2.187054,53.001245,On or near Petrol Station,E01014345,Stoke-on-Trent 019E,Investigation complete; no suspect identified
fb44d8bdf3e9c61d728168ba555f3b22f2d7f0b0c54571034109fc7e6accf969,2021-10,Staffordshire Police,Staffordshire Police,-2.038052,53.109642,On or near THOMAS STREET,E01029814,Staffordshire Moorlands 005E,Unable to prosecute suspect
cf9de4642a83c67a84a45a654cdeca74101d7f482b93f54dd0eb36bb4ae44bef,2021-10,Staffordshire Police,Staffordshire Police,-2.135669,52.989530,On or near TIMES SQUARE,E01014302,Stoke-on-Trent 022D,Investigation complete; no suspect identified
c788841bab301fe5eff645355af0eae5028ab8be8e81298b0054a75a6dcbbee2,2021-10,Staffordshire Police,Staffordshire Police,-2.197483,52.978162,On or near LEVESON ROAD,E01014353,Stoke-on-Trent 030D,Unable to prosecute suspect
d99239c39a60b7b241f559c9a045bed8e16d26839348cf6b5e26a9a2e4870b63,2021-10,Staffordshire Police,Staffordshire Police,-2.117065,52.726026,On or near Shopping Area,E01029660,South Staffordshire 001F,Investigation complete; no suspect identified
b9fe8e960850c1f40a28f4ae948cfa9b007dac171895819d3a077b987b2c1685,2021-10,Staffordshire Police,Staffordshire Police,-1.847569,52.716610,On or near SEEDY MILL LANE,E01029509,Lichfield 002D,Investigation complete; no suspect identified
b6a9d751458523551d12f63fc13d962c3332e0e4a27463f904d32c7825179cb3,2021-10,Staffordshire Police,Staffordshire Police,-2.191776,52.954026,On or near Parking Area,E01014352,Stoke-on-Trent 034D,Investigation complete; no suspect identified
fe428d18ebaf45af2bc89a34a0c056cc8a846498c07abb6462f2d7d2c7f6b03f,2021-10,Staffordshire Police,Staffordshire Police,-2.207642,53.043667,On or near BULSTRODE STREET,E01014250,Stoke-on-Trent 009B,Investigation complete; no suspect identified
04fa0c0f3b3e4c88fc2415cb551f993a16acf92e40eafee25bec39e9b7b48a97,2021-10,Staffordshire Police,Staffordshire Police,-2.126717,52.898578,On or near ASTON CHASE,E01029740,Stafford 003A,Further investigation is not in the public interest
b63612893137f81ded3a59827f0c45762b984bf6594a8cc0a4f6c391342dfdca,2021-10,Staffordshire Police,Staffordshire Police,-2.185192,53.029357,On or near DENBIGH STREET,E01014254,Stoke-on-Trent 011C,Action to be taken by another organisation
1bc6df0fd2a52ddd7bd379f7814965befcc933e10ab98068dab5c38e5e8658d0,2021-10,Staffordshire Police,Staffordshire Police,-2.123000,52.783104,On or near OXBARN ROAD,E01029728,Stafford 013E,Investigation complete; no suspect identified
a7e1df9e4d1455055450aac6cfd73d52701de13ca6b59b7a54e30b4636a7c9bf,2021-10,Staffordshire Police,Staffordshire Police,-1.923181,52.668814,On or near CRANE DRIVE,E01029506,Lichfield 009F,Investigation complete; no suspect identified
ebce75182148a858da87225f1727ce042aeec8972a4cecc50850688bb97f1e93,2021-10,Staffordshire Police,Staffordshire Police,-1.798552,52.671904,On or near Sports/Recreation Area,E01029530,Lichfield 008C,Investigation complete; no suspect identified
31cee930109ed623e36f27c78c5c2da526cb7a130073dc5cb7b9b6f1436eb612,2021-10,Staffordshire Police,Staffordshire Police,-2.227815,53.008410,On or near Supermarket,E01029602,Newcastle-under-Lyme 011C,Investigation complete; no suspect identified
51d367410212bd588d37b37ab62ae662cc8eeb26612e78be6d96240534c07952,2021-10,Staffordshire Police,Staffordshire Police,-1.728309,52.764519,On or near FALLOWFIELD DRIVE,E01029439,East Staffordshire 015A,Unable to prosecute suspect
52f3823e22b7ac973e5ad87829b9134561c2b7d1573c35a430f80f7c91cc20db,2021-10,Staffordshire Police,Staffordshire Police,-2.199892,53.009665,On or near Petrol Station,E01014291,Stoke-on-Trent 018D,Suspect charged
8030987206bda314f6157d9422838ed868c852be72cf1381b929f8ac7416169a,2021-10,Staffordshire Police,Staffordshire Police,-2.210639,53.052767,On or near BROWNHILLS ROAD,E01014356,Stoke-on-Trent 005C,Investigation complete; no suspect identified
7541591a6bb1214ece644480dd285613fdec77a782e7acf705da3aedf4a53474,2021-10,Staffordshire Police,Staffordshire Police,-2.068465,52.968086,On or near SWAN PASSAGE,E01029702,Stafford 001A,Unable to prosecute suspect
0002c018d8b22fb7f1f9250153a8bb6a0f857905af4fbfcdddf09b10f34ab96e,2021-10,Staffordshire Police,Staffordshire Police,-1.643324,52.808981,On or near WATERLOO STREET,E01029445,East Staffordshire 009A,Suspect charged
6645c5bf3ac5c1f49c28d39ee2c0e86f4c17095f0c73be3447b13e8494074dde,2021-10,Staffordshire Police,Staffordshire Police,-2.136038,53.040489,On or near UPLANDS ROAD,E01014217,Stoke-on-Trent 012E,Unable to prosecute suspect
7d586766561f161b4ffd59b6f9ac1d6b77857f7c582887e4cefd1523bfafc1bd,2021-10,Staffordshire Police,Staffordshire Police,-1.907758,52.675239,On or near LIME GROVE,E01029476,Lichfield 009B,Unable to prosecute suspect
9debb914bee9b76207247c723f8ac51abf7178055791ba80b0b9e69fbb225833,2021-10,Staffordshire Police,Staffordshire Police,-2.191122,52.997940,On or near SHEPPARD STREET,E01014340,Stoke-on-Trent 019D,Investigation complete; no suspect identified
5ce68c32ff0f1ed49993561a959b772d5302672b833d6a67c4576aa4deeb4f3b,2021-10,Staffordshire Police,Staffordshire Police,-2.165344,53.059922,On or near HUGHSON GROVE,E01014331,Stoke-on-Trent 004A,Investigation complete; no suspect identified
415470f2b2714ffe0690b0d6d8e84bcb85481c00e9746c542a1420c64fed36c1,2021-10,Staffordshire Police,Staffordshire Police,-2.108444,52.748409,On or near SWAN LANE,E01029656,South Staffordshire 001B,Unable to prosecute suspect
606d81388b77e1f22cb17baef46fbf7c0460ae49a1ff685613f019463399d31f,2021-10,Staffordshire Police,Staffordshire Police,-2.172126,52.679698,On or near ORAM'S LANE,E01029618,South Staffordshire 003B,Investigation complete; no suspect identified
d0621aa886fb48b69cbcf8348f96676fa24d5e081d94adeee70a581a09547b5a,2021-10,Staffordshire Police,Staffordshire Police,-2.254936,53.086057,On or near WOODSHUTT'S STREET,E01029541,Newcastle-under-Lyme 003B,Investigation complete; no suspect identified
e89701f3c43b585ff98df7e8fa8f9a035d27be96f3e42e308059a1858d801b82,2021-10,Staffordshire Police,Staffordshire Police,-1.939697,52.690965,On or near KINGSDOWN ROAD,E01029495,Lichfield 006D,Investigation complete; no suspect identified
60f03f57fec6709aa70393e268a3ce1433e298f8b5f9e6bb04a9839e31a82a3e,2021-10,Staffordshire Police,Staffordshire Police,-2.090491,52.984485,On or near MANN STREET,E01014366,Stoke-on-Trent 028B,Investigation complete; no suspect identified
c1ca155664829cf5324515f1566c0520f557a56f235c5e9ab6490523d28adbbb,2021-10,Staffordshire Police,Staffordshire Police,-1.933637,52.755839,On or near Pedestrian Subway,E01029345,Cannock Chase 003A,Unable to prosecute suspect
9fd47e55de08d17f4f61e43a5b546eac78abaaa30d95c1e8436c05897df3c050,2021-10,Staffordshire Police,Staffordshire Police,-2.239317,53.010518,On or near POOLFIELD AVENUE NORTH,E01029599,Newcastle-under-Lyme 010F,Investigation complete; no suspect identified
44c8df0aa920d972dd11cd6c348c6d1e12f1f86e546987d2998c64838bb5736b,2021-10,Staffordshire Police,Staffordshire Police,-2.122485,53.010750,On or near BITTERNE PLACE,E01014223,Stoke-on-Trent 017D,Investigation complete; no suspect identified
e5bb11aeb5c9eceeeb9612714e7e0b7d6e7de1773a74011f5c6e25f2e0f03854,2021-10,Staffordshire Police,Staffordshire Police,-2.152467,52.895051,On or near ORCHARD CLOSE,E01029753,Stafford 003E,Formal action is not in the public interest
c8ec0a23a203b70707ef8e12e74f707dcf2daacf22bf9e288f2b7d4756ddff03,2021-10,Staffordshire Police,Staffordshire Police,-2.176351,53.025811,On or near STAFFORD STREET,E01014287,Stoke-on-Trent 015D,Investigation complete; no suspect identified
de1c27575cb59de0291c1802fc5ab0eafe24fff381c520711486fba601948be0,2021-10,Staffordshire Police,Staffordshire Police,-1.836720,52.640346,On or near Sports/Recreation Area,E01029522,Lichfield 011D,Investigation complete; no suspect identified
a9da6624473f5dab24ff48a9745d2fb7e148dbf9df1ae7684b488dd350a1152f,2021-10,Staffordshire Police,Staffordshire Police,-2.194004,53.075763,On or near LOWHURST DRIVE,E01014260,Stoke-on-Trent 001D,Unable to prosecute suspect
d24b7904b786265a61f56917e053752255504cd7f5f727a00e07a2a39ed865eb,2021-10,Staffordshire Police,Staffordshire Police,-2.135120,52.833009,On or near HURRICANE CLOSE,E01029743,Stafford 006C,Investigation complete; no suspect identified
060d32bf4afe4d259b6a2365bd6be11e8d5fb5aec45c16af52bf8bc99b60a9b8,2021-10,Staffordshire Police,Staffordshire Police,-1.924814,52.673633,On or near MEADWAY STREET,E01029529,Lichfield 010D,Further action is not in the public interest
8664dec76eb72d4ce31cfce59727740b04e1785cf4630fd16046fe62a72c31a4,2021-10,Staffordshire Police,Staffordshire Police,-2.188142,53.004812,On or near PUMP STREET,E01014345,Stoke-on-Trent 019E,Investigation complete; no suspect identified
32f867cd1c6b12e4334a8aecab518d086eb3eb2ac4cc77bf32da4b2e907dbd41,2021-10,Staffordshire Police,Staffordshire Police,-1.924814,52.673633,On or near MEADWAY STREET,E01029529,Lichfield 010D,Investigation complete; no suspect identified
46586986f043d230a099dedf161e8fbb2a36ec03c1a0dab3ee04918b4e70ceb1,2021-10,Staffordshire Police,Staffordshire Police,,,No location,,,Suspect charged
fe273a238f99338bd654dd4102e8daaf23114956189cbe984fb3f25d3074d037,2021-10,Staffordshire Police,Staffordshire Police,-1.922099,52.744910,On or near Pedestrian Subway,E01029348,Cannock Chase 003D,Investigation complete; no suspect identified
2f75c29389869ce5f53bc5d7ce3c51c0412fdef8f004c774c1b95ad8c3cd6227,2021-10,Staffordshire Police,Staffordshire Police,-2.005582,52.707458,On or near STAFFORD LANE,E01029349,Cannock Chase 008A,Further action is not in the public interest
a3345dc26f5472bba7fe122b398f8378e242b3f7b07756fdb6b23c4d4c191a5e,2021-10,Staffordshire Police,Staffordshire Police,-2.155154,52.997929,On or near RUBIAN STREET,E01014274,Stoke-on-Trent 020A,Investigation complete; no suspect identified
e60806f1ee398b3f36ca9b089090108ced15a13bf999bf9ee37c72012cdf56c9,2021-10,Staffordshire Police,Staffordshire Police,-2.147189,53.030390,On or near BENEDICT PLACE,E01014210,Stoke-on-Trent 012A,Unable to prosecute suspect
101958b5d014885f077c730839face2db767d39dc13929849f595562eb5b4475,2021-10,Staffordshire Police,Staffordshire Police,-1.659938,52.607158,On or near Parking Area,E01029867,Tamworth 010C,Investigation complete; no suspect identified
aca9e88303c23caa58ae869f307f1b090394b425aff3e228357a3b04d3da82e5,2021-10,Staffordshire Police,Staffordshire Police,-2.131026,52.794674,On or near SWINBURNE CLOSE,E01029737,Stafford 012C,Unable to prosecute suspect
41a03ec781cf46f5baea9f16f55b13ef33805a5847845f95fb9278ac3b0f194b,2021-10,Staffordshire Police,Staffordshire Police,-2.180533,52.627123,On or near BILBROOK COURT,E01029615,South Staffordshire 008C,Investigation complete; no suspect identified
0df02be223b92e4ecc9eb15a36aff708d938d5a9e2a1ed5b7823ec8f0537c087,2021-10,Staffordshire Police,Staffordshire Police,-2.170890,52.968243,On or near Sports/Recreation Area,E01014236,Stoke-on-Trent 032B,Unable to prosecute suspect
e9fad311e5163d6f5f31e4a24c707b2a9b4426a6aee46410536a179c994725ed,2021-10,Staffordshire Police,Staffordshire Police,-1.679433,52.629084,On or near ROSEWOOD COURT,E01029830,Tamworth 006E,Investigation complete; no suspect identified
6bcc5e53827bc0ac543caf91ae23ce087ee8d97e95aa793aa94812e7c4595b4d,2021-10,Staffordshire Police,Staffordshire Police,-2.235832,53.019038,On or near RAMSEY ROAD,E01029554,Newcastle-under-Lyme 010B,Investigation complete; no suspect identified
6a52e7b72c14df372bba13b25db6792ad478bbc44edc5673685f8c3af5ef8e7a,2021-10,Staffordshire Police,Staffordshire Police,-1.630384,52.804204,On or near WORTHINGTON WAY,E01032896,East Staffordshire 011F,Investigation complete; no suspect identified
383a30a319dc9f4a30fd70d466000c977f69b1b6678653741acd65155c132b34,2021-10,Staffordshire Police,Staffordshire Police,-1.669560,52.841266,On or near LODGE HILL,E01029444,East Staffordshire 004B,Further investigation is not in the public interest
98d669052c172ad07324ab890d05abc8557def9f429eee2819ee508d697d8a57,2021-10,Staffordshire Police,Staffordshire Police,-1.998107,52.708536,On or near CARDIGAN PLACE,E01029389,Cannock Chase 005D,Further action is not in the public interest
4e3682e2294c1e186fd1aa267bfdf55567a874b0a84ecfca3307aa6e5a4605f9,2021-10,Staffordshire Police,Staffordshire Police,-1.610934,52.784553,On or near MEAD CRESCENT,E01029452,East Staffordshire 014D,Investigation complete; no suspect identified
0498a4caaed7327ab0064ae8cecb1a59a453a481a548c4acef7cf1e3704d51bb,2021-10,Staffordshire Police,Staffordshire Police,-2.260778,53.015174,On or near MILL STREET,E01029567,Newcastle-under-Lyme 010D,Investigation complete; no suspect identified
8c9dce1c48d6017c6c9e56f8b21668f207ef97fdb2c883fd5add1f6d594addde,2021-10,Staffordshire Police,Staffordshire Police,-2.051608,52.655127,On or near WOLVERHAMPTON ROAD,E01029621,South Staffordshire 002A,Investigation complete; no suspect identified
979af5bb37759d292bae404a30a6819012aefd42592d8b9d34861fcb15dc2450,2021-10,Staffordshire Police,Staffordshire Police,-2.041331,52.713429,On or near OAKLANDS CLOSE,E01029648,South Staffordshire 002D,Investigation complete; no suspect identified
6f34263f84c0ea0f60228f796aa4972a487dac6bc3d80ba2b3fd1935159f1481,2021-10,Staffordshire Police,Staffordshire Police,-2.221165,52.572513,On or near BRIDGNORTH ROAD,E01029661,South Staffordshire 010B,Investigation complete; no suspect identified
c0b953285217d4a3843803df76cb995c7e5f0e414764f2a324ca9b525725f469,2021-10,Staffordshire Police,Staffordshire Police,-2.148673,52.902750,On or near Supermarket,E01029745,Stafford 003C,Investigation complete; no suspect identified
c9ae3dd10e363fcc73377ffe41107c3e8cbf798e99b8a2e7c79aaba34fe804e8,2021-10,Staffordshire Police,Staffordshire Police,-2.214363,53.060482,On or near ATHELSTAN STREET,E01014354,Stoke-on-Trent 005A,Suspect charged
8e1e40684f4088adf9f1db1ef0523fb6efb3be76d8cc75d0f35fa0fbd771cb77,2021-10,Staffordshire Police,Staffordshire Police,-1.517854,52.705139,On or near DYSONS CLOSE,E01025949,North West Leicestershire 012D,Unable to prosecute suspect
a82d926c8a44888b7310a2b2291f7b71196cf0dfd91a0b5c9d1dfd657520e58a,2021-10,Staffordshire Police,Staffordshire Police,-1.694212,52.636855,On or near Petrol Station,E01029851,Tamworth 002E,Investigation complete; no suspect identified
c72828faf80a6e369fba5ff45fcc4addfd4a89c51ae74f2f6d659ff9afaba56f,2021-10,Staffordshire Police,Staffordshire Police,-2.121546,52.713661,On or near A449,E01029658,South Staffordshire 001D,Further action is not in the public interest
0c72bcf0afd01abf25393cd9e221af3b95d6758c7ff608d1ba1e1634b25ff83d,2021-10,Staffordshire Police,Staffordshire Police,-2.198187,52.509454,On or near HINKSFORD LANE,E01029645,South Staffordshire 013A,Investigation complete; no suspect identified
689d55bd1b804353354274976e833a7b5106ed0da5130f6cd94d17a9e7ee8d90,2021-10,Staffordshire Police,Staffordshire Police,-2.177415,53.027185,On or near NEW HALL STREET,E01014287,Stoke-on-Trent 015D,Investigation complete; no suspect identified
52e8182a67c66262cdd4e2330b6ae7738e6a69bf5de34719e83fb03854d36adb,2021-10,Staffordshire Police,Staffordshire Police,-2.194468,52.973349,On or near TURNBERRY DRIVE,E01014348,Stoke-on-Trent 030B,Unable to prosecute suspect
5b8971698b4fe5bd62547a428aac9b5c88ac83757e1a8d5538c82e5650b23619,2021-10,Staffordshire Police,Staffordshire Police,-1.706559,52.626700,On or near VENTURA PARK ROAD,E01029837,Tamworth 005B,Investigation complete; no suspect identified
b12e2fc62acd12c8bca840eb400b06f97b9d7338869ac57fda342de2f10d8912,2021-10,Staffordshire Police,Staffordshire Police,-2.122503,52.980106,On or near FURNACE ROAD,E01014307,Stoke-on-Trent 029C,Unable to prosecute suspect
3244c65c7cf16dd107a471f2ab34c4955447323c64a16ae6470c6336b9d62610,2021-10,Staffordshire Police,Staffordshire Police,-2.174869,53.024330,On or near ALBION SQUARE,E01014287,Stoke-on-Trent 015D,Investigation complete; no suspect identified
1826cc7162f158ffd04b55263325fa7cfce6b6263f6e838fd22899ae1291a0ee,2021-10,Staffordshire Police,Staffordshire Police,-2.113374,52.781477,On or near HEENAN GROVE,E01029729,Stafford 016B,Action to be taken by another organisation
5ad7763a6dbb87bbbd1eebefc3e1c90a02bcd6c5a45cb18cd3a7764ee77596cb,2021-10,Staffordshire Police,Staffordshire Police,-1.700009,52.649158,On or near BEECH ROAD,E01029852,Tamworth 001D,Further action is not in the public interest
172d222eba51a383de9ded95ea6007edea645af345577925f935c8f20c2fa86c,2021-10,Staffordshire Police,Staffordshire Police,-2.139335,53.031550,On or near CASTLE GROVE,E01014212,Stoke-on-Trent 012C,Unable to prosecute suspect
2f1160defd1249a2d203db00ad9e731b3213a68662d198b0eed615e8ddacca70,2021-10,Staffordshire Police,Staffordshire Police,-2.256335,53.032614,On or near LOOMER ROAD,E01029559,Newcastle-under-Lyme 007C,Further investigation is not in the public interest
9aacfb27dcf63e90ee7d652314c75f9cadf785f289f32f0053b4cbadf1afe1f7,2021-10,Staffordshire Police,Staffordshire Police,-1.828685,52.681148,On or near MARLBOROUGH COURT,E01032899,Lichfield 004F,Further action is not in the public interest
f8338f5addd42af70a0799703aa262e7911898453c68e6f5eaf4b014c4bd2afb,2021-10,Staffordshire Police,Staffordshire Police,-1.935580,52.683825,On or near WATER STREET,E01029494,Lichfield 006C,Unable to prosecute suspect
9cbe4d2c4542fc530a3ac574a9397a55c85766653cb12230f10a1b0739be7440,2021-10,Staffordshire Police,Staffordshire Police,-2.196265,52.593800,On or near BUTTERMERE COURT,E01029666,South Staffordshire 011C,Investigation complete; no suspect identified
6afac87a50d04f3661e59a24961e5b4a3e25a23bee79856e6f26ebfaca4faf3e,2021-10,Staffordshire Police,Staffordshire Police,-2.124092,52.994190,On or near MARLOW ROAD,E01014300,Stoke-on-Trent 022C,Unable to prosecute suspect
362e74f262ea74250e3652675b29c2a122a67dec61479341a5e5537475ee9265,2021-10,Staffordshire Police,Staffordshire Police,-2.214991,53.027833,On or near CHURCH LANE,E01029611,Newcastle-under-Lyme 008E,Investigation complete; no suspect identified
8dabe38d66049e9d6c7b7329e0dc6777a673249fc4c3c160faec3cf98965de60,2021-10,Staffordshire Police,Staffordshire Police,-2.028808,52.647853,On or near STRAWBERRY LANE,E01029639,South Staffordshire 005B,Unable to prosecute suspect
0c9bf9ee2e2dd3889ca38dd5b153864f5cea792219b41309b998afa4634f35ad,2021-10,Staffordshire Police,Staffordshire Police,-2.169805,53.029371,On or near ST JOHN STREET,E01014328,Stoke-on-Trent 013C,Investigation complete; no suspect identified
d0c8a6114347cb9338278342ef332d212179ef7f42d9dd5f03f70d115feb58d5,2021-10,Staffordshire Police,Staffordshire Police,-2.177415,53.027185,On or near NEW HALL STREET,E01014287,Stoke-on-Trent 015D,Investigation complete; no suspect identified
fe6ac16706acd03a7502bcfb7a4cee1cd42078ce53a3e335869b50d342628d14,2021-10,Staffordshire Police,Staffordshire Police,-2.142877,52.826734,On or near A34,E01029751,Stafford 006D,Investigation complete; no suspect identified
f942bc6f3c7a484ac881e61037e311be2767341208c3e16379f30ac33f89a5c1,2021-10,Staffordshire Police,Staffordshire Police,-2.251158,53.078308,On or near LABURNAM CLOSE,E01029540,Newcastle-under-Lyme 003A,Investigation complete; no suspect identified
df3c6f47cf4330f64b122e2c31b73b6d5d018f1ea0bd7e9d6f1e389723202672,2021-10,Staffordshire Police,Staffordshire Police,-1.707989,52.629401,On or near MARSTON PARK,E01029837,Tamworth 005B,Investigation complete; no suspect identified
ae31b830eb3b41dde40bec3008e4d86f3f2e4270adeeca08312b5ed537523ae5,2021-10,Staffordshire Police,Staffordshire Police,-2.183559,53.052030,On or near THORNEYCROFT AVENUE,E01014245,Stoke-on-Trent 006E,Unable to prosecute suspect
82f9f165bab2ab2874614a93a068ed601c7e881f45702ce4319abdb2d91a0217,2021-10,Staffordshire Police,Staffordshire Police,-2.029207,52.690473,On or near Pedestrian Subway,E01029360,Cannock Chase 012B,Investigation complete; no suspect identified
e020b6c4f419315bf35e4f647acbb024f66e6becc4d2f1447a22c7dffce6a322,2021-10,Staffordshire Police,Staffordshire Police,-2.186063,53.003089,On or near LONDON ROAD,E01014345,Stoke-on-Trent 019E,Unable to prosecute suspect
23a1735656f14027b9ea25eb4e4aa8fb1a6640d0d43120478f5f5ed0ea70890a,2021-10,Staffordshire Police,Staffordshire Police,-1.792612,52.764603,On or near ROOKERY CLOSE,E01029474,East Staffordshire 006F,Unable to prosecute suspect
cb6c05c83001bf90be2a422705a6663a0dfd637349301efcc219357726f658c7,2021-10,Staffordshire Police,Staffordshire Police,-2.226342,53.011721,On or near Nightclub,E01029604,Newcastle-under-Lyme 011E,Investigation complete; no suspect identified
a20401d97b3505f3ed2e50c283173c2f75090b592a36da86a69180633574e713,2021-10,Staffordshire Police,Staffordshire Police,-2.031721,52.689663,On or near MARKET PLACE,E01029364,Cannock Chase 011B,Investigation complete; no suspect identified
aff92e33913eb91fee8a797ba16d8a4f75982e85a5815165174506a4928b5b33,2021-10,Staffordshire Police,Staffordshire Police,-2.135669,52.989530,On or near TIMES SQUARE,E01014302,Stoke-on-Trent 022D,Investigation complete; no suspect identified
3019c28a56a0e6c35399191902a508cd2e811b04c9c58f4a9db380708e6a0016,2021-10,Staffordshire Police,Staffordshire Police,-2.242906,53.086855,On or near Parking Area,E01029588,Newcastle-under-Lyme 002D,Further action is not in the public interest
f47396a11c3aab09533e59c52cffe00dbe9977bc8dca271030078c21b124c7b2,2021-10,Staffordshire Police,Staffordshire Police,-2.186537,53.036915,On or near ELDER PLACE,E01014249,Stoke-on-Trent 011A,Suspect charged
8bc89988bbe8b689479387503008a19cef906b1f07b2450c81f8e8b0ebb0e36f,2021-10,Staffordshire Police,Staffordshire Police,-2.192404,53.028195,On or near RIDGEHOUSE DRIVE,E01014285,Stoke-on-Trent 015B,Investigation complete; no suspect identified
eb61b61ec8d70229171db0475d2b4e8129675abe2ea6dde0b41b6e6c569a2904,2021-10,Staffordshire Police,Staffordshire Police,-2.125657,52.983977,On or near MALT LANE,E01014302,Stoke-on-Trent 022D,Investigation complete; no suspect identified
7ca8c004f36702ba343af3cedc4d30f85f6a8e9a214222e57234087463eab9ea,2021-10,Staffordshire Police,Staffordshire Police,-2.347296,53.001092,On or near THE BRIDLE PATH,E01029574,Newcastle-under-Lyme 013C,Unable to prosecute suspect
a26a8357d36bddfa1c23d7105cf504bd95abdbfdb25530399aaf4830634c8f05,2021-10,Staffordshire Police,Staffordshire Police,-2.006219,53.115446,On or near PRINCESS AVENUE,E01029809,Staffordshire Moorlands 001D,Unable to prosecute suspect
34c1216fc55b901a99eae8afe05b32029226c64168729108a954d45b6d24d1c5,2021-10,Staffordshire Police,Staffordshire Police,-1.694212,52.636855,On or near Petrol Station,E01029851,Tamworth 002E,Investigation complete; no suspect identified
072c95a68c74fa0be3934eb709439dbf22acae220d8b68760403fb493d7b70a0,2021-10,Staffordshire Police,Staffordshire Police,-2.107381,52.816074,On or near NEWTON ROAD,E01029692,Stafford 009A,Unable to prosecute suspect
54489e93b1485f3938cf7643541fa3a369424ac7a700268a78fe06456958a498,2021-10,Staffordshire Police,Staffordshire Police,-2.205865,53.058942,On or near Pedestrian Subway,E01014356,Stoke-on-Trent 005C,Investigation complete; no suspect identified
365b2c25329baab5c09683b431c15a1571860c1be3bf07b7130e2254e35a5711,2021-10,Staffordshire Police,Staffordshire Police,-2.209408,53.001846,On or near GRINDLEY HILL COURT,E01014294,Stoke-on-Trent 018F,Formal action is not in the public interest
b1df2221f45ade49909e6a8fe01cca80ca7ed9ecea1d1b46b811c83e9bad32dc,2021-10,Staffordshire Police,Staffordshire Police,-1.826944,52.683752,On or near CONDUIT STREET,E01029526,Lichfield 004E,Investigation complete; no suspect identified
92fde2990e81f92924b991855b47b2c5560259e8ac8c470db51d121ef490c201,2021-10,Staffordshire Police,Staffordshire Police,-2.115807,52.804524,On or near BRIDGE STREET,E01029701,Stafford 010E,Unable to prosecute suspect
9af9aa2998bf3ccc69a3cfa5de87b096cb71f768e7b4144f25af77dc40e69454,2021-10,Staffordshire Police,Staffordshire Police,-1.863776,52.898118,On or near MARKET PLACE,E01029460,East Staffordshire 003B,Investigation complete; no suspect identified
bdf44f4f86501908857360c77f44f67ec3b813951c4f029fb8300f2c97489823,2021-10,Staffordshire Police,Staffordshire Police,-2.188091,53.000003,On or near CLUB STREET,E01014345,Stoke-on-Trent 019E,Investigation complete; no suspect identified
5c7f54c1b474cb89e930df8f5232bca727b2e7ab789ab34dcda8d96c5d9517a2,2021-10,Staffordshire Police,Staffordshire Police,-2.179784,53.041159,On or near ADKINS STREET,E01014249,Stoke-on-Trent 011A,Investigation complete; no suspect identified
b9c1e3a287eecabdf579fa2ab2b47761731a6130456ab21e6b99d2dc525c7a8f,2021-10,Staffordshire Police,Staffordshire Police,,,No location,,,Action to be taken by another organisation
e49ad2cfc113e4ebb2d6974d7e60f36b1504d2e608a46d2398d4f1abf0787a85,2021-10,Staffordshire Police,Staffordshire Police,-2.218711,52.713611,On or near BEECH CLOSE,E01029668,South Staffordshire 003C,Action to be taken by another organisation
eea9b78e371f29bfae12b9dd49ede1d8020638427eafd4ad62dbf9b5b1316d17,2021-10,Staffordshire Police,Staffordshire Police,-2.186489,53.005057,On or near LIVERPOOL ROAD,E01014293,Stoke-on-Trent 019A,Offender given a caution
eea9b78e371f29bfae12b9dd49ede1d8020638427eafd4ad62dbf9b5b1316d17,2021-10,Staffordshire Police,Staffordshire Police,-2.186489,53.005057,On or near LIVERPOOL ROAD,E01014293,Stoke-on-Trent 019A,Offender given a caution
6ff4242fa7e5b4551919926957ca4ef72884b9fe68589c4422a4e7e551565976,2021-10,Staffordshire Police,Staffordshire Police,-1.701819,52.639463,On or near CHAUCER CLOSE,E01029850,Tamworth 002D,Unable to prosecute suspect
8a9dafdcff82851bea3cbb0f05778c3fe542228b8d92df5b01045c9de2e3b28d,2021-10,Staffordshire Police,Staffordshire Police,-1.818297,52.681995,On or near STURGEON'S HILL,E01029520,Lichfield 005E,Investigation complete; no suspect identified
d295da6abfd51a61168c17cf0541857157353d25540578de07847d72b3a89324,2021-10,Staffordshire Police,Staffordshire Police,-2.162742,52.987114,On or near SEEDFIELDS ROAD,E01014240,Stoke-on-Trent 026D,Formal action is not in the public interest
1656698703530f9fb2376fa05270d1e41d2c885057ce2f05f98969acb281bac5,2021-10,Staffordshire Police,Staffordshire Police,-1.636803,52.815308,On or near PARKER STREET,E01029426,East Staffordshire 008A,Unable to prosecute suspect
25b3ca55f81102e6f675ab5143a224cb364d4c5b2fe8db2366176f0fcff9d01d,2021-10,Staffordshire Police,Staffordshire Police,-1.825726,52.681314,On or near Parking Area,E01029526,Lichfield 004E,Investigation complete; no suspect identified
93ca5b0428c6e46e759a75429aef7b3d0fc40e334db02c3375a8cd453282704d,2021-10,Staffordshire Police,Staffordshire Police,-2.253431,53.086672,On or near MILLSTONE AVENUE,E01029541,Newcastle-under-Lyme 003B,Unable to prosecute suspect
62b65eee68534f87cc85d232b6c8a4f4f77a6bfeded6d0273cc16267b34a894f,2021-10,Staffordshire Police,Staffordshire Police,-1.936189,52.763670,On or near Petrol Station,E01029402,Cannock Chase 001E,Investigation complete; no suspect identified
702ea03e696a27b035c7c21324a7bafbb5ad48614b5cdbc8e2577d721f596e77,2021-10,Staffordshire Police,Staffordshire Police,-2.102069,52.986283,On or near SPRINKWOOD GROVE,E01014364,Stoke-on-Trent 024B,Investigation complete; no suspect identified
be7cfee81ecd249d4de724555d96f98b3c446e38b0702e7da2a4ff9cd31bbeab,2021-10,Staffordshire Police,Staffordshire Police,-1.993118,52.714263,On or near STEVENS DRIVE,E01029389,Cannock Chase 005D,Unable to prosecute suspect
b6c75385327629e890eb18d243cee0c7e2f7595f19eeed64aad7fa83d90e2c94,2021-10,Staffordshire Police,Staffordshire Police,-2.171120,53.052786,On or near REGINA STREET,E01014268,Stoke-on-Trent 008C,Investigation complete; no suspect identified
46d68d889abf9b6637688418ba538074ac88d9b7c50dda17378c7a813b5b0c8c,2021-10,Staffordshire Police,Staffordshire Police,-2.207654,53.015252,On or near HAYDON STREET,E01014291,Stoke-on-Trent 018D,Unable to prosecute suspect
e7d4387d73c65db7bbffe97364ee986fd1066d9e74f96f1ba1028ce5ec2a7eef,2021-10,Staffordshire Police,Staffordshire Police,-2.192089,53.007799,On or near DOMINIC STREET,E01014293,Stoke-on-Trent 019A,Investigation complete; no suspect identified
f4dbdda678260e4d68f4bef4cb3f2f6d59bce965c657e4a1dda5696cfcb4573e,2021-10,Staffordshire Police,Staffordshire Police,-2.174892,53.004392,On or near LORDSHIP LANE,E01014282,Stoke-on-Trent 016D,Unable to prosecute suspect
09505e6e7ecd2d5cb70709db179e369c03f74e598eab1d99bb876e201774ac08,2021-10,Staffordshire Police,Staffordshire Police,-2.122029,52.806945,On or near A518,E01029701,Stafford 010E,Unable to prosecute suspect
e6ce45d782b99e63d3a26dfd6a3e6aa377930f63af9c38a7e367d9036ab6edaa,2021-10,Staffordshire Police,Staffordshire Police,-2.114474,52.979673,On or near MEIR ROAD,E01014322,Stoke-on-Trent 031E,Unable to prosecute suspect
ba3dcada2db81dd40c49339262d12a75d323bd3dacf7d5049db3b5677432e896,2021-10,Staffordshire Police,Staffordshire Police,-1.840548,52.693246,On or near SMALLRIDGE,E01029491,Lichfield 007A,Suspect charged
23c632f442d85213b26c47a4142edfc4fd32ad8e45d7efd5ddda99c5d6d1d055,2021-10,Staffordshire Police,Staffordshire Police,-2.174643,53.027593,On or near TOWN ROAD,E01014287,Stoke-on-Trent 015D,Investigation complete; no suspect identified
48a82748e6836c7c4271d6bd3289cbfb708bc27f16cc9fa8ddffdb6e6260ea0b,2021-10,Staffordshire Police,Staffordshire Police,-2.264222,53.081111,On or near WALTON WAY,E01029595,Newcastle-under-Lyme 003E,Unable to prosecute suspect
317cb5f9840bca35b2b90b5db7635bdc6f11f9e76bdbc3406afd689492c03d95,2021-10,Staffordshire Police,Staffordshire Police,-2.121885,52.819045,On or near COMMONSIDE CLOSE,E01029691,Stafford 010B,Unable to prosecute suspect
8e7109b4144991813c1e06e754d4d645ad6bdd185de61178df3582dabd55e7b4,2021-10,Staffordshire Police,Staffordshire Police,-2.029812,52.688171,On or near Supermarket,E01029360,Cannock Chase 012B,Investigation complete; no suspect identified
a2b49cbe7afdda19a78eaeda00e2a08f07f5dc2c5c99f84473ec1d857428b8ad,2021-10,Staffordshire Police,Staffordshire Police,-2.157551,52.968756,On or near THATCHAM GREEN,E01014235,Stoke-on-Trent 032A,Unable to prosecute suspect
656e8c68be95f5c35fd57fbd07b1e8794c399648b0b5ce7e5dcee02eab4291b8,2021-10,Staffordshire Police,Staffordshire Police,-1.995590,52.718263,On or near BRAMBLE DRIVE,E01029388,Cannock Chase 004C,Unable to prosecute suspect
7525d447575109253b02d169d59fedc62a792b53978c728f46729d1298936b2c,2021-10,Staffordshire Police,Staffordshire Police,-1.641934,52.792112,On or near LEICESTER STREET,E01029410,East Staffordshire 011D,Investigation complete; no suspect identified
6fac0ab6076f49041d6daddfeb4223c3e869fb48a83becb072084fbfb25d255c,2021-10,Staffordshire Police,Staffordshire Police,-2.158001,52.986024,On or near ST MARGARETS GROVE,E01014239,Stoke-on-Trent 026C,Investigation complete; no suspect identified
abc23bff1dfd56d0527fbf72af56d536da4a6ee75893dad9ee9546eebafce580,2021-10,Staffordshire Police,Staffordshire Police,-1.897535,52.632629,On or near GARNET CLOSE,E01029523,Lichfield 011E,Investigation complete; no suspect identified
c6906ca37b80b42f2199d1d475b435eba3163c9d6dc0ccb729566965ecd15d90,2021-10,Staffordshire Police,Staffordshire Police,-1.792251,52.690942,On or near HOLLAND CLOSE,E01029530,Lichfield 008C,Unable to prosecute suspect
bf5395eccab13601b322fe8d8513f08ddef1bfc6c34b540846827c0b6c6ed6fd,2021-10,Staffordshire Police,Staffordshire Police,-2.152067,53.022590,On or near TRENT STREET,E01014230,Stoke-on-Trent 014F,Investigation complete; no suspect identified
a4fbfc77198172e5caf6e1b401f6754cdfcbf3b70a1b13105b23d1e9fafe9faa,2021-10,Staffordshire Police,Staffordshire Police,-2.110094,52.791755,On or near EXETER STREET,E01029734,Stafford 016C,Investigation complete; no suspect identified
9806e507254410a9c5422910bf48fa6a2db5b33dce89a9d6c936c71cbf6a16ee,2021-10,Staffordshire Police,Staffordshire Police,-2.172659,52.986264,On or near DENNIS VIOLLET AVENUE,E01014234,Stoke-on-Trent 026B,Unable to prosecute suspect
a01ad011ae0dfc7ed980ab4edeacc00cfef1760684e5846aa9634e82ff9857c9,2021-10,Staffordshire Police,Staffordshire Police,-1.934725,52.761341,On or near Parking Area,E01029404,Cannock Chase 002E,Unable to prosecute suspect
45f1251aa0a5ec4fafd37e179ece577ac881060a9733110e9900eb1e12c4e8f8,2021-10,Staffordshire Police,Staffordshire Police,-2.119200,53.008308,On or near SPALDING PLACE,E01014223,Stoke-on-Trent 017D,Suspect charged as part of another case
f082404dddc435d035595decc00d3f4a604ee83ea928c6a301714b35d45d2413,2021-10,Staffordshire Police,Staffordshire Police,-2.119698,52.806120,On or near EARL STREET,E01029701,Stafford 010E,Investigation complete; no suspect identified
051b6a629fe2a11a17bdc3077e01b24c072e14a8a7a051b31ef3c38d686149c6,2021-10,Staffordshire Police,Staffordshire Police,-2.200145,53.044938,On or near PACK HORSE LANE,E01014251,Stoke-on-Trent 009C,Unable to prosecute suspect
ad6d5ba8f12861a83a1c0c8fed0affbfa604a2bd488fa039629d28287d3629ee,2021-10,Staffordshire Police,Staffordshire Police,-2.158421,52.970688,On or near PEMBRIDGE ROAD,E01014237,Stoke-on-Trent 032C,Unable to prosecute suspect
35cb31e61bb3721b41568d0f31df8a5933a2c530c1509880835c68f217ac5ed2,2021-10,Staffordshire Police,Staffordshire Police,-1.918725,52.743137,On or near BRERETON MANOR COURT,E01029348,Cannock Chase 003D,Investigation complete; no suspect identified
7dd7c723cfeb01ad6edf729d6440bd20947b05af4a6c71c8c8d9833f7e7880eb,2021-10,Staffordshire Police,Staffordshire Police,-2.117245,52.803947,On or near EPSLEY'S YARD,E01029701,Stafford 010E,Unable to prosecute suspect
c130975c071b6eb062922750bd2d49ec782e565c000e400869828da645d5585a,2021-10,Staffordshire Police,Staffordshire Police,-2.173631,53.105764,On or near DENBIGH CLOSE,E01029771,Staffordshire Moorlands 004B,Unable to prosecute suspect
b29bb07f328f5f6c47b532dd9ee5b3057ec5376552e5f2cd22559315f9d62b42,2021-10,Staffordshire Police,Staffordshire Police,-2.123604,53.016385,On or near SWAFFHAM WAY,E01014220,Stoke-on-Trent 017A,Offender given a caution
d84d4c476b1642326eca8d16f5504bc8ec28b7fb21ca14003b37099de5b3c4ae,2021-10,Staffordshire Police,Staffordshire Police,-2.169948,53.005217,On or near Further/Higher Educational Building,E01014276,Stoke-on-Trent 020C,Investigation complete; no suspect identified
c98dbfb9d353d460b98742e4ffd65ecb2d68f9f057efa4ed39cf79ea9a10c320,2021-10,Staffordshire Police,Staffordshire Police,-1.629251,52.803050,On or near Nightclub,E01032896,East Staffordshire 011F,Investigation complete; no suspect identified
b87fb1d52c45d6fffcfb597610377b759d17c16afd078cdff85e851177bce0e0,2021-10,Staffordshire Police,Staffordshire Police,-2.173351,53.024997,On or near OLD HALL STREET,E01014287,Stoke-on-Trent 015D,Further action is not in the public interest
8e8cf1573e621e008d2598e16f043820d7b50a870be712442848d5e570fb4d16,2021-10,Staffordshire Police,Staffordshire Police,-2.262678,52.778130,On or near MONKS WALK,E01029707,Stafford 015C,Unable to prosecute suspect
4c0cf232bc8503effa1d343bddc88096e313da11b38c1c281aecc78418210ac7,2021-10,Staffordshire Police,Staffordshire Police,-2.156143,52.978943,On or near BALLINSON ROAD,E01014234,Stoke-on-Trent 026B,Unable to prosecute suspect
52a2b5a1c3cdccbe80fd75a506ff2879f138638a73f57ed182e9d7e898d7766a,2021-10,Staffordshire Police,Staffordshire Police,-2.181424,53.001892,On or near WOODHOUSE STREET,E01014345,Stoke-on-Trent 019E,Further investigation is not in the public interest
a88c6b208c701eb6e08a590783147f3b21927fa37185f9e224edc0233a17d869,2021-10,Staffordshire Police,Staffordshire Police,-2.222877,53.010217,On or near GARDEN STREET,E01029602,Newcastle-under-Lyme 011C,Investigation complete; no suspect identified
1034d787de683ce5f1bea65684979b31c9528bdae181f04642038f456671f0a0,2021-10,Staffordshire Police,Staffordshire Police,-2.185435,53.030346,On or near RUTLAND STREET,E01014256,Stoke-on-Trent 011D,Unable to prosecute suspect
39e22296ec9794c70afb4ab2c0921f57e012d7494f5ea30127847b028413a57e,2021-10,Staffordshire Police,Staffordshire Police,-2.188999,53.006627,On or near ST ANDREW'S SQUARE,E01014293,Stoke-on-Trent 019A,Unable to prosecute suspect
be67ebed1c5c6cadabdec7eff258ca9ee4060a3219998ca3c66c66852e85f769,2021-10,Staffordshire Police,Staffordshire Police,-2.240502,53.014462,On or near B5367,E01029566,Newcastle-under-Lyme 010C,Unable to prosecute suspect
fad6bddf78777938ea7c8b603bdd76939dafc9c7cd9d18a85bfafd2b6d99cfcc,2021-10,Staffordshire Police,Staffordshire Police,-1.596480,52.802026,On or near ASHBY ROAD,E01029468,East Staffordshire 010A,Investigation complete; no suspect identified
75773e096a599db81fdf22958157929f5f05c6f39305c6626eb0fc05e98d15ad,2021-10,Staffordshire Police,Staffordshire Police,-2.137092,52.987344,On or near BARFORD STREET,E01014302,Stoke-on-Trent 022D,Unable to prosecute suspect
c984f6a49913c3efd7dd44f6ec4e5be142469ca4c39ab58f56bcd0330d9408f7,2021-10,Staffordshire Police,Staffordshire Police,-1.701263,52.645098,On or near MILTON AVENUE,E01029849,Tamworth 002C,Unable to prosecute suspect
5ea032fee2dac823cdb41f75d45d3355db88f03419b538e68844e11768bab449,2021-10,Staffordshire Police,Staffordshire Police,-2.032009,53.099136,On or near BARNFIELDS CLOSE,E01029811,Staffordshire Moorlands 005C,Investigation complete; no suspect identified
8b1a6531a2171c24133cab3a47d7eb259bc1c8aeb60bd8aa85022f36f034e951,2021-10,Staffordshire Police,Staffordshire Police,-1.630384,52.804204,On or near WORTHINGTON WAY,E01032896,East Staffordshire 011F,Investigation complete; no suspect identified
66dc560aa86bbd3fdce9ad38260d230f6d5daef8d4dd16f2c16e77c68772d1b2,2021-10,Staffordshire Police,Staffordshire Police,-2.177682,53.019687,On or near Parking Area,E01014287,Stoke-on-Trent 015D,Formal action is not in the public interest
493859ce3e476f9c7a2e6a6215a4d387e9348c0f53cbcbe8fa87d9f26d16b42c,2021-10,Staffordshire Police,Staffordshire Police,-2.162154,53.029040,On or near JANET PLACE,E01014329,Stoke-on-Trent 013D,Formal action is not in the public interest
b08d4db0ab3f062742db11fb51edfcc9e9c4f95a6a9aa623911ab6aef360381b,2021-10,Staffordshire Police,Staffordshire Police,-2.064946,52.964672,On or near STALLINGTON ROAD,E01029800,Staffordshire Moorlands 012E,Investigation complete; no suspect identified
1cf6b5e73e8af2c856cd954a3d9ed0545800a972fbb9a058d110c7bcfde8a7c3,2021-10,Staffordshire Police,Staffordshire Police,-2.031721,52.689663,On or near MARKET PLACE,E01029364,Cannock Chase 011B,Investigation complete; no suspect identified
9e6dc8ae6e11d237bbb5afdf83f78328863339c0131374c9ce47f0bf1a44a4a1,2021-10,Staffordshire Police,Staffordshire Police,-2.092883,52.627521,On or near Sports/Recreation Area,E01029633,South Staffordshire 007B,Unable to prosecute suspect
9a1d5ab8bea3c1a49f31c2cfb57ef62bc6bce5df8c5df17692fc9c5de9e341ce,2021-10,Staffordshire Police,Staffordshire Police,-1.934725,52.761341,On or near Parking Area,E01029404,Cannock Chase 002E,Investigation complete; no suspect identified
5369aa047e0e30bdfa6612c943d739dac02609a402a4489ab1621b692fa877a3,2021-10,Staffordshire Police,Staffordshire Police,-2.194673,53.058566,On or near METCALFE ROAD,E01014244,Stoke-on-Trent 006D,Formal action is not in the public interest
db9cf91071f25a776d0c33e5459d37cf670e7fb162f3f85c5132a6677e3a50fc,2021-10,Staffordshire Police,Staffordshire Police,-1.698922,52.624461,On or near A5,E01029837,Tamworth 005B,Further action is not in the public interest
ad4bc456169aae28800c1676475b854965263e4fd42dfcf743bdc05ed1f2280c,2021-10,Staffordshire Police,Staffordshire Police,-2.233392,53.039214,On or near CAULDON AVENUE,E01029539,Newcastle-under-Lyme 006C,Unable to prosecute suspect
b4a1aa30c70ef03431e4081187a430fe57a3ffa21332b2b740125e8b62dbc169,2021-10,Staffordshire Police,Staffordshire Police,-1.716679,52.601563,On or near Park/Open Space,E01029488,Lichfield 012A,Unable to prosecute suspect
5a9d72f83ba9ee3d1df6051f20c1a10451ee6ce63aca6daeedb92a4c0768c048,2021-10,Staffordshire Police,Staffordshire Police,-2.173884,52.842568,On or near CHERRY LANE,E01029743,Stafford 006C,Offender given a caution
f021a5698d352f43f5fbd83e29d23ff2855d12ed156e6baf5df1a8edc4bb0b5b,2021-10,Staffordshire Police,Staffordshire Police,-2.012104,52.690269,On or near EASTERN WAY,E01029375,Cannock Chase 010A,Investigation complete; no suspect identified
3d76ff289976a80ab643055800557882e3bde0090339656134a734da6686cc21,2021-10,Staffordshire Police,Staffordshire Police,-2.184743,53.035821,On or near FURNIVAL STREET,E01014254,Stoke-on-Trent 011C,Investigation complete; no suspect identified
190bce1a10bc3824457217ec52e5632e7655f87e20bdc71b1f5dbc8a57e6b29e,2021-10,Staffordshire Police,Staffordshire Police,-2.151231,52.907161,On or near VICTOR STREET,E01029744,Stafford 003B,Investigation complete; no suspect identified
9975a34ebdafab4134872767bdf896f12e5e9e73182ed6fc64b427a49891daae,2021-10,Staffordshire Police,Staffordshire Police,-1.997158,52.987846,On or near PARK LANE,E01029786,Staffordshire Moorlands 011C,Unable to prosecute suspect
006c18f9c62ea165d60fdff3e696f0e9492d27bb7696e5616cbca8acdeb12ddb,2021-10,Staffordshire Police,Staffordshire Police,-2.182429,53.010664,On or near QUEEN ANNE STREET,E01014283,Stoke-on-Trent 016E,Further action is not in the public interest
c5ca9d7ecedb9b7f7412740a4d74bf2af4e1ea08a001e205146d856c3a397f51,2021-10,Staffordshire Police,Staffordshire Police,-1.712904,52.612036,On or near Theme/Adventure Park,E01029503,Lichfield 012C,Formal action is not in the public interest
47e2805e6b29b852434148840c83e92ca153fb3879cacef220f10adcecf63b7b,2021-10,Staffordshire Police,Staffordshire Police,-1.696643,52.633580,On or near KING STREET,E01029835,Tamworth 002A,Investigation complete; no suspect identified
06266db0a0b74eb27bc3f2997fb5daee8d573bff277943ac77261a3f432ed046,2021-10,Staffordshire Police,Staffordshire Police,-1.671680,52.628614,On or near Sports/Recreation Area,E01029830,Tamworth 006E,Investigation complete; no suspect identified
d317f0dcdc315459e9b8970969956c5694e610b50260ad268ff141f07eb05c6d,2021-10,Staffordshire Police,Staffordshire Police,-2.173862,53.052000,On or near Parking Area,E01014246,Stoke-on-Trent 008A,Investigation complete; no suspect identified
d5da778527f20c0f574cadf960f5a012b4da34ccab679c4378d37f8a349d9882,2021-10,Staffordshire Police,Staffordshire Police,-2.164577,52.999588,On or near Bus/Coach Station,E01014275,Stoke-on-Trent 020B,Investigation complete; no suspect identified
e6ff4d304631937309d07af0d33e92864b8f8e296026750a9f0cd111696cc6fd,2021-10,Staffordshire Police,Staffordshire Police,-1.634678,52.801502,On or near NEW STREET,E01032896,East Staffordshire 011F,Further action is not in the public interest
c223299a6f06edc5a3df352ad50c2e136dd746d71e47f9291519e833bc444e4a,2021-10,Staffordshire Police,Staffordshire Police,-1.828868,52.683467,On or near Shopping Area,E01029526,Lichfield 004E,Investigation complete; no suspect identified
91598f7c675164304fce8131c535c51e38f84b6dd919bc631f1fd2019f22e389,2021-10,Staffordshire Police,Staffordshire Police,-2.172464,53.049359,On or near SKIPACRE AVENUE,E01014268,Stoke-on-Trent 008C,Investigation complete; no suspect identified
c86bc689c95c94a51d8797d5d65096716a3b04ca63f8b7fae7dd848c7fc498e0,2021-10,Staffordshire Police,Staffordshire Police,-2.234845,52.694271,On or near Petrol Station,E01029668,South Staffordshire 003C,Unable to prosecute suspect
e8103099a8413a440c49a5bee57a9687b038b8ed7427350c442d2cb83380c6cc,2021-10,Staffordshire Police,Staffordshire Police,-1.676585,52.610585,On or near Petrol Station,E01029829,Tamworth 010A,Investigation complete; no suspect identified
db40bf57279c9a819a1a1f4035fcd47b537c94f4aa16f16e90a72485daba013e,2021-10,Staffordshire Police,Staffordshire Police,-2.003392,52.719657,On or near WOODLAND CLOSE,E01029386,Cannock Chase 005B,Investigation complete; no suspect identified
7c146eb6c8b69caa6200de954028f89e16eab4f921c2a50cfe8b552ed338ef28,2021-10,Staffordshire Police,Staffordshire Police,-2.184743,53.035821,On or near FURNIVAL STREET,E01014254,Stoke-on-Trent 011C,Unable to prosecute suspect
f75918fceb3f96a471ea12a83cfb49491bec2b8ccbdd7800365d29fe656ee90b,2021-10,Staffordshire Police,Staffordshire Police,-1.633665,52.798515,On or near Supermarket,E01032898,East Staffordshire 011H,Investigation complete; no suspect identified
f9e8d36913be8795eb93f1e9b1f1d53a7a8edc78e7c6a2e5d3b04b374ca82976,2021-10,Staffordshire Police,Staffordshire Police,-2.132611,52.993309,On or near SMITH STREET,E01014300,Stoke-on-Trent 022C,Unable to prosecute suspect
35e2402384df12f7010fbaf40e37abe71f478fa9f76a2c36ed1dd0892e64293c,2021-10,Staffordshire Police,Staffordshire Police,-2.208918,53.030001,On or near Petrol Station,E01029611,Newcastle-under-Lyme 008E,Investigation complete; no suspect identified
f8b01c5701a25887ce38f25ed0783be2838de5e47dbf5216133b80ee01b994e2,2021-10,Staffordshire Police,Staffordshire Police,-2.190194,53.020729,On or near SHALLOWFORD COURT,E01014281,Stoke-on-Trent 015A,Investigation complete; no suspect identified
f86cb44801c4755b3465255038b62e865b2d606bdccaeb8c9e97b2f6ded09eba,2021-10,Staffordshire Police,Staffordshire Police,-2.171120,53.052786,On or near REGINA STREET,E01014268,Stoke-on-Trent 008C,Investigation complete; no suspect identified
47865b7e2f323ba32f234cba1f14f48c63671f8969ce267fc59add8dc1b5abb6,2021-10,Staffordshire Police,Staffordshire Police,-2.182768,53.006232,On or near LEASON STREET,E01014293,Stoke-on-Trent 019A,Investigation complete; no suspect identified
e39c6a022297d0318e4f827d36a4a1014a637369454817dcdd97111163fce229,2021-10,Staffordshire Police,Staffordshire Police,-2.177516,53.026465,On or near FOUNDRY STREET,E01014287,Stoke-on-Trent 015D,Investigation complete; no suspect identified
c2b107a5dc5fbae1782ef215af2fa399a005e715621ed152e77229414cfe1a73,2021-10,Staffordshire Police,Staffordshire Police,-1.926345,52.748356,On or near THE GREEN,E01029346,Cannock Chase 003B,Investigation complete; no suspect identified
3ee55f139b9da3c4fb73b95d73ced0216ae84ee50738848ee1fadd8fa6cec597,2021-10,Staffordshire Police,Staffordshire Police,-2.160542,53.044477,On or near MILTON ROAD,E01014271,Stoke-on-Trent 008E,Investigation complete; no suspect identified
5a27ff4f4a994c60ef731449f3b8aef33d464e906d633f018ed5c9f6ef44444e,2021-10,Staffordshire Police,Staffordshire Police,-2.183686,53.050322,On or near LEONARD STREET,E01014248,Stoke-on-Trent 006F,Unable to prosecute suspect
fe05c614e74756b3ebf2a222e3f8cfb60e78d5e3858ac8d082f1808b8b706ca4,2021-10,Staffordshire Police,Staffordshire Police,-1.892027,52.991573,On or near Theme/Adventure Park,E01029761,Staffordshire Moorlands 010A,Investigation complete; no suspect identified
570b2c78cf7f448b32a9cfec0b70842b8303f3030616eeca798db39cfbf5a78d,2021-10,Staffordshire Police,Staffordshire Police,-1.630219,52.790341,On or near WATERSIDE,E01029451,East Staffordshire 014C,Investigation complete; no suspect identified
18744498107f21a343cf5a2b64909c54887e5b91e70d27beda31a1c624a02331,2021-10,Staffordshire Police,Staffordshire Police,-2.192809,53.042173,On or near GLENDALE STREET,E01014251,Stoke-on-Trent 009C,Investigation complete; no suspect identified
2c8a39ab41117880fea2cb5bc1a7cf5c403e73ea9e0cb87282c3114c281cb154,2021-10,Staffordshire Police,Staffordshire Police,-1.828868,52.683467,On or near Shopping Area,E01029526,Lichfield 004E,Investigation complete; no suspect identified
949dd66f670a04a72767faaa2d40a83e4884018528bd325b1583dcf2dcf64ac7,2021-10,Staffordshire Police,Staffordshire Police,-2.199892,53.009665,On or near Petrol Station,E01014291,Stoke-on-Trent 018D,Investigation complete; no suspect identified
23a1c7f82037f5aa90b7cc588853da95e8fe4899f82d204a2894c94710d5faa3,2021-10,Staffordshire Police,Staffordshire Police,-1.731197,52.762413,On or near SAFFRON CLOSE,E01029439,East Staffordshire 015A,Action to be taken by another organisation
5ea44da6da00f2584039a8808503142d677e6e6156f545be2b28b28692db6a52,2021-10,Staffordshire Police,Staffordshire Police,-2.107442,52.786625,On or near PEACH AVENUE,E01029734,Stafford 016C,Unable to prosecute suspect
457abef7f89daa1214e4843415c5d3a07213596b557468a8e042efa3f455c558,2021-10,Staffordshire Police,Staffordshire Police,-2.188593,53.053622,On or near CURZON ROAD,E01014245,Stoke-on-Trent 006E,Investigation complete; no suspect identified
8063b1653a65295df9459825b06a2cffbde01572a26ec9da6f1c909ef8789449,2021-10,Staffordshire Police,Staffordshire Police,-2.199892,53.009665,On or near Petrol Station,E01014291,Stoke-on-Trent 018D,Investigation complete; no suspect identified
49b681affad931459dddc331793f5ebc18f3d3b27f79afe8988373fff8ca503e,2021-10,Staffordshire Police,Staffordshire Police,-2.031726,52.676107,On or near Parking Area,E01029359,Cannock Chase 012A,Unable to prosecute suspect
fcf0ce391e29189fef81080be9910b90bedbd3f5404ebb5cd38a330a50af2bd2,2021-10,Staffordshire Police,Staffordshire Police,-1.971000,52.674372,On or near Supermarket,E01029396,Cannock Chase 013C,Investigation complete; no suspect identified
d2e67aecf9bf4ab8fad3e10f3a85acab9dc507f7ce813c1bb3243631ec912efb,2021-10,Staffordshire Police,Staffordshire Police,-2.175805,53.027295,On or near Shopping Area,E01014287,Stoke-on-Trent 015D,Investigation complete; no suspect identified
25b108408c179f1f61411452fe107d5c8c97bce7589434d5f9eb8e3b43323f2d,2021-10,Staffordshire Police,Staffordshire Police,-2.160239,52.999082,On or near VICTORIA PLACE,E01014275,Stoke-on-Trent 020B,Unable to prosecute suspect
7e50d5ef10e58532fdb5c0327790afe41fe2c6f487b4bbdcee8e61e429cac479,2021-10,Staffordshire Police,Staffordshire Police,-1.924042,52.743356,On or near CEDAR CRESCENT,E01029348,Cannock Chase 003D,Offender given a caution
5f80bf97d3e6cd1225448bbb580015bfca8df7b13a5e893903cb61870bce867a,2021-10,Staffordshire Police,Staffordshire Police,-2.175805,53.027295,On or near Shopping Area,E01014287,Stoke-on-Trent 015D,Investigation complete; no suspect identified
8e785141a84dabfb369c2320d605edc0dd8c31fea9c93090d846ec9a9c5ef1cf,2021-10,Staffordshire Police,Staffordshire Police,-2.327677,53.009624,On or near SWAN BANK,E01029573,Newcastle-under-Lyme 013B,Unable to prosecute suspect
a70cbdd4821c248995c11140c1b3c81b4bf634f025c9265478454d1eaa4081ac,2021-10,Staffordshire Police,Staffordshire Police,-1.939869,52.684636,On or near LORNE STREET,E01029494,Lichfield 006C,Investigation complete; no suspect identified
f90f124e986a53f751161cb7ff20fbc46553d26b8d8bb364c6a4a8a60fb5e8a3,2021-10,Staffordshire Police,Staffordshire Police,-1.696242,52.633893,On or near CHURCH STREET,E01029835,Tamworth 002A,Unable to prosecute suspect
773a51132516595d5cb6f2cc2854bf9979772179acc0912276fe8aac73017309,2021-10,Staffordshire Police,Staffordshire Police,-2.172661,53.020306,On or near OGDEN ROAD,E01014287,Stoke-on-Trent 015D,Unable to prosecute suspect
9073b31c8a45bc198de8847c3f398fa1a5dfdad4af9cbbc1a5431b634e61098a,2021-10,Staffordshire Police,Staffordshire Police,-1.718005,52.638810,On or near LICHFIELD ROAD,E01029836,Tamworth 002B,Investigation complete; no suspect identified
475d276df84ad8c289d1e2819fb626696e6296b1640ec82e45f033ed576a4d21,2021-10,Staffordshire Police,Staffordshire Police,-2.119698,52.811379,On or near COUNTY ROAD,E01029701,Stafford 010E,Investigation complete; no suspect identified
6101d04f5bf08549b5dc3bb98c43467fcd67e3319e457b6ad2f0ff19cca13408,2021-10,Staffordshire Police,Staffordshire Police,-2.023584,52.690339,On or near HEDNESFORD ROAD,E01029367,Cannock Chase 011E,Unable to prosecute suspect
fad211ad884bb8aeb732a625cadac46e63a9339e0a1dc7e00fe1482c508735d8,2021-10,Staffordshire Police,Staffordshire Police,-2.207821,53.003539,On or near OLIVER ROAD,E01014294,Stoke-on-Trent 018F,Unable to prosecute suspect
7c0cf20bd20aa6d9ef1d1e829d3decaf1fb868db1e9529abd8da14c32efe6f89,2021-10,Staffordshire Police,Staffordshire Police,-2.176159,53.026395,On or near Shopping Area,E01014287,Stoke-on-Trent 015D,Investigation complete; no suspect identified
b5ca32ba5151abb5dad9bca6254f93d474b5516385dbef67a785a89cb5bf5ddb,2021-10,Staffordshire Police,Staffordshire Police,-2.144629,52.898198,On or near Sports/Recreation Area,E01029753,Stafford 003E,Unable to prosecute suspect
d6da43d2b9cba7a3847fb397061e5ea5687632b5afd7db817d948d094b7a01c1,2021-10,Staffordshire Police,Staffordshire Police,-2.178443,53.027102,On or near NEW HALL STREET,E01014287,Stoke-on-Trent 015D,Further action is not in the public interest
3a0bacecb4db640762d8b711882dad484a4c7c0631e20478f2894dc4d983b0a6,2021-10,Staffordshire Police,Staffordshire Police,-1.693480,52.633805,On or near Supermarket,E01029835,Tamworth 002A,Unable to prosecute suspect
1c09fc9512cfe88703b48293fb4ad0a2849cfd68f463fd8e0413df17943df8f1,2021-10,Staffordshire Police,Staffordshire Police,-2.172661,53.020306,On or near OGDEN ROAD,E01014287,Stoke-on-Trent 015D,Unable to prosecute suspect
4412278b8db7f523b2d7ac56e4610b2b9a5fab090fe11fb47e3d2862021b73d8,2021-10,Staffordshire Police,Staffordshire Police,-1.690927,52.635336,On or near Parking Area,E01029835,Tamworth 002A,Investigation complete; no suspect identified
a4e7e3bfe19f538e813f14178174d6dc318ebf54b021489bb2c238331613d3af,2021-10,Staffordshire Police,Staffordshire Police,-2.177441,53.029890,On or near LOWER BRYAN STREET,E01014330,Stoke-on-Trent 013E,Offender given a caution
ab631f964d31654a553782d818a1fcebec2f6d207a77d3450d9668fb1d2256ec,2021-10,Staffordshire Police,Staffordshire Police,-1.868699,52.897432,On or near STONE ROAD,E01029462,East Staffordshire 003D,Unable to prosecute suspect
9152e61f511d79898ca7279d4c1bddaa0316a1dda05061543b508a99f0ba268e,2021-10,Staffordshire Police,Staffordshire Police,-1.642107,52.803556,On or near STANLEY STREET,E01032896,East Staffordshire 011F,Unable to prosecute suspect
3c3903fae29fc7cdb60e0fab078292138a119a2e78195c0626b0389fdf1a9b2c,2021-10,Staffordshire Police,Staffordshire Police,-2.212819,53.062067,On or near MADISON COURT,E01014361,Stoke-on-Trent 005D,Investigation complete; no suspect identified
aabe913b56117ca4a37b69b3e4be17eb87a9e20f5b797dd87d25505c9c59a01b,2021-10,Staffordshire Police,Staffordshire Police,-2.173589,53.025051,On or near PARLIAMENT ROW,E01014287,Stoke-on-Trent 015D,Further investigation is not in the public interest
aabe913b56117ca4a37b69b3e4be17eb87a9e20f5b797dd87d25505c9c59a01b,2021-10,Staffordshire Police,Staffordshire Police,-2.173589,53.025051,On or near PARLIAMENT ROW,E01014287,Stoke-on-Trent 015D,Further investigation is not in the public interest
d77323a22fd44fde1f538dafd6a024d83eb632fb78e5c06551b0c1e7611c92c6,2021-10,Staffordshire Police,Staffordshire Police,-2.177415,53.027185,On or near NEW HALL STREET,E01014287,Stoke-on-Trent 015D,Unable to prosecute suspect
f28ae5b351b370dfc54c923bf604db2fbbd0807382f5317ba6e37c395e19657b,2021-10,Staffordshire Police,Staffordshire Police,-2.254916,53.080277,On or near SPRINGFIELD DRIVE,E01029540,Newcastle-under-Lyme 003A,Investigation complete; no suspect identified
cfc59fe19dd39c6c8ca9f99bc2d8a68b49203199d8da6c7d90b261cf03a548fd,2021-10,Staffordshire Police,Staffordshire Police,-1.697526,52.631964,On or near Parking Area,E01029835,Tamworth 002A,Investigation complete; no suspect identified
6aaaa10c01fc8e7eb272d33a5364c079072595ad626c73a66a598ad2f9af0859,2021-10,Staffordshire Police,Staffordshire Police,-1.998137,52.711485,On or near Parking Area,E01029389,Cannock Chase 005D,Local resolution
a41a19081250a0ab60088e172658f8c32a7aa354e230605cef51eb6b1a0b37c9,2021-10,Staffordshire Police,Staffordshire Police,-2.252594,53.081379,On or near HOLLINWOOD ROAD,E01029543,Newcastle-under-Lyme 003D,Investigation complete; no suspect identified
7658484a45d420ffaec17408a5cfe8d77169aaef1059f8b3144ede23baba8fb0,2021-10,Staffordshire Police,Staffordshire Police,-2.221137,53.011084,On or near Parking Area,E01029602,Newcastle-under-Lyme 011C,Suspect charged
62cd50db878427ca89be67dd222e27c9ee845c432f112fe01b44ebd3cda76a56,2021-10,Staffordshire Police,Staffordshire Police,-2.206068,53.063967,On or near FURLONG ROAD,E01014355,Stoke-on-Trent 005B,Investigation complete; no suspect identified
2a3d628b251811b42be901a24328fee0580419345a9099d1981efd341413245c,2021-10,Staffordshire Police,Staffordshire Police,-2.245360,53.019432,On or near VIGGARS PLACE,E01029566,Newcastle-under-Lyme 010C,Further action is not in the public interest
4d14e95187649c806dbed8fee1dd0a590a389d698c6ce0dd4eee659ed2cd722c,2021-10,Staffordshire Police,Staffordshire Police,-2.254132,53.048448,On or near CHERRY TREE ROAD,E01029547,Newcastle-under-Lyme 007A,Further action is not in the public interest
0604e2ee9f8de7467d90f6a9b7712182a0fe4a05295eb54ba6952f49e07afa2f,2021-10,Staffordshire Police,Staffordshire Police,-1.642991,52.797051,On or near UXBRIDGE STREET,E01029408,East Staffordshire 011B,Investigation complete; no suspect identified
f766a4e64ecd5f78a7e6b9cfd3242eaa3342d86be7f238936f4a6953c6b7589f,2021-10,Staffordshire Police,Staffordshire Police,-2.200795,53.014608,On or near SCRIVENER ROAD,E01014291,Stoke-on-Trent 018D,Unable to prosecute suspect
228ebc2169ce4aaba059ac81c2fb8d26d010de494de201c33e6fdb63e3cdef4a,2021-10,Staffordshire Police,Staffordshire Police,-2.185465,53.033806,On or near DOUGLAS STREET,E01014254,Stoke-on-Trent 011C,Local resolution
1accf8d0b306868febb9a944344ad0fe24bc840de95737977f1df46154616117,2021-10,Staffordshire Police,Staffordshire Police,-2.197483,52.978162,On or near LEVESON ROAD,E01014353,Stoke-on-Trent 030D,Investigation complete; no suspect identified
46c54e07303fdd230c75b596a158bd86c606ca390440b30c9d4a4f7088c04a61,2021-10,Staffordshire Police,Staffordshire Police,-2.101578,52.974157,On or near MOLLISON ROAD,E01014317,Stoke-on-Trent 031D,Unable to prosecute suspect
cec67c2d825668b20f1c66644c3635ce32ff3a0f0097b8098587b732fa46a4a2,2021-10,Staffordshire Police,Staffordshire Police,-2.025397,53.106337,On or near Parking Area,E01029804,Staffordshire Moorlands 005A,Unable to prosecute suspect
46925df1562b0b43e2fab24b6f746a3386616ec5b3bc0a27768cb64b87ec818d,2021-10,Staffordshire Police,Staffordshire Police,-2.020975,53.104235,On or near LIVINGSTONE STREET,E01029804,Staffordshire Moorlands 005A,Unable to prosecute suspect
f954b244bc114c975436f62dd9454bcbd975d1b15afc311bd7c2a51f4aa0a71a,2021-10,Staffordshire Police,Staffordshire Police,-1.922267,52.808816,On or near B5013,E01029411,East Staffordshire 006A,Local resolution
85ab060b7c6487becec54b193f640e5608b609a1bc709b9bbf60d7f2404b4351,2021-10,Staffordshire Police,Staffordshire Police,-2.025711,52.709352,On or near Petrol Station,E01029354,Cannock Chase 007A,Investigation complete; no suspect identified
9dca4c8b68b537d0d14a0fc66d0516eed7b1f04edd35106229124ec3fc2474cd,2021-10,Staffordshire Police,Staffordshire Police,-2.177761,53.009718,On or near CARLTON ROAD,E01014283,Stoke-on-Trent 016E,Investigation complete; no suspect identified
d41263c0b2a5cb4fab2bcfeb717c83793a2d8166a85a8041f0e350f53c229f89,2021-10,Staffordshire Police,Staffordshire Police,-1.640796,52.825918,On or near ST MODWEN'S CLOSE,E01029437,East Staffordshire 007D,Unable to prosecute suspect
1df5bc9372a8b23d79fb5e9b911e612986bca7d04f16306592ff9509c86fdac0,2021-10,Staffordshire Police,Staffordshire Police,-2.137863,52.990876,On or near KING STREET,E01014302,Stoke-on-Trent 022D,Unable to prosecute suspect
d205f80c8a832f5c029200a6a86e27917928b5d6a1ea33dc796aeb3afd3a1a03,2021-10,Staffordshire Police,Staffordshire Police,-1.922267,52.808816,On or near B5013,E01029411,East Staffordshire 006A,Local resolution
8d0ac85e1674adb480220f7f1a07f60605b12648e4a214f28f074982b9020044,2021-10,Staffordshire Police,Staffordshire Police,-2.147669,53.013939,On or near WILLIAM BIRCH ROAD,E01014226,Stoke-on-Trent 014D,Unable to prosecute suspect
dba1a1501f25451ab46273777d65099e7cb645ffb8fcb2af867d007433963eff,2021-10,Staffordshire Police,Staffordshire Police,-2.028672,52.687021,On or near HALLCOURT LANE,E01029360,Cannock Chase 012B,Investigation complete; no suspect identified
c3db8fd548044c4c185c2a0cbc2801eb43849f33429aa8a37d723d628401e1ff,2021-10,Staffordshire Police,Staffordshire Police,-2.245413,53.007890,On or near KEELE ROAD,E01029599,Newcastle-under-Lyme 010F,Investigation complete; no suspect identified
811d53670959dca944ba7f22d6bd9e3ea74ca98c6f86bd155ac1fd6baf629989,2021-10,Staffordshire Police,Staffordshire Police,-2.172661,53.020306,On or near OGDEN ROAD,E01014287,Stoke-on-Trent 015D,Formal action is not in the public interest
5ce2320b6e03fb8063cb94d8216741bb9cecb40a5a127c3db44d49004de5d1c3,2021-10,Staffordshire Police,Staffordshire Police,-2.092608,52.985383,On or near LANSBURY GROVE,E01014366,Stoke-on-Trent 028B,Formal action is not in the public interest
6497a7e71d0d000fc60bfbf187dcdd473ce9903dbcc23b408837d4206348a2e9,2021-10,Staffordshire Police,Staffordshire Police,-2.092931,52.983333,On or near BONDFIELD WAY,E01014366,Stoke-on-Trent 028B,Formal action is not in the public interest
c5a6f5fea1ce4096af856b821ba9f9fd9032bbfc5b531354e2a8b27fda6e07ad,2021-10,Staffordshire Police,Staffordshire Police,-2.137092,52.987344,On or near BARFORD STREET,E01014302,Stoke-on-Trent 022D,Investigation complete; no suspect identified
73a428e361f9f1d9333c7d9a2f050ef3fef4afe30b3a2580ef83c12ac3e622be,2021-10,Staffordshire Police,Staffordshire Police,-1.930866,52.709020,On or near HIGH MEADOW,E01029398,Cannock Chase 006B,Unable to prosecute suspect
03a54e0d82e7b61170ce8c0204a244c245016638d32e87a916ac0a5cef51a4d1,2021-10,Staffordshire Police,Staffordshire Police,-2.171357,53.116167,On or near KINGSFIELD ROAD,E01029766,Staffordshire Moorlands 003D,Unable to prosecute suspect
854eda8d6237c8e9ed32347f7e9bb3a134ea5a0b1896effd5342dd0d4fe99154,2021-10,Staffordshire Police,Staffordshire Police,-1.676632,52.636206,On or near BRIDGEWATER STREET,E01029834,Tamworth 004D,Investigation complete; no suspect identified
ee8b7d02a6be03de879f38fc385fbf26370d49ae726cf597b31ca1e61923fe5e,2021-10,Staffordshire Police,Staffordshire Police,-2.222634,52.710898,On or near TREVITT PLACE,E01029669,South Staffordshire 003D,Investigation complete; no suspect identified
3644aba645262a2a3266017cca969368ec71027079841505591ca92800b9c6b7,2021-10,Staffordshire Police,Staffordshire Police,-2.104653,52.964742,On or near GRANGE ROAD,E01014319,Stoke-on-Trent 033C,Unable to prosecute suspect
967c6bb44a5f228f4a04f60c1c80591a031e16960d1b595bce09eadf55dc320e,2021-10,Staffordshire Police,Staffordshire Police,-2.284819,53.055732,On or near TIBB STREET,E01029534,Newcastle-under-Lyme 005C,Suspect charged
a570aea77caee6f4171f2b4aa661a362ef60ad6f5370638da3d49cd6bef56703,2021-10,Staffordshire Police,Staffordshire Police,-1.920742,52.676300,On or near THISTLEDOWN AVENUE,E01029528,Lichfield 010C,Unable to prosecute suspect
999094e874fa144ec6e055764c03960083db9e514baff1762ef6d90d21ef843c,2021-10,Staffordshire Police,Staffordshire Police,-1.929864,52.687498,On or near ROBINSON ROAD,E01029487,Lichfield 006A,Investigation complete; no suspect identified
3d97c2d94a7f08a6e12b7c603960b7a4655126309e67073b52c9cb61c70a5883,2021-10,Staffordshire Police,Staffordshire Police,-2.146349,52.993904,On or near PERTH STREET,E01014273,Stoke-on-Trent 021A,Further action is not in the public interest
4ff1eadb9524e03cac6678479f1b7fcb2b59b98c051d022c31f71b5e8809a3d4,2021-10,Staffordshire Police,Staffordshire Police,-2.215113,53.043393,On or near LONGSHAW STREET,E01014252,Stoke-on-Trent 009D,Investigation complete; no suspect identified
97908eb24e00c0a2f4bd2b0fd90b8c046a7ed50df827fbc5e6e2815c4fd5dd18,2021-10,Staffordshire Police,Staffordshire Police,-2.168989,52.992364,On or near GREAT FENTON BUSINESS PARK,E01014277,Stoke-on-Trent 020D,Investigation complete; no suspect identified
6b9071bd3d043aed17964a402903dda0673e415d91b46704e83e84cd620f1f25,2021-10,Staffordshire Police,Staffordshire Police,-2.053128,52.689152,On or near ALTON GROVE,E01029366,Cannock Chase 011D,Investigation complete; no suspect identified
a8728e98d7f3d3e54d0b97abf1327643c9f4ea8fa4f0eb623b19a571568e3e37,2021-10,Staffordshire Police,Staffordshire Police,-2.186063,53.003089,On or near LONDON ROAD,E01014345,Stoke-on-Trent 019E,Unable to prosecute suspect
fee1c660516558f80e9e5a27f18ec2f82a0374e476c769b69bc61b9347b711aa,2021-10,Staffordshire Police,Staffordshire Police,-2.006809,52.701623,On or near HERONDALE,E01029393,Cannock Chase 008E,Unable to prosecute suspect
be1f184b439a40860c6fb856210e0c1853df63e7bcba722c49492747eb2219fb,2021-10,Staffordshire Police,Staffordshire Police,-1.625848,52.791739,On or near FREDERICK STREET,E01029451,East Staffordshire 014C,Unable to prosecute suspect
380b4113c47de9dfee7a73ef748661a2e85646ba07d3a80d3e48bf6b68e6a5f4,2021-10,Staffordshire Police,Staffordshire Police,-2.146639,53.030831,On or near GREYFRIARS ROAD,E01014210,Stoke-on-Trent 012A,Suspect charged
1736b42c0c19e31448e60fc1e1f1030ad52665f98e2eb207572da1b52f0a7fb5,2021-10,Staffordshire Police,Staffordshire Police,-2.231376,53.022058,On or near Pedestrian Subway,E01029553,Newcastle-under-Lyme 010A,Suspect charged
7e84963ee4759484fae5739772d16e7fb305a8d7103c9da7f1ac315c7fa68aea,2021-10,Staffordshire Police,Staffordshire Police,-2.136869,52.987506,On or near THE STRAND,E01014302,Stoke-on-Trent 022D,Investigation complete; no suspect identified
9f8833b84fce5dab9c33a9402692d9c0b635d081ac2d2bc383c02f8350c8c48f,2021-10,Staffordshire Police,Staffordshire Police,-1.643959,52.809360,On or near CASEY LANE,E01029445,East Staffordshire 009A,Unable to prosecute suspect
ecd2db414a414b94fef1fc4044d62e30deed97bfd7e2a64b46cfb8a41c25d475,2021-10,Staffordshire Police,Staffordshire Police,-2.207382,53.001922,On or near LIONEL GROVE,E01014294,Stoke-on-Trent 018F,Unable to prosecute suspect
230fcaa54f202a52ce9c322cdf6c8088221c1e07f1c66cca52c7f47441df7165,2021-10,Staffordshire Police,Staffordshire Police,-2.169805,53.029371,On or near ST JOHN STREET,E01014328,Stoke-on-Trent 013C,Further investigation is not in the public interest
a05f4b9b8dca168c497f46f696c677cb16e153be65141ce48c749967a01242ee,2021-10,Staffordshire Police,Staffordshire Police,-1.661279,52.603710,On or near TINKERS GREEN ROAD,E01029868,Tamworth 010D,Investigation complete; no suspect identified
d8b510ca80d129bbb5a50de8d5527b5935507511cebcc34b6a143f9e84afec01,2021-10,Staffordshire Police,Staffordshire Police,-2.199199,53.020876,On or near ETRURIA OLD ROAD,E01014285,Stoke-on-Trent 015B,Investigation complete; no suspect identified
6e1649af0835c5ba6925356b9f54f8ca2ad718a8c4cb40cd46e24df634020f22,2021-10,Staffordshire Police,Staffordshire Police,-1.663059,52.829498,On or near BEAMHILL ROAD,E01029463,East Staffordshire 004C,Unable to prosecute suspect
75a15bff022f27fe2e739b981215c35cfdca8892eaa8becc8fc7652f20214bd9,2021-10,Staffordshire Police,Staffordshire Police,-2.150073,52.890523,On or near BEACON RISE,E01029755,Stafford 004E,Investigation complete; no suspect identified
1c8b905a2e70ffcec9218f1f175126f36b8becbe6bfc4580ef553a7e0de54ed7,2021-10,Staffordshire Police,Staffordshire Police,-1.895095,52.973426,On or near GLEN DRIVE,E01029761,Staffordshire Moorlands 010A,Investigation complete; no suspect identified
1fc33f3b986511678f7392618b36b612238384b8f0f59584db121fc82bcde2a5,2021-10,Staffordshire Police,Staffordshire Police,-2.177340,53.048902,On or near STELLAR STREET,E01014266,Stoke-on-Trent 008B,Investigation complete; no suspect identified
a07687842acb6c16d809308ccf405d3e670dbdc5e5cfb40ce98d64c1fbf23e2e,2021-10,Staffordshire Police,Staffordshire Police,-2.166194,53.001780,On or near MOUNFIELD PLACE,E01014275,Stoke-on-Trent 020B,Formal action is not in the public interest
d94ce02b272bb80ce47a7fe2bc3ebe0ee601b4515cb2aeeabd4ac9654b503986,2021-10,Staffordshire Police,Staffordshire Police,-2.206999,53.058904,On or near THE BOULEVARD,E01014355,Stoke-on-Trent 005B,Investigation complete; no suspect identified
4c61b6137f0c70a93b1ea30764135c54dd5d0b65f6fc2c1f15fb5bbd5e1987f0,2021-10,Staffordshire Police,Staffordshire Police,-1.761717,52.674002,On or near LANGTON CRESCENT,E01029531,Lichfield 008D,Unable to prosecute suspect
e3ddb7625ed39bd01c30e2e224382298ecdb150bf26944140965b7bffc39d71c,2021-10,Staffordshire Police,Staffordshire Police,-2.177340,53.048902,On or near STELLAR STREET,E01014266,Stoke-on-Trent 008B,Investigation complete; no suspect identified
b5cc516906ee0854f57352cb4ef18f410425177e5ca38d67b283d2a00e9139d0,2021-10,Staffordshire Police,Staffordshire Police,-2.254791,53.048932,On or near HOLLY ROAD,E01029547,Newcastle-under-Lyme 007A,Investigation complete; no suspect identified
87e97220a5fa7bfa105ac876475356168a1af515a0c0ab821cebd258142020b2,2021-10,Staffordshire Police,Staffordshire Police,-1.703707,52.646516,On or near BYRON ROAD,E01029849,Tamworth 002C,Unable to prosecute suspect
1bb4f759460535b9cec612b3751b10ed7df3159a261b517560ae2178d88d4a47,2021-10,Staffordshire Police,Staffordshire Police,-2.134650,53.030810,On or near WELBECK PLACE,E01014212,Stoke-on-Trent 012C,Unable to prosecute suspect
1da4aee65fc4c4de10da716afac08feeadfc3b9296bd0aca4bd433dabd05b989,2021-10,Staffordshire Police,Staffordshire Police,-2.205988,52.592731,On or near GIBSON ROAD,E01029663,South Staffordshire 010C,Investigation complete; no suspect identified
52ab0a6c48832e8b8c00d91a1fdfb95cc0be95a2ee721bc5542294a1468d508c,2021-10,Staffordshire Police,Staffordshire Police,-1.686878,52.856712,On or near SILK MILL LANE,E01029464,East Staffordshire 004D,Investigation complete; no suspect identified
d80bee1e72ba8f18f7fb83ca90e7601264d3644c1147ef8dda8e2b43af3cd4ea,2021-10,Staffordshire Police,Staffordshire Police,-2.121286,53.008351,On or near HOMESTEAD STREET,E01014224,Stoke-on-Trent 017E,Unable to prosecute suspect
4e87ec7010d6bc4002ca460599830df6b1c02ca83f14ac95b8a2d671957e38f3,2021-10,Staffordshire Police,Staffordshire Police,-2.209635,53.011869,On or near STOKE OLD ROAD,E01014288,Stoke-on-Trent 018A,Investigation complete; no suspect identified
e6dd9a557d53143bfd43e4804c3373d41e4f85047a758c6560c19747636b5ddf,2021-10,Staffordshire Police,Staffordshire Police,-1.708533,52.627550,On or near ETCHELL ROAD,E01029837,Tamworth 005B,Investigation complete; no suspect identified
8986132e458c8d899be5fb135adcdcbd815b2f522c377add17bc7bdf890f7950,2021-10,Staffordshire Police,Staffordshire Police,-1.865899,52.739556,On or near ALANDALE AVENUE,E01029480,Lichfield 001A,Unable to prosecute suspect
3787363dd15c87bfa8591a4ab41213bff72b0e58e02e4332b7732913008a6a9d,2021-10,Staffordshire Police,Staffordshire Police,-1.714721,52.616580,On or near DEER PARK ROAD,E01029503,Lichfield 012C,Investigation complete; no suspect identified
2081c992967689daeb0099eddd653ab183773e06c9a3a6cd00b03ea4478a287a,2021-10,Staffordshire Police,Staffordshire Police,-2.177734,53.025054,On or near BRUNSWICK STREET,E01014287,Stoke-on-Trent 015D,Investigation complete; no suspect identified
eb6926782808b95407221c408bf779b3a89485f78967c59795639c354966fb7f,2021-10,Staffordshire Police,Staffordshire Police,-2.023724,53.105223,On or near Parking Area,E01029804,Staffordshire Moorlands 005A,Unable to prosecute suspect
dca4f8496cd5a138eaea8edfacb3fbfec184ccf28adedcad7c35644bb3b86916,2021-10,Staffordshire Police,Staffordshire Police,-2.228409,53.010782,On or near Supermarket,E01029604,Newcastle-under-Lyme 011E,Unable to prosecute suspect
b7017d820fe55eef3ec4be97f695e3a32eaed5d2724eeb284b41f8fbdf0d118f,2021-10,Staffordshire Police,Staffordshire Police,-2.194892,53.024434,On or near LAKEWOOD GROVE,E01014285,Stoke-on-Trent 015B,Investigation complete; no suspect identified
b45914d03e538c567e0f7744f58f0a2a7e333644c3ddc194b2deaca4ed701a51,2021-10,Staffordshire Police,Staffordshire Police,-2.200795,53.014608,On or near SCRIVENER ROAD,E01014291,Stoke-on-Trent 018D,Action to be taken by another organisation
01dfa5e2de9da6c79fbef6ee1fa64dd3b8c778f8e5e74620dd6dfea341a38f0f,2021-10,Staffordshire Police,Staffordshire Police,-1.706559,52.626700,On or near VENTURA PARK ROAD,E01029837,Tamworth 005B,Investigation complete; no suspect identified
a248de0bf8d23e4ab7823a6c1b8554188dba93009039506acfa6c1c4daef9918,2021-10,Staffordshire Police,Staffordshire Police,-2.201199,53.053476,On or near Petrol Station,E01014252,Stoke-on-Trent 009D,Unable to prosecute suspect
838c4671697e01f28bb29f30eb85fef812e549ae217b4aa9d5c1719eca5483d3,2021-10,Staffordshire Police,Staffordshire Police,-2.175026,52.996931,On or near MINSHALL STREET,E01014277,Stoke-on-Trent 020D,Unable to prosecute suspect
13926984d256fc53a60080f890fc5b94b54007a8432c70a90c436e1caebf8f14,2021-10,Staffordshire Police,Staffordshire Police,-2.228409,53.010782,On or near Supermarket,E01029604,Newcastle-under-Lyme 011E,Investigation complete; no suspect identified
da19cfc79cdb4de388a7bdde21d489a4ba9307bbb4be6d717d39c796e4aaed78,2021-10,Staffordshire Police,Staffordshire Police,-2.195425,53.003973,On or near GREATBATCH AVENUE,E01014292,Stoke-on-Trent 018E,Unable to prosecute suspect
94f50bd5f62c5278a12507c1aae294d74ed9264430654f0105dd258fb151975f,2021-10,Staffordshire Police,Staffordshire Police,-2.171776,52.673289,On or near HYDE MILL CROFT,E01029618,South Staffordshire 003B,Investigation complete; no suspect identified
a055e61f89493d8649237049db1774baa5be605aa1142ac7fc7ecbf75b868562,2021-10,Staffordshire Police,Staffordshire Police,-1.730889,52.622254,On or near A5,E01029503,Lichfield 012C,Investigation complete; no suspect identified
255513fb2d922f6574b9e70e0d61087cafbdf3e44fa7487d768fdc13e4e2a94a,2021-10,Staffordshire Police,Staffordshire Police,-1.698922,52.624461,On or near A5,E01029837,Tamworth 005B,Unable to prosecute suspect
2dc0a8b76ce4067abe0728a36dbb9df755f8641de18069f9a26b550e987282e5,2021-10,Staffordshire Police,Staffordshire Police,-2.118173,52.807129,On or near Shopping Area,E01029701,Stafford 010E,Investigation complete; no suspect identified
2eb887cf62375e43d804e28bf9736f9e3f3851ebcef0fbfd57a304beaa2788d8,2021-10,Staffordshire Police,Staffordshire Police,-2.131904,52.990856,On or near UPPER CROSS STREET,E01014302,Stoke-on-Trent 022D,Investigation complete; no suspect identified
9ad261bcbdaff8a04219188c8dac69a97b06da96ad1f27bcc7e554c3a612bee4,2021-10,Staffordshire Police,Staffordshire Police,-2.134672,52.980542,On or near BLANTYRE STREET,E01014309,Stoke-on-Trent 027B,Investigation complete; no suspect identified
bad81254f3ffd57d11704213c7dd6a7fe5d22f55b8040a3e2da83bb2aedc39d9,2021-10,Staffordshire Police,Staffordshire Police,-2.217856,53.075694,On or near GARBETT STREET,E01014357,Stoke-on-Trent 002A,Unable to prosecute suspect
d838284e35b4225faee7222666b2022b7eecdb89da778f41d9b546e25d4e559e,2021-10,Staffordshire Police,Staffordshire Police,-2.223814,53.018432,On or near TULIP GROVE,E01029578,Newcastle-under-Lyme 011B,Further action is not in the public interest
b32fcffec620bf72a7dd0a3708a5ecac9ea829b2df5fb45831f91f8563161824,2021-10,Staffordshire Police,Staffordshire Police,-2.192404,53.028195,On or near RIDGEHOUSE DRIVE,E01014285,Stoke-on-Trent 015B,Investigation complete; no suspect identified
e97d64ecab1a1d59486b7f7f2797d5a6c940148b059e5434b4a9214e55b8403f,2021-10,Staffordshire Police,Staffordshire Police,-2.167758,53.028349,On or near BASKERVILLE ROAD,E01014328,Stoke-on-Trent 013C,Suspect charged
e97d64ecab1a1d59486b7f7f2797d5a6c940148b059e5434b4a9214e55b8403f,2021-10,Staffordshire Police,Staffordshire Police,-2.167758,53.028349,On or near BASKERVILLE ROAD,E01014328,Stoke-on-Trent 013C,Suspect charged
642de15ffe3dbc26cad7ce730542ae8d5e00514ea76e9589e0371f7585a2d03c,2021-10,Staffordshire Police,Staffordshire Police,-2.256335,53.032614,On or near LOOMER ROAD,E01029559,Newcastle-under-Lyme 007C,Further investigation is not in the public interest
c1650be17a9443ad1629e8e5f3cf0aa7f5f5c32d68d8684256964bb2e1a4f036,2021-10,Staffordshire Police,Staffordshire Police,-1.694212,52.636855,On or near Petrol Station,E01029851,Tamworth 002E,Investigation complete; no suspect identified
933eb0ff3f8b31fdde33758de54f2a7cbf1d4055a019069e3094849b28930636,2021-10,Staffordshire Police,Staffordshire Police,-1.841633,52.687737,On or near Supermarket,E01032899,Lichfield 004F,Investigation complete; no suspect identified
8acb285d4b117a447a603efefb687b543606ade62504d1f89d8cb0e13800f139,2021-10,Staffordshire Police,Staffordshire Police,-2.181424,53.001892,On or near WOODHOUSE STREET,E01014345,Stoke-on-Trent 019E,Further action is not in the public interest
0eaf8fa2fe3978b0e8b05ff448e05322d051f5de728338d8740192b5fae0d0d4,2021-10,Staffordshire Police,Staffordshire Police,-2.099197,53.020327,On or near CHARTWELL CLOSE,E01029818,Staffordshire Moorlands 009D,Investigation complete; no suspect identified
424fb55988f6733ad85639bd873ad1114de4b6e85b4371eae8a0ff11a2d8280c,2021-10,Staffordshire Police,Staffordshire Police,-2.208515,52.593338,On or near WORCESTER GROVE,E01029663,South Staffordshire 010C,Unable to prosecute suspect
813349d5b6e56a0be24c47590831cbf91aa4d08fccbe2ebf47e748df61e5e3e9,2021-10,Staffordshire Police,Staffordshire Police,-2.119200,53.008308,On or near SPALDING PLACE,E01014223,Stoke-on-Trent 017D,Further action is not in the public interest
6ef39998fc69c9c82c6184d902e743061ec1401571841d3da5bac885b57f85ea,2021-10,Staffordshire Police,Staffordshire Police,-1.834108,52.682468,On or near Park/Open Space,E01032899,Lichfield 004F,Investigation complete; no suspect identified
6aaad1dd8f4505fac4608cd0af27f7ffc0e9aa5d713f4185fe73952cb0e6f4be,2021-10,Staffordshire Police,Staffordshire Police,-2.101214,52.990463,On or near WESTON DRIVE,E01014365,Stoke-on-Trent 024C,Action to be taken by another organisation
38d15bd54e15d5f8f7bb9c36a1892537c1c49b92fbc0b45f17d6d008686936a5,2021-10,Staffordshire Police,Staffordshire Police,-2.232912,53.022172,On or near DERWENT PLACE,E01029553,Newcastle-under-Lyme 010A,Suspect charged
de213bed52c80aa869c4e1587f27d646c65fd061561b235a4fa79c9d1a624cd9,2021-10,Staffordshire Police,Staffordshire Police,-2.159465,52.970938,On or near ORFORD WAY,E01014237,Stoke-on-Trent 032C,Investigation complete; no suspect identified
5c63a1bbaf499f2168de0c48fcd65a2e4674aa4247e4fb424a9beae6e0cbfa6e,2021-10,Staffordshire Police,Staffordshire Police,-1.630219,52.790341,On or near WATERSIDE,E01029451,East Staffordshire 014C,Investigation complete; no suspect identified
f5c9046e66b2c78c5007eda46256d5c42645e600d72645ab1ce49e1c74615693,2021-10,Staffordshire Police,Staffordshire Police,-1.938457,52.678729,On or near Supermarket,E01029497,Lichfield 006E,Investigation complete; no suspect identified
b347e2b7a6bf842b1d8fb42035c80707787619ea1b8bc986f041d2dc17ea1bb4,2021-10,Staffordshire Police,Staffordshire Police,-2.240568,53.036998,On or near ROSENDALE AVENUE,E01029558,Newcastle-under-Lyme 006E,Unable to prosecute suspect
a7687c93b733dc02abb0bfea8fcfde0b710e2b5bfa82db42ca415155c80cfdd1,2021-10,Staffordshire Police,Staffordshire Police,-2.164351,53.030278,On or near Supermarket,E01014329,Stoke-on-Trent 013D,Investigation complete; no suspect identified
49cb98df3daeb9845b0796e11dcdbfd4031557f84a8a7dfd339b111afa797a4a,2021-10,Staffordshire Police,Staffordshire Police,-1.993028,52.722021,On or near BRACKEN CLOSE,E01029388,Cannock Chase 004C,Investigation complete; no suspect identified
54fb256346ad242480b982d02971a4a788694b770e6eb01de11f5ec73a64e330,2021-10,Staffordshire Police,Staffordshire Police,-2.099197,53.020327,On or near CHARTWELL CLOSE,E01029818,Staffordshire Moorlands 009D,Investigation complete; no suspect identified
33c60e62a7d0dfd8c4e8aff8f47b2e475d81dfa90e1bbd4ff231e2a8c2624c05,2021-10,Staffordshire Police,Staffordshire Police,-1.924814,52.673633,On or near MEADWAY STREET,E01029529,Lichfield 010D,Investigation complete; no suspect identified
8b7477fc833b8730670a97241c48d574c4fcf380209a5a17de9b1942e8ebcec3,2021-10,Staffordshire Police,Staffordshire Police,,,No location,,,Unable to prosecute suspect
f2833b87edb4b66b34fd5a81247ccf922d447608f57bcb0167bc85bd90043588,2021-10,Staffordshire Police,Staffordshire Police,-2.015359,52.649932,On or near ALPHA WAY,E01029638,South Staffordshire 005A,Investigation complete; no suspect identified
27041ad9ecb14939e5846ead9bccf48bd0406957e930cbeb10f1f2c4738b9663,2021-10,Staffordshire Police,Staffordshire Police,-1.962054,52.672033,On or near BREEZE AVENUE,E01029397,Cannock Chase 013D,Investigation complete; no suspect identified
8b2086cd39800941e3dd31d5dc91e511cc9d3e3f751b384dba161389d8867c1f,2021-10,Staffordshire Police,Staffordshire Police,-1.760251,52.677145,On or near NODDINGTON LANE,E01029530,Lichfield 008C,Investigation complete; no suspect identified
4615f242817545c6688dbf845e99627dea67592066e270d8d10fe89300d8d4fe,2021-10,Staffordshire Police,Staffordshire Police,-2.160042,52.969939,On or near PENTON PLACE,E01014235,Stoke-on-Trent 032A,Investigation complete; no suspect identified
71e18d5e336b368b7688831087213f0a936d6b067ed7823dcb44e27efd07db38,2021-10,Staffordshire Police,Staffordshire Police,-2.059216,52.966176,On or near UTTOXETER ROAD,E01029798,Staffordshire Moorlands 012C,Investigation complete; no suspect identified
6db194fb64717b45461a9f3e52c1b37294578000a680628321f7b3bc562f0459,2021-10,Staffordshire Police,Staffordshire Police,-1.943280,52.688890,On or near LEA HALL DRIVE,E01029493,Lichfield 006B,Investigation complete; no suspect identified
71c87a2eefc11435d75125e4efbee30aae233359f549e2e8dc7416eb2f44e10a,2021-10,Staffordshire Police,Staffordshire Police,-2.222554,53.008357,On or near GROSVENOR ROAD,E01029602,Newcastle-under-Lyme 011C,Investigation complete; no suspect identified
4308ccd1fdd92eb47e8c51295a46d2696d68b4b0b073ba50b841d332fd4ca1be,2021-10,Staffordshire Police,Staffordshire Police,-2.135843,52.978653,On or near RUSSELL STREET,E01014309,Stoke-on-Trent 027B,Investigation complete; no suspect identified
d33dbe48686f699c7aa46f93c3d5e3bc657947860616be0d938fbb96d4f3aeac,2021-10,Staffordshire Police,Staffordshire Police,-2.190115,52.527006,On or near GRIFFITHS DRIVE,E01029677,South Staffordshire 013F,Formal action is not in the public interest
5bd5620a9dde7b4e62c6ffbe6cf5a7f56f1a1d82019635793f5e8560fd52d294,2021-10,Staffordshire Police,Staffordshire Police,-1.876307,52.903660,On or near HOLLY ROAD,E01029462,East Staffordshire 003D,Unable to prosecute suspect
ffb76178e691634d92d0f3a1f4da1c49a802a4edfc31201650c69e4d7ada0d8b,2021-10,Staffordshire Police,Staffordshire Police,-2.132737,52.980913,On or near OLOF PALME GROVE,E01014306,Stoke-on-Trent 029B,Investigation complete; no suspect identified
541f71a0ade90d9e74af223af2f2c6a558e9f7cebea6a9e300787dca1499a1c8,2021-10,Staffordshire Police,Staffordshire Police,-2.141468,52.794967,On or near CARLTON SQUARE,E01029714,Stafford 012A,Investigation complete; no suspect identified
85fbdc9d447e8a05b5b367a028ec78b4cb86d6c654b2104a6da1346a9a84984f,2021-10,Staffordshire Police,Staffordshire Police,-2.135805,52.657685,On or near Supermarket,E01029616,South Staffordshire 006A,Investigation complete; no suspect identified
aa00f5716d8ece8ec562985a5ea81e58a34e59eb387997c75ae70f1cc36d331a,2021-10,Staffordshire Police,Staffordshire Police,-2.151474,53.053244,On or near RUBY CLOSE,E01014335,Stoke-on-Trent 004C,Local resolution
58c4bb01e3399dd2471ad644b8161608d947eb9c31d0e5d360aaa3200beec1c9,2021-10,Staffordshire Police,Staffordshire Police,-2.188258,53.062109,On or near WESTMARSH GROVE,E01014243,Stoke-on-Trent 006C,Investigation complete; no suspect identified
526ac7fd4483429d40d0cbbecea3db32d92ee8b1a624db904df30fbcbe56ce17,2021-10,Staffordshire Police,Staffordshire Police,-1.664252,52.637798,On or near FILEY,E01029821,Tamworth 003B,Investigation complete; no suspect identified
289959a7300dc89cfb47dedd3910c0649f549a89a3a6cbb5827a0b08a3b2b371,2021-10,Staffordshire Police,Staffordshire Police,-2.220709,53.073037,On or near FERNEY PLACE,E01014358,Stoke-on-Trent 002B,Unable to prosecute suspect
23e0bce763b592ca51b8ced9e5a9b3c73c295263c4a8b6c967cfee22d4f353a6,2021-10,Staffordshire Police,Staffordshire Police,-2.186693,53.007394,On or near CHARLTON STREET,E01014293,Stoke-on-Trent 019A,Investigation complete; no suspect identified
5891183a918fde421e13e0c6ff3ff8099cfc23b89d56dbbaccedca1f964d117f,2021-10,Staffordshire Police,Staffordshire Police,-2.193254,53.064905,On or near GOWAN AVENUE,E01014242,Stoke-on-Trent 006B,Unable to prosecute suspect
0bae981884826c2a489c978c6e1edde0d31b3361bc4a9cfca71a428ed76a4905,2021-10,Staffordshire Police,Staffordshire Police,-1.694212,52.636855,On or near Petrol Station,E01029851,Tamworth 002E,Investigation complete; no suspect identified
be26654d1ecf112ba43b1cebd5e88e4dd2d5ff0b34d91db94ed22db4f0d71f16,2021-10,Staffordshire Police,Staffordshire Police,-2.218290,53.034479,On or near KEELING STREET,E01029609,Newcastle-under-Lyme 008D,Unable to prosecute suspect
f1f53363ce4eac9aaa8757bf777fbe9002d2ab64952ca6d6c7e01672ed5dbfce,2021-10,Staffordshire Police,Staffordshire Police,-2.177340,53.048902,On or near STELLAR STREET,E01014266,Stoke-on-Trent 008B,Investigation complete; no suspect identified
ff66cbd196f7f82b67eac7017cf811e613109f82ec97f94572cf486d5747b6aa,2021-10,Staffordshire Police,Staffordshire Police,-2.130907,52.917541,On or near VICAR'S CLOSE,E01029683,Stafford 002C,Unable to prosecute suspect
3902d80a8597f9a65b84a77f088d598945712e733197b8a9257fa6660cb3ce13,2021-10,Staffordshire Police,Staffordshire Police,-2.178815,52.622478,On or near WESLEY AVENUE,E01029613,South Staffordshire 008A,Investigation complete; no suspect identified
6d07326db3571327c941a0001b9d3811c56fd4fffd805fdbdb4930cba5f0c677,2021-10,Staffordshire Police,Staffordshire Police,-2.116562,52.803849,On or near PILGRIM STREET,E01029701,Stafford 010E,Further investigation is not in the public interest
2a91951fa8f4dd1d699c5c35d2547069571fb9851e278eb8ffacbed7e439fd85,2021-10,Staffordshire Police,Staffordshire Police,-2.249088,53.040342,On or near WETHERBY CLOSE,E01029548,Newcastle-under-Lyme 007B,Investigation complete; no suspect identified
bbcdc0020c87ffc8fa54cd9fe5fc688f902da94b1f50b685fba25a3754ae9119,2021-10,Staffordshire Police,Staffordshire Police,-2.199892,53.009665,On or near Petrol Station,E01014291,Stoke-on-Trent 018D,Investigation complete; no suspect identified
99cd0602b14955513b49a51448f42da0e51f57e8c08760c76b2630755a14cd33,2021-10,Staffordshire Police,Staffordshire Police,-2.110731,52.721753,On or near HALING CLOSE,E01029659,South Staffordshire 001E,Investigation complete; no suspect identified
c914654eaa9d86e032029d31fc43b4715c065e25ac436c70725de9744dbe6b6a,2021-10,Staffordshire Police,Staffordshire Police,-2.167128,53.023505,On or near WATERLOO STREET,E01014231,Stoke-on-Trent 016B,Suspect charged
229620fcb0ca213273e7bb74480ae170542f569237bffd26c83f47fc55681062,2021-10,Staffordshire Police,Staffordshire Police,-2.222240,53.008079,On or near GROSVENOR GARDENS,E01029602,Newcastle-under-Lyme 011C,Investigation complete; no suspect identified
00e81af5aa980e8efaa52f5a1ac58267acaeabbbe11e466f095f5c149693c4d5,2021-10,Staffordshire Police,Staffordshire Police,-2.017941,52.675237,On or near GEMINI DRIVE,E01029395,Cannock Chase 013B,Investigation complete; no suspect identified
722e08d2cb66dfd53fa493b71fa471ad08531cc33a9441dc5c3801ad85d11ced,2021-10,Staffordshire Police,Staffordshire Police,-2.105493,52.814611,On or near READ AVENUE,E01029692,Stafford 009A,Unable to prosecute suspect
4c29f0ba1685936162331abba7a8e1a7159714a449673822cbeb580b59225e18,2021-10,Staffordshire Police,Staffordshire Police,-2.218711,52.713611,On or near BEECH CLOSE,E01029668,South Staffordshire 003C,Action to be taken by another organisation
e90411da2ed6500c7fe7d08f75f7a8383f408ad257487c38799090174e56c069,2021-10,Staffordshire Police,Staffordshire Police,-2.322098,52.794587,On or near OULTON LANE,E01029708,Stafford 015D,Investigation complete; no suspect identified
74b354b26297178dff42c9d72e14bb3fe16fc64a65bb3d34d8da35e77ed4855e,2021-10,Staffordshire Police,Staffordshire Police,-2.140102,52.992249,On or near GOLDENHILL ROAD,E01014302,Stoke-on-Trent 022D,Investigation complete; no suspect identified
386d654a64e7de3fad69bec8cf3e00d68d83eb250d25bcc7d69ea3272ea36ea9,2021-10,Staffordshire Police,Staffordshire Police,-2.192404,53.028195,On or near RIDGEHOUSE DRIVE,E01014285,Stoke-on-Trent 015B,Investigation complete; no suspect identified
ee20575aa96c538376f9a5f2bba15ff3e4aa464e0df998e63738f11a1b1b72fc,2021-10,Staffordshire Police,Staffordshire Police,-2.192404,53.028195,On or near RIDGEHOUSE DRIVE,E01014285,Stoke-on-Trent 015B,Investigation complete; no suspect identified
a78f6ed717edd48b53a2726ae69172779cfeeb987d77855dddef055d6211fd2e,2021-10,Staffordshire Police,Staffordshire Police,-2.115807,52.804524,On or near BRIDGE STREET,E01029701,Stafford 010E,Investigation complete; no suspect identified
9d020208d68245d770597de58d2fdbd9cc79fe0f9467c7e9fcf4dce3811aabfe,2021-10,Staffordshire Police,Staffordshire Police,-2.197179,52.989902,On or near GROSVENOR AVENUE,E01014343,Stoke-on-Trent 023D,Investigation complete; no suspect identified
d9f7f737ca908b9b4d55cb92cf90165020cd909293af72d736c105c6f9edd821,2021-10,Staffordshire Police,Staffordshire Police,-2.198977,53.008228,On or near YOXALL AVENUE,E01014292,Stoke-on-Trent 018E,Investigation complete; no suspect identified
fa0cfc95b66790ecbc27bbcba3d68eb41ff4f767221e9417ab68625febe4ef70,2021-10,Staffordshire Police,Staffordshire Police,-2.028693,52.674921,On or near BROAD STREET,E01029359,Cannock Chase 012A,Investigation complete; no suspect identified
39ca75e7064d21b9115ca3b74ae583a2d61e446a3ed1196f15c52d1f6d036e38,2021-10,Staffordshire Police,Staffordshire Police,-2.044383,52.658483,On or near CEMETERY STREET,E01029621,South Staffordshire 002A,Investigation complete; no suspect identified
39a4f0dfafb40ec31e25cbe1384bacd26754940872d5332460a4d73313ed7665,2021-10,Staffordshire Police,Staffordshire Police,-2.094861,53.020960,On or near HARDEWICK CLOSE,E01029818,Staffordshire Moorlands 009D,Investigation complete; no suspect identified
8f24aed77d46909fc4edb3d0f3ff36bb6035b307ddfcefbcaf2496798baf12ff,2021-10,Staffordshire Police,Staffordshire Police,-2.186063,53.003089,On or near LONDON ROAD,E01014345,Stoke-on-Trent 019E,Investigation complete; no suspect identified
4776e32d35ed11b96a6fc0c26d1159a6bc50139da5f6a57d266dd87fc89e3602,2021-10,Staffordshire Police,Staffordshire Police,-1.684849,52.646413,On or near ARKALL CLOSE,E01029854,Tamworth 001F,Investigation complete; no suspect identified
5fec2e34cc086ff6033a68146f7594e7c29689f15e03dd1b7819ab2afe4af7a2,2021-10,Staffordshire Police,Staffordshire Police,-2.235625,53.079454,On or near ROWAN CLOSE,E01029586,Newcastle-under-Lyme 001E,Unable to prosecute suspect
8f5e323bac32ea39e994b65517ee4381d9b778043ef277306f9888a47f4fe676,2021-10,Staffordshire Police,Staffordshire Police,-2.145945,52.993266,On or near BUTE STREET,E01014273,Stoke-on-Trent 021A,Investigation complete; no suspect identified
b722f30715d8ba58ebe321ac7e2a19521fe033b3b7306b1d8f075fac40a4ec85,2021-10,Staffordshire Police,Staffordshire Police,-1.944353,52.764591,On or near JOHNSON CLOSE,E01029403,Cannock Chase 002D,Further action is not in the public interest
eafe92943006201edd3ea27debf870cd1bbcb4ba034774741f999fbc603320ad,2021-10,Staffordshire Police,Staffordshire Police,-2.183198,53.016236,On or near CHATHAM STREET,E01014281,Stoke-on-Trent 015A,Investigation complete; no suspect identified
a1b6585a52db0a2aad99c86abcb728d20da48760e34098d5f9a2b6949af49afd,2021-10,Staffordshire Police,Staffordshire Police,-2.192358,53.021211,On or near LADYSMITH ROAD,E01014285,Stoke-on-Trent 015B,Unable to prosecute suspect
250ca7e45a3e521538f48923735650b751a677526da9604e3a925035fbc2de70,2021-10,Staffordshire Police,Staffordshire Police,-1.619218,52.841142,On or near DOVECLIFF ROAD,E01029458,East Staffordshire 005E,Unable to prosecute suspect
e07a250dcefb2051ba4534e2661e8310485f75d876a1cadcab5926e2093e77ec,2021-10,Staffordshire Police,Staffordshire Police,-2.190520,53.050752,On or near LORNE STREET,E01014247,Stoke-on-Trent 009A,Unable to prosecute suspect
c359871bc0b58f11a6f972f83622d8404fea7dbe60d53408a26bb9667faaf1eb,2021-10,Staffordshire Police,Staffordshire Police,-1.627437,52.805309,On or near HIGH STREET,E01032896,East Staffordshire 011F,Suspect charged
d205ee0f57f8fbca6cccaeb89ddd15a7eb65bf1057e0ddeba7a4951120aad5c5,2021-10,Staffordshire Police,Staffordshire Police,-1.632292,52.787255,On or near SUFFOLK ROAD,E01029450,East Staffordshire 014B,Further investigation is not in the public interest
a1be10126564493e3126aa94f464c669253bf6e5ac6e02c35504450e7315ed54,2021-10,Staffordshire Police,Staffordshire Police,-1.925655,52.744490,On or near LEASOWE ROAD,E01029348,Cannock Chase 003D,Unable to prosecute suspect
746440f36b860bd1fe009aed31ca455d4c034b458ad5be96967bde3f3279ffe1,2021-10,Staffordshire Police,Staffordshire Police,-2.125592,53.007699,On or near Petrol Station,E01014229,Stoke-on-Trent 017F,Investigation complete; no suspect identified
3f7322204d69df6c371c5697ccef912ca301faaa4a801978a79f464eb542f3a3,2021-10,Staffordshire Police,Staffordshire Police,-2.188909,53.077901,On or near OVERSLEY ROAD,E01014260,Stoke-on-Trent 001D,Investigation complete; no suspect identified
23e3737b2d09c205946ebd02f2325cd842fb9b767e21c3d393a66bd3190ff111,2021-10,Staffordshire Police,Staffordshire Police,-2.186489,53.005057,On or near LIVERPOOL ROAD,E01014293,Stoke-on-Trent 019A,Further investigation is not in the public interest
addc5c581882d330bf975b5c6e5377049aafca67238b4e5b14f9d862f6291654,2021-10,Staffordshire Police,Staffordshire Police,-2.025261,53.103991,On or near Parking Area,E01029804,Staffordshire Moorlands 005A,Unable to prosecute suspect
0e50601d5e2f504fb2943386ff905898f4b53cbba7725bc99e44e18e2841f769,2021-10,Staffordshire Police,Staffordshire Police,-2.187962,53.031915,On or near COBRIDGE ROAD,E01014254,Stoke-on-Trent 011C,Investigation complete; no suspect identified
f90692badc9d15615ed7c74a09dabb7353bc89609132c6ddd5bf9e74ed8976f0,2021-10,Staffordshire Police,Staffordshire Police,-1.870836,53.183593,On or near Sports/Recreation Area,E01029817,Staffordshire Moorlands 007C,Investigation complete; no suspect identified
b5a1a215bd9529d0a2f73cf827c7b50784bd7e7c5e2163e4f3b571ae52ec25d1,2021-10,Staffordshire Police,Staffordshire Police,-2.092985,52.980753,On or near BROOKWOOD DRIVE,E01014367,Stoke-on-Trent 028C,Investigation complete; no suspect identified
65a46d5b5562caaf86e4b106d027e71cc983873e6601e41d6dac2f54b1d78342,2021-10,Staffordshire Police,Staffordshire Police,-1.655061,52.799271,On or near Petrol Station,E01029448,East Staffordshire 009D,Action to be taken by another organisation
69d9d1845aad8553f9a3ebdca9b9298f846bd07b9267ad6fb8167764478d972a,2021-10,Staffordshire Police,Staffordshire Police,-2.116158,52.807994,On or near MALT MILL LANE,E01029701,Stafford 010E,Investigation complete; no suspect identified
e0118d28de63fb2f5c5dab6e6d93a098ae83433f1685f392fdb9742e00863289,2021-10,Staffordshire Police,Staffordshire Police,-2.125307,52.981703,On or near WREN VIEW,E01014305,Stoke-on-Trent 029A,Investigation complete; no suspect identified
44e2560725f5efca62eeb7feac43ff5316d68d6df057c6a408ea525d056f8631,2021-10,Staffordshire Police,Staffordshire Police,-2.197207,52.999215,On or near JEREMY CLOSE,E01014295,Stoke-on-Trent 019B,Unable to prosecute suspect
eb9825f2f62b65d051cf74289fed127dce53b9e9217065e63e19227896c7e1c7,2021-10,Staffordshire Police,Staffordshire Police,-2.227815,53.008410,On or near Supermarket,E01029602,Newcastle-under-Lyme 011C,Investigation complete; no suspect identified
11808f1659ef72dfb2d7681d4befaa367b235f566e953b5339f25783e60d9151,2021-10,Staffordshire Police,Staffordshire Police,-1.933517,52.766339,On or near VICARS CROFT,E01029402,Cannock Chase 001E,Investigation complete; no suspect identified
b57ffd5fac677b235786e9823bad0b5b8acb72120e47d598c66b5607f8fc9a0a,2021-10,Staffordshire Police,Staffordshire Police,-1.626745,52.782231,On or near BLACKTHORN ROAD,E01029453,East Staffordshire 014E,Unable to prosecute suspect
f4de63b0b68758de4744979e91f7c9efd2bc7d223f2d37cb5c34aac5ae8482f4,2021-10,Staffordshire Police,Staffordshire Police,-2.179245,53.022588,On or near CROWN STREET,E01014287,Stoke-on-Trent 015D,Unable to prosecute suspect
bcd0ca7353f1befc393c0692d1972dc27385f0d66d9ee09f6ade857829551210,2021-10,Staffordshire Police,Staffordshire Police,-2.171885,52.941292,On or near OLD ROAD,E01029682,Stafford 002B,Investigation complete; no suspect identified
1df9ea043c2a157a8a03de6153b05df7d420fb807d1f71d95d6f843d2620acaa,2021-10,Staffordshire Police,Staffordshire Police,-1.636803,52.815308,On or near PARKER STREET,E01029426,East Staffordshire 008A,Investigation complete; no suspect identified
e069889e39d7f55d7ad3e8ac7e5299c8cc3625a580ebcc051f4148294cc7fda3,2021-10,Staffordshire Police,Staffordshire Police,-2.099991,52.957600,On or near BLYTHE AVENUE,E01029704,Stafford 001C,Investigation complete; no suspect identified
68de278020b8b9b3c7213a48410a1270576e2d6b72f2df93afd058338c69ad2b,2021-10,Staffordshire Police,Staffordshire Police,-2.140113,52.899048,On or near BIRCH ROAD,E01029740,Stafford 003A,Investigation complete; no suspect identified
bbb9f86924a346b59253315dc7665d180db06e1082bed1434795d2c9f305532c,2021-10,Staffordshire Police,Staffordshire Police,-1.822183,52.672256,On or near Petrol Station,E01029518,Lichfield 007D,Investigation complete; no suspect identified
becc51d9a949099824fab8b10f20f84ab3e348c40f6a06300c4608420100e21f,2021-10,Staffordshire Police,Staffordshire Police,-1.602643,52.807701,On or near NORTH STREET,E01029470,East Staffordshire 010C,Suspect charged
8bfe0b368605f311f011a59245cb5f78f901019e470cf533701bdf88bdc324f8,2021-10,Staffordshire Police,Staffordshire Police,-1.667735,52.622759,On or near MAITLAND,E01029840,Tamworth 007A,Unable to prosecute suspect
d42edb53cecc69a98f0763a8f8eb1be7bc53865a63761860ef93bf6a85eba1b5,2021-10,Staffordshire Police,Staffordshire Police,-2.226757,53.011118,On or near Shopping Area,E01029604,Newcastle-under-Lyme 011E,Investigation complete; no suspect identified
7bfb77eb5adfb252eadc0762e7f9906736d37d2367191e67fe85713a12ac73b2,2021-10,Staffordshire Police,Staffordshire Police,-1.960176,52.998995,On or near LOCKWOOD ROAD,E01029782,Staffordshire Moorlands 010B,Further investigation is not in the public interest
4c30b5b59d8e185596e723996c4a538057b28eefbc824cd659a8c05b4dd526ba,2021-10,Staffordshire Police,Staffordshire Police,-1.789219,52.709078,On or near WOOD END LANE,E01029479,Lichfield 002C,Investigation complete; no suspect identified
bd8316b97bfb6c7c40591506d74cad7a4b92e65e5ee1806f9d8374435acdc439,2021-10,Staffordshire Police,Staffordshire Police,-2.254623,53.055935,On or near BELLS HOLLOW,E01029545,Newcastle-under-Lyme 004C,Investigation complete; no suspect identified
ea29cf233677bcf32d24f3c4a4c7b7131a804e648aeab003d7c907ec5ab6aaaf,2021-10,Staffordshire Police,Staffordshire Police,-1.973987,52.673744,On or near GAINSBROOK CRESCENT,E01029396,Cannock Chase 013C,Investigation complete; no suspect identified
ce7a1d2cf957448f2fd3f6c6627f0132ee84d392ebb5a220d7bc63f5f0fa6dcf,2021-10,Staffordshire Police,Staffordshire Police,-2.254623,53.055935,On or near BELLS HOLLOW,E01029545,Newcastle-under-Lyme 004C,Investigation complete; no suspect identified
0a28cdcd19d9c2cbe34cf1a69e05812f218af054ab7a50eea99cf7e61d5d49db,2021-10,Staffordshire Police,Staffordshire Police,-1.965867,52.675153,On or near SCHOOL ROAD,E01029394,Cannock Chase 013A,Unable to prosecute suspect
f16de95284987d171de6864c8e623152122469b198675789d9e1eab94e077578,2021-10,Staffordshire Police,Staffordshire Police,-2.232501,53.042686,On or near DENRY CRESCENT,E01029538,Newcastle-under-Lyme 006B,Investigation complete; no suspect identified
d85d0e7eb458a15035e74495e1cce37767ac2a110fcd51a846a85a23bdf6f978,2021-10,Staffordshire Police,Staffordshire Police,-2.036004,52.680555,On or near Supermarket,E01029361,Cannock Chase 012C,Investigation complete; no suspect identified
58803c4f38358ff10d7056c9db3dad662cc358c26aac3da5fad8944bd0bb0a1e,2021-10,Staffordshire Police,Staffordshire Police,-2.171730,53.022348,On or near HARLEY STREET,E01014231,Stoke-on-Trent 016B,Suspect charged
e9101656111a11a8bcf4a797b19f0d7dc1f84f95cec4434baf397b22ca5413e2,2021-10,Staffordshire Police,Staffordshire Police,-2.031721,52.689663,On or near MARKET PLACE,E01029364,Cannock Chase 011B,Unable to prosecute suspect
2300fe17900f6c46d93afd6cc12b5afd357c56277c7c1f800137ab59e0d0fea3,2021-10,Staffordshire Police,Staffordshire Police,-2.208738,53.032869,On or near A500,E01029611,Newcastle-under-Lyme 008E,Investigation complete; no suspect identified
995ae2e2f0bb766c0713ab9db779394e8e162ae5c7ef5588b7cb73729ce551aa,2021-10,Staffordshire Police,Staffordshire Police,-1.638541,52.795428,On or near TRENT STREET,E01029409,East Staffordshire 011C,Investigation complete; no suspect identified
5536fb19bf0ad64544e7e3f8902c583e16a5b6a59e985f71cc1a31efeab585d1,2021-10,Staffordshire Police,Staffordshire Police,-2.171730,53.022348,On or near HARLEY STREET,E01014231,Stoke-on-Trent 016B,Suspect charged
0ff47889b6796fd5c369488fb24d3c09fcd1ef50768080ca2d431c61718b9827,2021-10,Staffordshire Police,Staffordshire Police,-2.171730,53.022348,On or near HARLEY STREET,E01014231,Stoke-on-Trent 016B,Suspect charged
d51e4a2d6c279e8877722a23e38fd08da76d2bd2fe007dce3e8d2eddf27453b9,2021-10,Staffordshire Police,Staffordshire Police,-2.171730,53.022348,On or near HARLEY STREET,E01014231,Stoke-on-Trent 016B,Suspect charged
5087b4e3eaf36c0d34256cc2bbf242253c41bf2b38ba2a25236da53e0e6058cb,2021-10,Staffordshire Police,Staffordshire Police,-2.224345,53.023096,On or near LYME GROVE,E01029555,Newcastle-under-Lyme 011A,Unable to prosecute suspect
60b4e58853fa422e6dadbf44a7fab0e339b9d473d62ac6941184a445ad2d620f,2021-10,Staffordshire Police,Staffordshire Police,-2.103311,52.807808,On or near BEDFORD AVENUE,E01029722,Stafford 009C,Investigation complete; no suspect identified
0ba7f011c4b141d0c09c1dd9818973ddf23274e0cb2a4194c4d2fb92f2b8064c,2021-10,Staffordshire Police,Staffordshire Police,-2.069301,52.792820,On or near FALMOUTH CLOSE,E01029685,Stafford 014B,Investigation complete; no suspect identified
aecd075555428ed85602304918cb7fd86a272d78308b45eabfe07b975d1dfa92,2021-10,Staffordshire Police,Staffordshire Police,-1.939869,52.684636,On or near LORNE STREET,E01029494,Lichfield 006C,Unable to prosecute suspect
98bb6aff60bb587aa9d33c513bf90e369f159d78814bb973f5824759ca32c9cc,2021-10,Staffordshire Police,Staffordshire Police,-1.796722,52.683794,On or near TITAN WAY,E01029484,Lichfield 005B,Investigation complete; no suspect identified
5d20c11db841a793e5533c5b0355a38fecc7247fe3bc894b216a1fcea8d8a0eb,2021-10,Staffordshire Police,Staffordshire Police,-1.648705,52.814984,On or near PAVILION GROVE,E01029446,East Staffordshire 009B,Unable to prosecute suspect
50c8339a7a81733bb97173a79fa51005f4cebc3a1ebd8549ae61a508cc7b1945,2021-10,Staffordshire Police,Staffordshire Police,-1.704347,52.608518,On or near COLESHILL ROAD,E01029504,Lichfield 012D,Investigation complete; no suspect identified
3dfb68cbcd3d148482775edc1937e8604b34830e90fa5130cd49177e8f7ca124,2021-10,Staffordshire Police,Staffordshire Police,-2.016887,52.702611,On or near HORTON CLOSE,E01029350,Cannock Chase 008B,Investigation complete; no suspect identified
728e201c88ac485bfb08e972eb2f2dcbc2a03a58ade74e0b85ca0fe518483f85,2021-10,Staffordshire Police,Staffordshire Police,-2.121940,52.812195,On or near Petrol Station,E01029701,Stafford 010E,Investigation complete; no suspect identified
355ccae60ffc62f1c1f2bf5fc8584d178632cefd96a60ce5fd3d88b7d8e7a0a7,2021-10,Staffordshire Police,Staffordshire Police,-2.028288,52.688432,On or near MILL STREET,E01029360,Cannock Chase 012B,Investigation complete; no suspect identified
46063219010f42259b649845d0a63e8de6ced028e367373cba4ab37d878342f6,2021-10,Staffordshire Police,Staffordshire Police,-2.186595,52.988301,On or near QUEENSWAY,E01014343,Stoke-on-Trent 023D,Investigation complete; no suspect identified
55bebbe087e6d2ec4767c2a532e163a1aa201247b81500cd940608b2123bf3dd,2021-10,Staffordshire Police,Staffordshire Police,-1.639408,52.805346,On or near GRANTS YARD,E01032896,East Staffordshire 011F,Unable to prosecute suspect
f40e7f281cd5ccecc4c3823f087eb14a268e2654362503aaad463c05f0a833d6,2021-10,Staffordshire Police,Staffordshire Police,-2.341545,52.997396,On or near LAVEROCK GROVE,E01029575,Newcastle-under-Lyme 013D,Investigation complete; no suspect identified
9410af3f4005649edcf3b8485ec7036af5024457a7f92f6cfb96a04653872569,2021-10,Staffordshire Police,Staffordshire Police,-2.141749,52.990404,On or near BATHS ROAD,E01014273,Stoke-on-Trent 021A,Investigation complete; no suspect identified
c2cc6f4a8fb6d397a9601e2ab91cb52d6a7c66e41166958ecd0f5bdc0861dfb6,2021-10,Staffordshire Police,Staffordshire Police,-2.028808,52.647853,On or near STRAWBERRY LANE,E01029639,South Staffordshire 005B,Further action is not in the public interest
3ba730015686367289aabc2e9989034947cc5acd81b1095890994c0ed0d3c56b,2021-10,Staffordshire Police,Staffordshire Police,-2.056666,52.769984,On or near CHASE CRESCENT,E01029730,Stafford 014C,Investigation complete; no suspect identified
a53b5184d5ccb520896ed759613644a791de951da60cf96c2dc7cc5b7facc23d,2021-10,Staffordshire Police,Staffordshire Police,-1.709438,52.611407,On or near SWISS LODGE DRIVE,E01029504,Lichfield 012D,Investigation complete; no suspect identified
39e6dca9bdc62d4e2fc484397f390af3ab35532d7fb689aa0767651f2b38d5b5,2021-10,Staffordshire Police,Staffordshire Police,-2.033061,52.680862,On or near LILAC AVENUE,E01029361,Cannock Chase 012C,Action to be taken by another organisation
77d31c2a3538331d7b2bb33a2fc549223d6b3bcdee387c556682dcf2cb5872af,2021-10,Staffordshire Police,Staffordshire Police,-2.155372,52.971564,On or near RIPON ROAD,E01014235,Stoke-on-Trent 032A,Investigation complete; no suspect identified
6407ca6d5a2e02f93c33224f2cb53a3930efaba27477459d81e9bc29fd87edb0,2021-10,Staffordshire Police,Staffordshire Police,-1.831359,52.682032,On or near SANDFORD STREET,E01032899,Lichfield 004F,Investigation complete; no suspect identified
2efd0db70dcf1836ca16dce7274ab05673dff8b29ca44d02d20e489d9e252e44,2021-10,Staffordshire Police,Staffordshire Police,-1.935559,52.678116,On or near CHASE VALE,E01029497,Lichfield 006E,Unable to prosecute suspect
991efa5aaedfc858807f4647610c2bb31c89b6d6e7a7e9db3f38eade71e7326f,2021-10,Staffordshire Police,Staffordshire Police,-2.129305,53.008711,On or near TILBROOK CLOSE,E01014229,Stoke-on-Trent 017F,Investigation complete; no suspect identified
689ed4049edc2e520a5e99fd3d6be1810b9501c455e94fdfd1a5e93fae9bc6c5,2021-10,Staffordshire Police,Staffordshire Police,-1.896556,52.677963,On or near FAREWELL LANE,E01029508,Lichfield 003C,Further action is not in the public interest
f2ed5f71c80a5a0017347ad79ed67029d9e2222df90256934da833e7dd9a446a,2021-10,Staffordshire Police,Staffordshire Police,-1.985004,52.983998,On or near BADDELEY STREET,E01029783,Staffordshire Moorlands 011B,Unable to prosecute suspect
c9737103afe683777f21d0378a8ed8c9546010d67f7393c26988e175f4cb3a96,2021-10,Staffordshire Police,Staffordshire Police,-1.654142,52.619358,On or near CRAVEN,E01029842,Tamworth 007B,Local resolution
0b9041b5e80572315e9a485e18b55222f64dfddecc1438351169556477504f70,2021-10,Staffordshire Police,Staffordshire Police,-0.558395,51.321678,On or near CHOBHAM ROAD,E01030968,Woking 003F,Unable to prosecute suspect
071ff90c370a454a484fd9d81458c3f92e63c35767344be32f437dfc5ad7277a,2021-10,Staffordshire Police,Staffordshire Police,-2.197483,52.978162,On or near LEVESON ROAD,E01014353,Stoke-on-Trent 030D,Investigation complete; no suspect identified
cd45ac70b192c2883863849d739dc8cfe2f8ac65c2d515ea170576b5f91381e0,2021-10,Staffordshire Police,Staffordshire Police,-1.988078,53.020090,On or near THE GREEN,E01029796,Staffordshire Moorlands 010D,Unable to prosecute suspect
fe06ecb61873a2335c76d9d85438afc6501b6109f17888198a0122e274fda4e9,2021-10,Staffordshire Police,Staffordshire Police,-2.171753,52.941894,On or near ORCHARD PLACE,E01029682,Stafford 002B,Unable to prosecute suspect
1f54c23a1ae1244f4844532dd3a3ba8c9deac5089178f6cbc0a38f557f299412,2021-10,Staffordshire Police,Staffordshire Police,-2.048132,52.679616,On or near Petrol Station,E01029361,Cannock Chase 012C,Investigation complete; no suspect identified
31ee6ed4a8e388bce818f432c2aee7acbab1ea855337ecd57094278025db065d,2021-10,Staffordshire Police,Staffordshire Police,-2.241330,53.042542,On or near BAINS GROVE,E01029538,Newcastle-under-Lyme 006B,Investigation complete; no suspect identified
96b298a4261869d487058f841d16111fe7c8d42e746356d8aed2d3eb4a00a705,2021-10,Staffordshire Police,Staffordshire Police,-2.207212,52.994434,On or near Supermarket,E01014341,Stoke-on-Trent 023B,Investigation complete; no suspect identified
5a72ea7a25f533cad002b33a0b1270c8902a32ad2c70fe3ae78c5f47886851ed,2021-10,Staffordshire Police,Staffordshire Police,-2.207611,53.009256,On or near Supermarket,E01014290,Stoke-on-Trent 018C,Investigation complete; no suspect identified
7efa4ad22ec078ffe27b4170b314d6a8f10afb08b1703ec147863fb5d3b94abd,2021-10,Staffordshire Police,Staffordshire Police,-2.087641,52.974626,On or near CAVERSWALL LANE,E01014315,Stoke-on-Trent 033A,Unable to prosecute suspect
672fc3504bee2c4ec60661ff840ec3b5d8183d0c73e8dbf84af026011afe7d38,2021-10,Staffordshire Police,Staffordshire Police,-2.189392,53.000918,On or near Shopping Area,E01014345,Stoke-on-Trent 019E,Investigation complete; no suspect identified
9332f1f4b008fff5c27e397ebdc13d8472854e37dc78eeea2085d381a97c9bf4,2021-10,Staffordshire Police,Staffordshire Police,-1.994735,52.688076,On or near BUCKINGHAM PLACE,E01029375,Cannock Chase 010A,Investigation complete; no suspect identified
e48af5d205c4be1c5e97a81462495c2524cfc549f34c769a2595558b2863e2f8,2021-10,Staffordshire Police,Staffordshire Police,-2.185881,53.005840,On or near Theatre/Concert Hall,E01014293,Stoke-on-Trent 019A,Unable to prosecute suspect
73e6dabf89ac88295fa5a8eedcacf1fdadb564c2edca185864c728c43bc9553d,2021-10,Staffordshire Police,Staffordshire Police,-1.648355,52.843713,On or near DODSLOW AVENUE,E01029444,East Staffordshire 004B,Investigation complete; no suspect identified
950349a78991dfbddc6c536b87dcb182768f10ee5b2a0dfd2897079e3bbd0b26,2021-10,Staffordshire Police,Staffordshire Police,-2.211491,53.056092,On or near LASCELLES STREET,E01014356,Stoke-on-Trent 005C,Unable to prosecute suspect
45dae9711e7b98d046dbf3df6fb3341fee2266a88d7b5e42fa3cb6a99706586c,2021-10,Staffordshire Police,Staffordshire Police,-1.674895,52.786822,On or near MAIN STREET,E01029416,East Staffordshire 013D,Investigation complete; no suspect identified
c9b713586daf01b188943f9635e594baf6da5a1c24919a1af62da0ed6a053d72,2021-10,Staffordshire Police,Staffordshire Police,-1.649505,52.822600,On or near BOSWORTH DRIVE,E01029435,East Staffordshire 007B,Unable to prosecute suspect
923d031a96a779d3395a8887a6e7599ab2e1b566f94a14d5bd8d10ae6f0859fe,2021-10,Staffordshire Police,Staffordshire Police,-2.152594,52.977707,On or near ASHCOMBE GREEN,E01014233,Stoke-on-Trent 026A,Investigation complete; no suspect identified
b0d88df3dbd11a2c92d117553e20127f9e5a2a6fdc32b6f70cb7ea2de2cb51f3,2021-10,Staffordshire Police,Staffordshire Police,-2.115807,52.804524,On or near BRIDGE STREET,E01029701,Stafford 010E,Investigation complete; no suspect identified
62a11b182c16f2822b91f7c8bdb595802c0e90e2ca6a6516ec82b57a19e154f2,2021-10,Staffordshire Police,Staffordshire Police,-2.176159,53.026395,On or near Shopping Area,E01014287,Stoke-on-Trent 015D,Unable to prosecute suspect
d4dac2f13883a72095e07e71d91b11fbdf092961926563e1763da9de22dcebb0,2021-10,Staffordshire Police,Staffordshire Police,-1.629251,52.803050,On or near Nightclub,E01032896,East Staffordshire 011F,Investigation complete; no suspect identified
df4364fd842bd6df66a14ef3cdbc168b5d31095fe5dbde2e87e5802abc46f5b4,2021-10,Staffordshire Police,Staffordshire Police,-2.198802,52.967112,On or near STONE ROAD,E01014348,Stoke-on-Trent 030B,Investigation complete; no suspect identified
a0566e348e85122725850ff2ff38bc91228f07904f539da95de35fc02c250138,2021-10,Staffordshire Police,Staffordshire Police,-2.169850,53.018045,On or near IMPERIAL COURT,E01014231,Stoke-on-Trent 016B,Unable to prosecute suspect
d93ddbf349bb1dc001306fa61a414874c18f43fb1281a9a93d40fb8003b22a3a,2021-10,Staffordshire Police,Staffordshire Police,-1.641695,52.799555,On or near ALMA STREET,E01029408,East Staffordshire 011B,Unable to prosecute suspect
0253df9a6f8275d86b52d1b405bf88f8d78806c75ea0da9daa7fdd987356b9af,2021-10,Staffordshire Police,Staffordshire Police,-1.546904,52.575135,On or near OWEN STREET,E01031010,North Warwickshire 003B,Further action is not in the public interest
c1b142b0ff95b6c4cade4a4b4e88eb8b174bc654c607e0f5c08d00998abd609d,2021-10,Staffordshire Police,Staffordshire Police,-2.247957,53.038331,On or near Parking Area,E01029560,Newcastle-under-Lyme 007D,Investigation complete; no suspect identified
b5bf6ff8bff7a7f5d850e5f87b7ca0bbcffd938113be9840cb571dceb73d4ea1,2021-10,Staffordshire Police,Staffordshire Police,-2.101105,52.981762,On or near DENEHURST CLOSE,E01014321,Stoke-on-Trent 028A,Unable to prosecute suspect
3eb865f2570e14b829d1a318153049e17a94651598ef524edb831343948b499e,2021-10,Staffordshire Police,Staffordshire Police,-2.117806,52.808423,On or near Shopping Area,E01029701,Stafford 010E,Unable to prosecute suspect
3647b2aaaa93e67529e4f9c08a3ebc9366158530df12286ecad73dac627ae5ae,2021-10,Staffordshire Police,Staffordshire Police,-1.823563,52.567986,On or near Police Station,E01009424,Birmingham 004B,Action to be taken by another organisation
1aaa6313b8702bc8b392f279c50b59a23de7aa90239d673d2e8229ada8138677,2021-10,Staffordshire Police,Staffordshire Police,-1.919979,52.681028,On or near Supermarket,E01029489,Lichfield 009C,Investigation complete; no suspect identified
01c66eaa1126dae08696fbf78534fa423835279194039f93e0a413070b58b997,2021-10,Staffordshire Police,Staffordshire Police,-1.644851,52.820024,On or near WARWICK STREET,E01029436,East Staffordshire 007C,Unable to prosecute suspect
030863f9d837a14df26ae60c786d94bfe2c60fb8274e4e9531f758ba37dcd4e9,2021-10,Staffordshire Police,Staffordshire Police,-2.148109,52.890103,On or near HILL DRIVE,E01029754,Stafford 004D,Unable to prosecute suspect
af37b6c4f33da65fabf9d91a913ab02e7497c5623401d15c38ba5f51d916c5a8,2021-10,Staffordshire Police,Staffordshire Police,-1.819116,52.684298,On or near Supermarket,E01029526,Lichfield 004E,Unable to prosecute suspect
8883f4de01ea7e1cd80ef68c28a994c31110ed64c2a2797b94a4495b0b15119b,2021-10,Staffordshire Police,Staffordshire Police,-2.198100,52.565353,On or near MARKET LANE,E01029672,South Staffordshire 013C,Investigation complete; no suspect identified
0337b4d88c0f597a62e234a3aaafb6f54f8bb4bec98003ce67774d702c146595,2021-10,Staffordshire Police,Staffordshire Police,-1.680318,52.604877,On or near GRAYLING,E01029860,Tamworth 009A,Unable to prosecute suspect
dc104f2f2251d5e5ea11ff43e4da9b74c0442df8b815c1bde519fc925c168898,2021-10,Staffordshire Police,Staffordshire Police,-2.177415,53.027185,On or near NEW HALL STREET,E01014287,Stoke-on-Trent 015D,Unable to prosecute suspect
fb0a35e8f559b63d2e4680ae036027947e4ff68b439efea0da44498259287004,2021-10,Staffordshire Police,Staffordshire Police,-1.648408,52.822426,On or near CALAIS ROAD,E01029434,East Staffordshire 007A,Investigation complete; no suspect identified
a9c6b06d61ef514d0e2ffcabe8867658e0d3530d6e06944d34039a93baed78bb,2021-10,Staffordshire Police,Staffordshire Police,-2.087617,52.793887,On or near OSBORNE CRESCENT,E01029758,Stafford 014F,Investigation complete; no suspect identified
e68524d0849a8c32afc8298a2774580801b86edfb0d3bde0e8edb42a5dc7dc91,2021-10,Staffordshire Police,Staffordshire Police,-2.107178,52.649363,On or near Sports/Recreation Area,E01029637,South Staffordshire 006D,Further action is not in the public interest
b42590c8df0c3975d12b96da4d7d81370b02bae69562224cb1ad437dc71c0675,2021-10,Staffordshire Police,Staffordshire Police,-1.683349,52.612482,On or near HADRIANS CLOSE,E01029863,Tamworth 009D,Further action is not in the public interest
9c7b8191ed9d2164cc3f7ad4d0f859e5e6f405b6857eb13f55a932f364da2689,2021-10,Staffordshire Police,Staffordshire Police,-2.136266,53.042089,On or near WOODHEAD ROAD,E01014217,Stoke-on-Trent 012E,Unable to prosecute suspect
023a4ba1d586c110a70869f42485afc8a0a6a379e2efbcdfc6a2f83551e4eaae,2021-10,Staffordshire Police,Staffordshire Police,-2.210230,53.057577,On or near HIGH STREET,E01014354,Stoke-on-Trent 005A,Investigation complete; no suspect identified
3b7132c6a00c5fdf25f7f33290f9fad466941fd8176cc7f5136756d6ccc1a861,2021-10,Staffordshire Police,Staffordshire Police,-2.166017,53.009969,On or near VICTORIA ROAD,E01014282,Stoke-on-Trent 016D,Investigation complete; no suspect identified
c38ac809b4c6491cac72a0cdeff9286359abaa6a6600f98cdc66899af79776e6,2021-10,Staffordshire Police,Staffordshire Police,-2.103311,52.807808,On or near BEDFORD AVENUE,E01029722,Stafford 009C,Unable to prosecute suspect
92f22072a633defa8a9d62468c852d2ff05f8ea132a040fedb652678c8e10ba2,2021-10,Staffordshire Police,Staffordshire Police,-2.240810,53.040377,On or near BEASLEY AVENUE,E01029538,Newcastle-under-Lyme 006B,Further investigation is not in the public interest
0420e2a669c710866fceb6b79f03552ed9f5e7c1798cf0e6dae60fbfd52754ca,2021-10,Staffordshire Police,Staffordshire Police,-2.206999,53.058904,On or near THE BOULEVARD,E01014355,Stoke-on-Trent 005B,Investigation complete; no suspect identified
75f417b688f165bee00c59b69ab30045e278c8d07e6d4e4b7ba7f1235061d0d7,2021-10,Staffordshire Police,Staffordshire Police,-2.206325,53.008459,On or near ROSEMARY EDMAN CLOSE,E01014290,Stoke-on-Trent 018C,Unable to prosecute suspect
434a58f02953835af54202a15716d9aeb74c8d3016afcb4c480fd94ec556dffa,2021-10,Staffordshire Police,Staffordshire Police,-2.115807,52.804524,On or near BRIDGE STREET,E01029701,Stafford 010E,Investigation complete; no suspect identified
6616ad0689c6f64e51c22ecd06dca83cecba5c9859ca14981b87531548520462,2021-10,Staffordshire Police,Staffordshire Police,-2.282838,53.049345,On or near CHESHIRE VIEW,E01029533,Newcastle-under-Lyme 005B,Action to be taken by another organisation
90c7f3ccbeac9d97aa8a2f73ef543a80e2777767ddf09f7e1cf58c02fc7b54d5,2021-10,Staffordshire Police,Staffordshire Police,-2.190743,53.023568,On or near CAVENDISH STREET,E01014285,Stoke-on-Trent 015B,Unable to prosecute suspect
d2ce6baedb95483c23a8e64e5bfa2655542eb79a81dd8337094dcb12e9c74cfe,2021-10,Staffordshire Police,Staffordshire Police,-1.830918,52.685052,On or near THE CLOSE,E01029526,Lichfield 004E,Local resolution
04aaf102cefce68306fec3b338f2baff4b22760700d74c9e046f660f87c36608,2021-10,Staffordshire Police,Staffordshire Police,-2.282838,53.049345,On or near CHESHIRE VIEW,E01029533,Newcastle-under-Lyme 005B,Action to be taken by another organisation
392d052e9d07a4d2b7b4a9f237ca22021871add72398194c7719b672f1637ce9,2021-10,Staffordshire Police,Staffordshire Police,-1.643361,52.798967,On or near CLARENCE STREET,E01029408,East Staffordshire 011B,Investigation complete; no suspect identified
cff6b139f0a66d366ea575ff58609e12e627f964df663d1a2868dce4d5298a8a,2021-10,Staffordshire Police,Staffordshire Police,-1.974700,52.669348,On or near LOCK KEEPERS CLOSE,E01029395,Cannock Chase 013B,Investigation complete; no suspect identified
b79d33b6d104c7f782a44e3454081ce98efe9cd6b69c4356b6177b3d315380d1,2021-10,Staffordshire Police,Staffordshire Police,-2.106602,52.788837,On or near Supermarket,E01029734,Stafford 016C,Investigation complete; no suspect identified
026883332eb204a8cc42f24fece78756922b1c7d5482d3f956e8d7d3370ae2ac,2021-10,Staffordshire Police,Staffordshire Police,-1.639186,52.798073,On or near WOOD STREET,E01032898,East Staffordshire 011H,Investigation complete; no suspect identified
bd960c64ddaaf099d025843a3a8aa54db87cca7808180af3e4281db1ac4e9b23,2021-10,Staffordshire Police,Staffordshire Police,-1.958029,52.705931,On or near CANNOCK WOOD ROAD,E01029398,Cannock Chase 006B,Local resolution
eea4eae6fd06a99d37507a5a96eb5115bb4d5c747c962695cff73220f0147da0,2021-10,Staffordshire Police,Staffordshire Police,-2.278272,52.826611,On or near GORSE LANE,E01029708,Stafford 015D,Investigation complete; no suspect identified
3dcd0e2d424c83dadfcdf318075adac8cbfa918dd3c111466f4e2f86bcdeeaea,2021-10,Staffordshire Police,Staffordshire Police,-1.833934,52.650230,On or near BIRMINGHAM ROAD,E01029521,Lichfield 011C,Investigation complete; no suspect identified
4d246fbb8c6f329be3e603a623a4416052e920b67d65c1eeb65c0d3f1eee560a,2021-10,Staffordshire Police,Staffordshire Police,-2.034209,53.104295,On or near MORLEY STREET,E01029811,Staffordshire Moorlands 005C,Further action is not in the public interest
e203daebafadd7b35000d658635ad0cac83154c456e59ad87282209e3da5c685,2021-10,Staffordshire Police,Staffordshire Police,-2.031721,52.689663,On or near MARKET PLACE,E01029364,Cannock Chase 011B,Unable to prosecute suspect
b8b5e8f43b37c92c6a6209f0295db790cb3056ae58c3f19eba5325d965c319ce,2021-10,Staffordshire Police,Staffordshire Police,-1.676585,52.610585,On or near Petrol Station,E01029829,Tamworth 010A,Investigation complete; no suspect identified
f6d3b099d65dcd62c0453f0f31daa83e5310dffaff8a86630bd7d9176adce13d,2021-10,Staffordshire Police,Staffordshire Police,-2.185739,53.017877,On or near THORNDYKE STREET,E01014286,Stoke-on-Trent 015C,Investigation complete; no suspect identified
5bb47c95dd86dea92badb4115c1e046fa81679ba5d696a45e4a4d143536032ad,2021-10,Staffordshire Police,Staffordshire Police,-2.282838,53.049345,On or near CHESHIRE VIEW,E01029533,Newcastle-under-Lyme 005B,Action to be taken by another organisation
4a19899f37fe7b4db304729be0db76fe547b82965e9d5d71b4cf69fa27741921,2021-10,Staffordshire Police,Staffordshire Police,-2.193056,53.064070,On or near CARLTON AVENUE,E01014242,Stoke-on-Trent 006B,Investigation complete; no suspect identified
03919e2641cb02bd458a4b862b662aae65046126f7fd7c7f02c2c58ae3fe7704,2021-10,Staffordshire Police,Staffordshire Police,-2.282838,53.049345,On or near CHESHIRE VIEW,E01029533,Newcastle-under-Lyme 005B,Action to be taken by another organisation
0d555a072bde13f925c7aeb7ca2f6acf89954a888cfba262473cad7511fcacbe,2021-10,Staffordshire Police,Staffordshire Police,-2.222661,52.710269,On or near COACH GARDENS,E01029669,South Staffordshire 003D,Unable to prosecute suspect
aad6c871caaa7eecf9cfeecdce5007e5ab48fd27d530713539cc421c3e00ebdd,2021-10,Staffordshire Police,Staffordshire Police,-2.135427,53.031240,On or near HOLDCROFT ROAD,E01014212,Stoke-on-Trent 012C,Investigation complete; no suspect identified
6fcf6b8fa292a1e837e954de1e52360a1b9e7aa9e202a9b20ce1760b2fe9bb94,2021-10,Staffordshire Police,Staffordshire Police,-2.205686,53.049522,On or near BARTON CRESCENT,E01014252,Stoke-on-Trent 009D,Investigation complete; no suspect identified
b3c5759cb901bcf40dcd192f611713d4ebeba99a65fdcbe1756199f4d8dfb7c3,2021-10,Staffordshire Police,Staffordshire Police,-1.875721,52.900675,On or near SUMMERFIELD DRIVE,E01029462,East Staffordshire 003D,Investigation complete; no suspect identified
a0df1bd6b703c4d1681c79fb588a370985a614610bd7573049a51d419748f308,2021-10,Staffordshire Police,Staffordshire Police,-1.683820,52.598378,On or near SCHOOL LANE,E01029861,Tamworth 009B,Investigation complete; no suspect identified
30cd11205757cc0542077d31dec491bd3322277d3212e108b4c2ff4d58484a8e,2021-10,Staffordshire Police,Staffordshire Police,-2.138873,53.036477,On or near BRAEMORE ROAD,E01014211,Stoke-on-Trent 012B,Investigation complete; no suspect identified
2d69f09ef11394e047fd85b4b9db945c922fdc35a6cb94260b82ca64548f7ce4,2021-10,Staffordshire Police,Staffordshire Police,-1.826190,52.679975,On or near Parking Area,E01029526,Lichfield 004E,Investigation complete; no suspect identified
588a01e701aa8e6ff18efcfd3f7321884b8f4dabada318b58bec4f27e3523f64,2021-10,Staffordshire Police,Staffordshire Police,-2.021622,52.672090,On or near M6 TOLL,E01029641,South Staffordshire 004F,Investigation complete; no suspect identified
e32afae2cdf47300e72a6f5e1bbcaf1d30cdf5fd4d58900f4df1906bf8fa5274,2021-10,Staffordshire Police,Staffordshire Police,-2.183278,53.070135,On or near RUSTON AVENUE,E01014261,Stoke-on-Trent 003A,Investigation complete; no suspect identified
ee98961fe923b21b3e899506be93737960fa167faa3053549e528c71db73a289,2021-10,Staffordshire Police,Staffordshire Police,-2.164577,52.999588,On or near Bus/Coach Station,E01014275,Stoke-on-Trent 020B,Suspect charged
3c13aacd43ba136dd3c8285b28f6fdeee51b563cdbf140dd01cc8ddb375c31b1,2021-10,Staffordshire Police,Staffordshire Police,-1.630219,52.790341,On or near WATERSIDE,E01029451,East Staffordshire 014C,Action to be taken by another organisation
7a99b33be7b9a928e7b7fb9c92dfd710198527bb83abcd0ca24f440af912f4e6,2021-10,Staffordshire Police,Staffordshire Police,-2.164577,52.999588,On or near Bus/Coach Station,E01014275,Stoke-on-Trent 020B,Suspect charged
e6c719505f8d89bdfe2b672aa2cf336d438c1c7d6bf953ade0ffd030b5d66dba,2021-10,Staffordshire Police,Staffordshire Police,-2.181424,53.001892,On or near WOODHOUSE STREET,E01014345,Stoke-on-Trent 019E,Unable to prosecute suspect
d1176be4034b8b02e9d4f532be13e45fced6ecee4d7e4d6b716b6265b99f6c8b,2021-10,Staffordshire Police,Staffordshire Police,-2.189651,53.073630,On or near MEIKLEJOHN PLACE,E01014260,Stoke-on-Trent 001D,Further action is not in the public interest
e83fc0cc54ffce03186b9f9af444bbb3e860f28dd149990be0722a22fe897cbd,2021-10,Staffordshire Police,Staffordshire Police,-2.090200,52.980872,On or near PENNINGTON CLOSE,E01014367,Stoke-on-Trent 028C,Unable to prosecute suspect
16cc0c5a745f5af13fbdd213ad07334b2131d8b6f5a479ccee511c6a1533d9ee,2021-10,Staffordshire Police,Staffordshire Police,-1.934266,52.682152,On or near Shopping Area,E01029494,Lichfield 006C,Investigation complete; no suspect identified
451cdd307a1fb4dd16b2add6ec8b664c11f02e570ac34802f55d040c6b5af141,2021-10,Staffordshire Police,Staffordshire Police,-2.113072,52.716519,On or near BOSCOMOOR COURT,E01029658,South Staffordshire 001D,Unable to prosecute suspect
bf5d28164151f294885feb3008f10b628643c0fdb3a6397118d1c787e43f74bc,2021-10,Staffordshire Police,Staffordshire Police,-2.189972,53.071976,On or near CHORLEY AVENUE,E01014262,Stoke-on-Trent 003B,Investigation complete; no suspect identified
4f7c1b973c06ffa50753f16869ddb88404d8b9274f48d180a11dc826d3600ee9,2021-10,Staffordshire Police,Staffordshire Police,-2.223666,53.038864,On or near BEACONSFIELD,E01029583,Newcastle-under-Lyme 008A,Unable to prosecute suspect
91ae718bc8f3e32091afd9599b43c6100211a7094001c83fcfdeee57ea006fa3,2021-10,Staffordshire Police,Staffordshire Police,-2.226757,53.011118,On or near Shopping Area,E01029604,Newcastle-under-Lyme 011E,Investigation complete; no suspect identified
6602b41937d8ba5b4fd7bbb55f9992dd10743b8b53c56829d7e1440d25fa7459,2021-10,Staffordshire Police,Staffordshire Police,-2.051914,52.725857,On or near POTTAL POOL ROAD,E01029656,South Staffordshire 001B,Unable to prosecute suspect
d581bc32519ff7f3669224a43400128b3626a4f1b0f566d52c847905b7e8e5c5,2021-10,Staffordshire Police,Staffordshire Police,-2.186890,53.032240,On or near EDGEWARE ROAD,E01014256,Stoke-on-Trent 011D,Investigation complete; no suspect identified
6eb3bb7fdf1aa6e6a5fb2f23368e3f759b26349ff0afce5ae921902ea741371b,2021-10,Staffordshire Police,Staffordshire Police,-2.176706,53.021532,On or near RANELAGH STREET,E01014287,Stoke-on-Trent 015D,Offender given a caution
f6823a7f8534a79a0660f5c97337578401553a3b2296dc49c269a767d4f1627f,2021-10,Staffordshire Police,Staffordshire Police,-1.636391,52.802487,On or near SHANNON APPROACH,E01032898,East Staffordshire 011H,Unable to prosecute suspect
ae3cf05a6d205f8a4e3a7811079c3302a394a380210f876a6aaa6c3493e8ceb6,2021-10,Staffordshire Police,Staffordshire Police,-2.199892,53.009665,On or near Petrol Station,E01014291,Stoke-on-Trent 018D,Investigation complete; no suspect identified
2d0ccb93215f4f3e4dc41ab317a3ba76f02925289ed3a4275ab37b2fb5afdcf4,2021-10,Staffordshire Police,Staffordshire Police,-1.932561,52.674995,On or near BAKER CLOSE,E01029496,Lichfield 010A,Unable to prosecute suspect
0f4134273f3a4d29156c45c3b6b4efb9f280f0ac55ed3589bbb57221ebcd0f22,2021-10,Staffordshire Police,Staffordshire Police,-1.698035,52.650349,On or near GILLWAY,E01029852,Tamworth 001D,Unable to prosecute suspect
fbb2a031122ba8a3958b4b0d1095af1fd60d30de85116683a2043a9e1ad682f4,2021-10,Staffordshire Police,Staffordshire Police,-1.661279,52.603710,On or near TINKERS GREEN ROAD,E01029868,Tamworth 010D,Further action is not in the public interest
0a0af001adb84031531318e02bb334809c3ff2b1b0fd8c9f30cb2b6a48b68037,2021-10,Staffordshire Police,Staffordshire Police,-2.121546,52.713661,On or near A449,E01029658,South Staffordshire 001D,Unable to prosecute suspect
ae913cf70fba1f2159a07a239d9a265e02ff054fb78e80c43a1cce368e736953,2021-10,Staffordshire Police,Staffordshire Police,-2.256918,53.045422,On or near HAZEL ROAD,E01029548,Newcastle-under-Lyme 007B,Unable to prosecute suspect
58ba2b8831bc7cbcba56ecfda6e65900ff2ca66256de023b1669f56f8e6d7862,2021-10,Staffordshire Police,Staffordshire Police,-2.192901,53.056132,On or near CROSSLEY ROAD,E01014244,Stoke-on-Trent 006D,Investigation complete; no suspect identified
7285ff3bac0d6f6bcb4a206fbb35bb7cfe9512f15b039a40d24f53fa6370d883,2021-10,Staffordshire Police,Staffordshire Police,-1.649217,52.810338,On or near SHOBNALL STREET,E01029446,East Staffordshire 009B,Unable to prosecute suspect
f03ccb1333da17eff02219c41aebd0df00086f0f71c21c6f0c24771f025b4acd,2021-10,Staffordshire Police,Staffordshire Police,-2.170145,53.040122,On or near Supermarket,E01014253,Stoke-on-Trent 011B,Investigation complete; no suspect identified
d1c667b62af41ab5ad3860eeaed7c33287e80446b8da529730368f56894e310a,2021-10,Staffordshire Police,Staffordshire Police,-1.706891,52.647755,On or near CARLTON CRESCENT,E01029846,Tamworth 001A,Unable to prosecute suspect
d1c73797816c6b219bed11a1d18cd20e02561b6122c684f236523811b5a2c3a9,2021-10,Staffordshire Police,Staffordshire Police,-1.809424,52.688436,On or near MANLEY ROAD,E01029524,Lichfield 005F,Unable to prosecute suspect
4a585330e7a3afce00d7089ffe9953d54a8e84099d60bad1526017d189fd9af0,2021-10,Staffordshire Police,Staffordshire Police,-2.174383,53.051676,On or near LIVINGSTONE STREET,E01014246,Stoke-on-Trent 008A,Unable to prosecute suspect
77d531fb0df2ef6cc99f1866a867c846f8dab1f520e08c7a8c292e3515fc6d3d,2021-10,Staffordshire Police,Staffordshire Police,-2.181424,53.001892,On or near WOODHOUSE STREET,E01014345,Stoke-on-Trent 019E,Further action is not in the public interest
313d94a47ba16f4a4d6ef8c9d80ceeb0907c6ea8224fbf1e1ea4066baf95d8b0,2021-10,Staffordshire Police,Staffordshire Police,-2.036938,52.700988,On or near THE CRESCENT,E01029356,Cannock Chase 007C,Unable to prosecute suspect
6d185b18be518f7decc46ac5ddd1f021de82ce41dd8460cddb103cf1db88916e,2021-10,Staffordshire Police,Staffordshire Police,-1.677944,52.636614,On or near MINERVA CLOSE,E01029834,Tamworth 004D,Unable to prosecute suspect
0f9cbb3230ebdb215637fdeac42497c2881cd2c53a8bedbcb57f70bd5b9367b1,2021-10,Staffordshire Police,Staffordshire Police,-2.163400,52.972137,On or near LADYBANK GROVE,E01014236,Stoke-on-Trent 032B,Investigation complete; no suspect identified
a4bfeedc4728fa2557af6c76c8e82c23dda407c74e84821ca7276fe9a1839829,2021-10,Staffordshire Police,Staffordshire Police,-2.213588,53.063702,On or near Petrol Station,E01014361,Stoke-on-Trent 005D,Further action is not in the public interest
6634343f280294bf4e525c2dbf50dc16e39effc4f1e638457633ef3296fa3cd6,2021-10,Staffordshire Police,Staffordshire Police,-1.987059,52.986785,On or near Supermarket,E01029787,Staffordshire Moorlands 011D,Investigation complete; no suspect identified
3deb0a446a2c41edf87dfc670c2fe77e5db92fec1391c4a8cc734e9e67d00ed0,2021-10,Staffordshire Police,Staffordshire Police,-1.702216,52.639707,On or near SPENSER CLOSE,E01029850,Tamworth 002D,Unable to prosecute suspect
8dee0cfb49119814c6ec0c67217e70ad9da477a33510860fbf49ee8e34a9d351,2021-10,Staffordshire Police,Staffordshire Police,-1.662004,52.624622,On or near Pedestrian Subway,E01029841,Tamworth 003E,Investigation complete; no suspect identified
62e0660806b85530215168280394de45a49b154682239ae99b5400314a695b7a,2021-10,Staffordshire Police,Staffordshire Police,-2.006219,53.115446,On or near PRINCESS AVENUE,E01029809,Staffordshire Moorlands 001D,Unable to prosecute suspect
1e78724badaa747664882cde41ea927099ea600852d5bbe80a6720ef0bd29fa6,2021-10,Staffordshire Police,Staffordshire Police,-1.682455,52.601377,On or near OLD HEDGING LANE,E01029861,Tamworth 009B,Investigation complete; no suspect identified
360b52ceac10afa21f18779dd9d1245744125343f430e54a1b142e10b9d214cb,2021-10,Staffordshire Police,Staffordshire Police,-2.188909,53.077901,On or near OVERSLEY ROAD,E01014260,Stoke-on-Trent 001D,Investigation complete; no suspect identified
acd49f083b5b2a57281d36617cb6f9a81d41c9455ab8b46aae18d3b9e4705dbb,2021-10,Staffordshire Police,Staffordshire Police,-2.124745,53.065464,On or near STANLEY ROAD,E01029762,Staffordshire Moorlands 008A,Investigation complete; no suspect identified
360ed280a79db4b4c8874d966a6ca4985c687cdb4de9c6f52854482a6a5a8fde,2021-10,Staffordshire Police,Staffordshire Police,-2.032925,53.105275,On or near WATERLOO COURT,E01029812,Staffordshire Moorlands 005D,Investigation complete; no suspect identified
4890feee62b32d11b7d0837d66a9dd5a747a03a9824831734424ecb5e5550804,2021-10,Staffordshire Police,Staffordshire Police,-2.189312,53.016685,On or near LOMAS STREET,E01014281,Stoke-on-Trent 015A,Investigation complete; no suspect identified
e6de16a7f5846735f8a4f259458210d727d385a4f3a3502a3f23a69aa9e9709a,2021-10,Staffordshire Police,Staffordshire Police,-1.665372,52.793071,On or near WARWICK CLOSE,E01029413,East Staffordshire 013A,Investigation complete; no suspect identified
9f148e9638ab374ad74857c583e9cfa3caca4c873467a0a84baa5e47e6172139,2021-10,Staffordshire Police,Staffordshire Police,-2.179257,53.007550,On or near Parking Area,E01014284,Stoke-on-Trent 016F,Investigation complete; no suspect identified
9de4b5ca44b67c751f312d4bd90f19d6b16f8f9992cf2ec3b93d363322e3362e,2021-10,Staffordshire Police,Staffordshire Police,-2.212895,53.059487,On or near Shopping Area,E01014354,Stoke-on-Trent 005A,Investigation complete; no suspect identified
303017b165ec475b50f873ac660fce5fe4d01e078f194cb5b132c9e46e120023,2021-10,Staffordshire Police,Staffordshire Police,-2.097448,52.985136,On or near MACDONALD CRESCENT,E01014364,Stoke-on-Trent 024B,Suspect charged
92e3f70b8bce40dc802db70d86e88e02d78548eeb8d35ac3094195cb779a505e,2021-10,Staffordshire Police,Staffordshire Police,-2.125657,52.983977,On or near MALT LANE,E01014302,Stoke-on-Trent 022D,Unable to prosecute suspect
aced93202825b9272efd8a481fe8af84dec932d1e1f426d7a959c00a322bf1e2,2021-10,Staffordshire Police,Staffordshire Police,-2.211931,53.033214,On or near Sports/Recreation Area,E01029611,Newcastle-under-Lyme 008E,Investigation complete; no suspect identified
ef51164d60e9d86946498a6542d67abf6d90304c32e046f3babcf41fcfea4e00,2021-10,Staffordshire Police,Staffordshire Police,-2.229946,53.022249,On or near LINDEN GROVE,E01029553,Newcastle-under-Lyme 010A,Unable to prosecute suspect
4de41f65f7ce02bb2bf9deac8aa35aaf4ba13fbd957a34bf8534214b54ee0fe2,2021-10,Staffordshire Police,Staffordshire Police,-2.104238,52.977795,On or near UTTOXETER ROAD,E01014316,Stoke-on-Trent 031C,Further action is not in the public interest
b34ebb0d1f6d0e9d02152797826aa5afd57a17ea68d45af66f9d1528074b57a0,2021-10,Staffordshire Police,Staffordshire Police,-1.623744,52.789755,On or near IVY LODGE CLOSE,E01029449,East Staffordshire 014A,Investigation complete; no suspect identified
c86731bb756f9b7744b396895d293df1938bda931ae815875e0bdc9eac988ed4,2021-10,Staffordshire Police,Staffordshire Police,-2.232813,53.039836,On or near DAYSON PLACE,E01029538,Newcastle-under-Lyme 006B,Investigation complete; no suspect identified
38786efd7fd7f7dec09fb3d422fd627cff0c03bee342edd50ed7d086d448e7d4,2021-10,Staffordshire Police,Staffordshire Police,-2.129850,52.986669,On or near LANDON STREET,E01014302,Stoke-on-Trent 022D,Offender given a caution
62ee768f6077aacb5b56139639f72e0c5c3d83c83c47562d2cdb4f3be595fdd2,2021-10,Staffordshire Police,Staffordshire Police,-2.142290,52.901185,On or near ST MICHAELS CLOSE,E01029745,Stafford 003C,Unable to prosecute suspect
3b8e67c1756ead5475c61fb6577a04f275d6d84510343b41bfeb8dcd52158389,2021-10,Staffordshire Police,Staffordshire Police,-2.242805,53.087341,On or near STATION ROAD,E01029588,Newcastle-under-Lyme 002D,Unable to prosecute suspect
1cc19f7265c7e05041150f5a3e7c747804e3561e4c8cb14a090bbf777e1c0ebe,2021-10,Staffordshire Police,Staffordshire Police,-1.707989,52.629401,On or near MARSTON PARK,E01029837,Tamworth 005B,Investigation complete; no suspect identified
cc2fdcc95a05ad82cbb48d526f1d58d8350e588181b4cc5c396c4924de8f04d9,2021-10,Staffordshire Police,Staffordshire Police,-1.964696,52.678964,On or near DEER CLOSE,E01029394,Cannock Chase 013A,Unable to prosecute suspect
7196df0140b97ffcdb32fbebb834701fa42e2f85b9ffcf1cc280cc0a1674f70e,2021-10,Staffordshire Police,Staffordshire Police,-2.127575,53.013315,On or near UBBERLEY ROAD,E01014222,Stoke-on-Trent 017C,Investigation complete; no suspect identified
6c05b8e4bcff7f3833f9b934898e2e6c5b5d719483635ff77ef0df028e79e896,2021-10,Staffordshire Police,Staffordshire Police,-2.127705,52.981485,On or near MANDELA WAY,E01014305,Stoke-on-Trent 029A,Unable to prosecute suspect
3b0fa3da70cd8271767087688851ad4cbdc4e100686fd5d127e86a4584fff855,2021-10,Staffordshire Police,Staffordshire Police,-2.199472,53.073614,On or near BEDDOW WAY,E01014259,Stoke-on-Trent 001C,Further action is not in the public interest
0b5e54ab929f9540eb37329516605c4a3c4d0149100b8a97d416bcbfea36e780,2021-10,Staffordshire Police,Staffordshire Police,-1.934492,52.759004,On or near Shopping Area,E01029404,Cannock Chase 002E,Suspect charged
469c7af350efd108ffe4584aa1b99957cdae03c16fa100234212bb8d79992f8c,2021-10,Staffordshire Police,Staffordshire Police,-2.141871,52.982224,On or near DUNDEE STREET,E01014311,Stoke-on-Trent 027C,Investigation complete; no suspect identified
a9480e53cdcc5f5b839299edc73d39246c34c11704c804da7901297fba8f0977,2021-10,Staffordshire Police,Staffordshire Police,-2.229243,53.044283,On or near SOPHIA WAY,E01029536,Newcastle-under-Lyme 004A,Investigation complete; no suspect identified
22c64b495c66272011be5d27a39d25ab3132627ada81f3f8df9de1456f529041,2021-10,Staffordshire Police,Staffordshire Police,-1.928800,52.678121,On or near CHERRY CLOSE,E01029496,Lichfield 010A,Investigation complete; no suspect identified
1245780240051cbd0d2a854e8c0b35697b45cf07fa09dc4ad6cdf651995216f5,2021-10,Staffordshire Police,Staffordshire Police,-1.659647,52.619985,On or near CHAPELON,E01029842,Tamworth 007B,Unable to prosecute suspect
4e8376548297fe938f7b46a6edaa11f31fd89adf7de3bfcd564ffd626bd2f2fd,2021-10,Staffordshire Police,Staffordshire Police,-1.646585,52.809287,On or near NEEDWOOD STREET,E01029448,East Staffordshire 009D,Unable to prosecute suspect
7b78349cb8dc3dced3a1a573d2c1a2c9518fcaff25aa1fdc644fe47336e6754e,2021-10,Staffordshire Police,Staffordshire Police,-2.143247,52.992937,On or near FOLEY PLACE,E01014273,Stoke-on-Trent 021A,Investigation complete; no suspect identified
c1600321c2491903cdbeecb8ba318e21afc7b8c55940e2bba6e2db9ec6e10271,2021-10,Staffordshire Police,Staffordshire Police,-2.201128,53.025277,On or near FORGE LANE,E01014285,Stoke-on-Trent 015B,Unable to prosecute suspect
8bd7471d0a43ef5de75c35e12ea414217f4263a74acf5554176404ebb25fae22,2021-10,Staffordshire Police,Staffordshire Police,-1.927182,52.690211,On or near LONGFELLOW ROAD,E01029487,Lichfield 006A,Unable to prosecute suspect
43bfcefc24dde6cc67890f4cdd91ec402bedd673afde0de98bf54676f43deba8,2021-10,Staffordshire Police,Staffordshire Police,-1.941039,52.683774,On or near GRIFFIN CLOSE,E01029494,Lichfield 006C,Action to be taken by another organisation
992258f5fcd92c6348f105e40228b7f78e0094144d55fd5e4bbb37b82e09962d,2021-10,Staffordshire Police,Staffordshire Police,-1.840492,52.639452,On or near ASTON CLOSE,E01029522,Lichfield 011D,Local resolution
95a2d065459c942d198ebab8162bfb6af2f7f5b9c594b15c18a008eedb3b478d,2021-10,Staffordshire Police,Staffordshire Police,-2.169299,53.113213,On or near COPPICE CLOSE,E01029763,Staffordshire Moorlands 003A,Unable to prosecute suspect
9b09a1d6b7a64737e1007252e1a2b2513ee824f89ee99dad1549651c0cc22d67,2021-10,Staffordshire Police,Staffordshire Police,-1.592801,52.803658,On or near EDMONTON PLACE,E01029472,East Staffordshire 010E,Suspect charged
4c34706ca803adf281dd479a6fe7cb14dc34f0929e10459398cede8fb654e9b4,2021-10,Staffordshire Police,Staffordshire Police,-2.157417,52.972945,On or near Supermarket,E01014235,Stoke-on-Trent 032A,Investigation complete; no suspect identified
cf03f2a1692f84f302eb019a8fcd0399b6fc29e3298dd56a3f6a3dd38f826877,2021-10,Staffordshire Police,Staffordshire Police,-2.176632,53.050818,On or near LORD STREET,E01014246,Stoke-on-Trent 008A,Investigation complete; no suspect identified
499e203090ef5bef673a6e768fd9ad92146e57333ae0a116e4bcba14f5f1e94b,2021-10,Staffordshire Police,Staffordshire Police,-2.057931,52.962842,On or near CYPRESS GROVE,E01029800,Staffordshire Moorlands 012E,Unable to prosecute suspect
ca09d610301e44663c4ddd4e3df9f832e31aaaf1092600f8b72293a8cd09cb31,2021-10,Staffordshire Police,Staffordshire Police,-2.027665,53.102526,On or near DAMPIER STREET,E01029812,Staffordshire Moorlands 005D,Unable to prosecute suspect
70183444c3816e2a63fad51637af21e2e0e9c94b3f827240244e394a6dc7b499,2021-10,Staffordshire Police,Staffordshire Police,-1.934492,52.759004,On or near Shopping Area,E01029404,Cannock Chase 002E,Suspect charged
a09b5b67554b4772a46daa29032cada1ffc4136d74d5f737ba45a29827ae4679,2021-10,Staffordshire Police,Staffordshire Police,-1.880658,52.905382,On or near PENNYCROFT ROAD,E01029431,East Staffordshire 002B,Unable to prosecute suspect
c470937810f6a5c9346a1d6a6c4c02bfa9df29796f9b6ef964066f6be743059f,2021-10,Staffordshire Police,Staffordshire Police,,,No location,,,Investigation complete; no suspect identified
4020cd49ad736ada998c964e957677220383b920d65a1b0b6b688cc0b83ca841,2021-10,Staffordshire Police,Staffordshire Police,-2.154216,53.023235,On or near BUCKNALL ROAD,E01014230,Stoke-on-Trent 014F,Investigation complete; no suspect identified
c4420fe2770f7ff994be259def032404bb89c7447333e589665fe7a0a0b79a7a,2021-10,Staffordshire Police,Staffordshire Police,-2.199967,52.596392,On or near AUDEN COURT,E01029666,South Staffordshire 011C,Suspect charged
cd071402b5549ed8f56ebd4a51f20107bca05ba26c1c46a10e0db8aba683e890,2021-10,Staffordshire Police,Staffordshire Police,-2.199967,52.596392,On or near AUDEN COURT,E01029666,South Staffordshire 011C,Suspect charged
6017c0b8fc2276bb42b6373d026bcc225620a90a9eb567f65fa8a4ac8a44aaca,2021-10,Staffordshire Police,Staffordshire Police,-2.199967,52.596392,On or near AUDEN COURT,E01029666,South Staffordshire 011C,Suspect charged
0adbc7793120206cbfff5f89dec70d7a9a086524baeef2b4b58b22dfa692b62d,2021-10,Staffordshire Police,Staffordshire Police,-2.301824,53.053011,On or near Parking Area,E01029532,Newcastle-under-Lyme 005A,Unable to prosecute suspect
352493fdc5612c1fd10377e7ca5f812528b4c823adc1b3c0c803fe9b8110c05c,2021-10,Staffordshire Police,Staffordshire Police,-2.212819,53.062067,On or near MADISON COURT,E01014361,Stoke-on-Trent 005D,Investigation complete; no suspect identified
533a15e27735be30dc9921c0892d9a480f94805a2860eb0ad4aa15c629f7d1fc,2021-10,Staffordshire Police,Staffordshire Police,-1.860399,52.899112,On or near TOWN MEADOWS WAY,E01029460,East Staffordshire 003B,Investigation complete; no suspect identified
44580a55eca45ad1ab280be45859e9e5a89b4b8825d4f075ac486620760c99fb,2021-10,Staffordshire Police,Staffordshire Police,-1.932610,52.681683,On or near Nightclub,E01029490,Lichfield 009D,Further action is not in the public interest
736da526699baf03d289e602d82cf146bf2b9c90c95c3ebb6c6a212cd7b81d3f,2021-10,Staffordshire Police,Staffordshire Police,-2.189196,53.102477,On or near BROOK STREET,E01029772,Staffordshire Moorlands 004C,Investigation complete; no suspect identified
4ed14ad0f1e87f9d5e18373dadb4acac76610e4c1e37a09678ecc1933b344844,2021-10,Staffordshire Police,Staffordshire Police,-2.123378,53.015486,On or near BRUNDALL OVAL,E01014220,Stoke-on-Trent 017A,Unable to prosecute suspect
1a39c5d1b1ec51cb66278b56c06c528f08250abb28907b703937f1c2fd648c30,2021-10,Staffordshire Police,Staffordshire Police,-2.021355,52.670005,On or near FORGE CLOSE,E01029641,South Staffordshire 004F,Unable to prosecute suspect
a025d51aab5684fb626d9ae1e8783eac3e3078db1f64396df9d8e69ef9eed2e5,2021-10,Staffordshire Police,Staffordshire Police,-2.107030,52.806033,On or near LAMMASCOTE ROAD,E01029701,Stafford 010E,Investigation complete; no suspect identified
616cb6d6578ea5bb968dc8ad54c8a3c0a60b6b9b4439215e272ae9f9de49819e,2021-10,Staffordshire Police,Staffordshire Police,-2.028595,52.683065,On or near HARRISON ROAD,E01029362,Cannock Chase 012D,Unable to prosecute suspect
939137b3b855bed68b142c65aaa29275487f70ae3031e4e19500dd1ec0e49aee,2021-10,Staffordshire Police,Staffordshire Police,-1.881521,52.741290,On or near PIKE LANE,E01029481,Lichfield 001B,Investigation complete; no suspect identified
f598a6219fc02e820bb28a645256d326791f7b0fc802c5cd3302d24687c948bd,2021-10,Staffordshire Police,Staffordshire Police,-2.252558,52.784220,On or near CHURCH CLOSE,E01029706,Stafford 015B,Investigation complete; no suspect identified
b56544ac612f8d80cb271a612487c370e616a53a49813a8dc386c1dee331bda3,2021-10,Staffordshire Police,Staffordshire Police,-2.151794,52.995839,On or near MONTROSE STREET,E01014279,Stoke-on-Trent 020E,Investigation complete; no suspect identified
60de15298a9b8a92b8cb244e76f76c524a7a739b664c633756cbcacd5e51be93,2021-10,Staffordshire Police,Staffordshire Police,-1.857818,52.901707,On or near RUSSELL CLOSE,E01029461,East Staffordshire 003C,Further action is not in the public interest
4aa00b602496272bff19750c145d831b58c1082dc0a4f5f8f4a5eeb73f9606bb,2021-10,Staffordshire Police,Staffordshire Police,-2.140113,52.899048,On or near BIRCH ROAD,E01029740,Stafford 003A,Unable to prosecute suspect
5a7208a75dd281d5767ba5a40e46b5885f45c8f15e4bc47393cd67512a876ecd,2021-10,Staffordshire Police,Staffordshire Police,-1.632808,52.801676,On or near Shopping Area,E01032896,East Staffordshire 011F,Investigation complete; no suspect identified
62acbeec75f98cc9ab33aa136f9c270e5b23f8f3fc6845228965ee6c0bc8e23f,2021-10,Staffordshire Police,Staffordshire Police,-2.194892,53.024434,On or near LAKEWOOD GROVE,E01014285,Stoke-on-Trent 015B,Unable to prosecute suspect
b927732028e1242a5ebeaf7b327f33e1bdc27482533d80cfb69f0b68bf83fa78,2021-10,Staffordshire Police,Staffordshire Police,-2.148416,52.897024,On or near A520,E01029753,Stafford 003E,Investigation complete; no suspect identified
90c61d337af07f76396a221f8a01c446893178348fcfb4d3247f2be5a51f6aa4,2021-10,Staffordshire Police,Staffordshire Police,-2.175203,53.047998,On or near CLIFF STREET,E01014266,Stoke-on-Trent 008B,Investigation complete; no suspect identified
47136b6577bd1329b82a84756ca8cd3554587f9748d6d725ac46e824c12c646e,2021-10,Staffordshire Police,Staffordshire Police,-2.167888,53.000555,On or near STANDARD STREET,E01014275,Stoke-on-Trent 020B,Investigation complete; no suspect identified
35e549fa1a7c73b80a506d5c17ac5fa3bf5a2f70765c8991a88b201ffd8bf67a,2021-10,Staffordshire Police,Staffordshire Police,-2.183603,52.999264,On or near GABLE STREET,E01014339,Stoke-on-Trent 019C,Investigation complete; no suspect identified
6be2e2dbb0793b9ceaca90ff777b5fcb398a13417681e5bff7e8a2ca64ebe2ff,2021-10,Staffordshire Police,Staffordshire Police,-1.823663,52.686543,On or near TANYARD,E01029526,Lichfield 004E,Investigation complete; no suspect identified
f431ae1fc65cc69d9fb0ec03bc201bc044d696f9bfd6713f49f4671053e4a3d1,2021-10,Staffordshire Police,Staffordshire Police,-2.187460,53.005604,On or near HARTSHILL ROAD,E01014345,Stoke-on-Trent 019E,Action to be taken by another organisation
3377fd1d5d4c0aed3fb10225959066cb4fb731281a0f175f7f081a9b969a4bd0,2021-10,Staffordshire Police,Staffordshire Police,-2.164411,53.034359,On or near HAMMERSLEY STREET,E01014327,Stoke-on-Trent 013B,Unable to prosecute suspect
50b5953168d101965ecacfa9b59143d6128c90fe9733a4006c523c25831bd011,2021-10,Staffordshire Police,Staffordshire Police,-1.676839,52.618101,On or near MEDWAY,E01029828,Tamworth 006D,Unable to prosecute suspect
c3fa61470ad74df5223b543329ed632a410419efa3b92f67f726ef5412565768,2021-10,Staffordshire Police,Staffordshire Police,-1.807029,52.650954,On or near BROOM COVERT ROAD,E01029488,Lichfield 012A,Unable to prosecute suspect
787dda43d18ed35ddc586d19a05961ae572941d8dbed88df63bce6282be4c231,2021-10,Staffordshire Police,Staffordshire Police,-1.884015,52.727978,On or near THE CROFT,E01029515,Lichfield 003D,Investigation complete; no suspect identified
5dd822ab25c1985a672a2113573a80a520bb07cd49a44649561474c188678822,2021-10,Staffordshire Police,Staffordshire Police,-2.133414,52.988005,On or near Further/Higher Educational Building,E01014302,Stoke-on-Trent 022D,Suspect charged
50fa09ea91258f5998695b000949853871553dd75b955d44c98eb7ff18ad0414,2021-10,Staffordshire Police,Staffordshire Police,-1.941039,52.683774,On or near GRIFFIN CLOSE,E01029494,Lichfield 006C,Further action is not in the public interest
12f9fc59fb59edac8ad18d0d5252d90177ab1f920c55dd90781c664bcabaa5a7,2021-10,Staffordshire Police,Staffordshire Police,-2.209589,52.592545,On or near CORNMILL GROVE,E01029663,South Staffordshire 010C,Suspect charged
bb826039b629c31856590d58f39c56c83a8bee45873cc2f7b56487d92ea41428,2021-10,Staffordshire Police,Staffordshire Police,-2.236235,53.087399,On or near VINE BANK ROAD,E01029588,Newcastle-under-Lyme 002D,Further investigation is not in the public interest
6c9a5ffa4ed3c7292a6d85bb37383f56e5495eef252f3464d23c31d8a1a123be,2021-10,Staffordshire Police,Staffordshire Police,-1.704347,52.608518,On or near COLESHILL ROAD,E01029504,Lichfield 012D,Investigation complete; no suspect identified
154600e8c7280417d6ff8c887d066dc37ecc2a6ec63b6a2bb167f480052250f9,2021-10,Staffordshire Police,Staffordshire Police,-2.014238,52.701946,On or near CHURCH STREET,E01029351,Cannock Chase 008C,Further action is not in the public interest
881cf722bc36dc88fda105bb60465edfcf20ae78d1bd9c317f9a18c602ac38bf,2021-10,Staffordshire Police,Staffordshire Police,-2.200386,52.974705,On or near APLEY PLACE,E01014346,Stoke-on-Trent 030A,Formal action is not in the public interest
3b1437ffa978dcccbd92b751ab8720585a1362bf30aff26b00f82186b3955f6e,2021-10,Staffordshire Police,Staffordshire Police,-2.159170,52.991910,On or near DAISY PLACE,E01014279,Stoke-on-Trent 020E,Investigation complete; no suspect identified
d32308dd8a55e9ca46f7f067ebff7ebfc21512ec9f07cab104fdc2087dcc8e55,2021-10,Staffordshire Police,Staffordshire Police,-2.027288,52.674669,On or near Parking Area,E01029359,Cannock Chase 012A,Unable to prosecute suspect
863b731e761342bef82bec7c7948e7f539b5fbe69e35dbb51a903d05eb4da098,2021-10,Staffordshire Police,Staffordshire Police,-2.179174,52.966002,On or near Petrol Station,E01014351,Stoke-on-Trent 034C,Investigation complete; no suspect identified
d17ebc90eaf9dc4616f76edb27968328d2f8b53e97d7e78f6b61de1d241d066b,2021-10,Staffordshire Police,Staffordshire Police,-2.153949,53.023640,On or near WESTACRE,E01014230,Stoke-on-Trent 014F,Unable to prosecute suspect
a2635a5ad472b9f3021a447c5b37e54fd987da2eaa7d4af91f20f2d356f6802b,2021-10,Staffordshire Police,Staffordshire Police,-1.950416,52.684371,On or near FIVES GROVE,E01029493,Lichfield 006B,Investigation complete; no suspect identified
a2fa14df1e7686d5392e9f72f98a23aa37ad022ee87e0e293fc96c4883d78530,2021-10,Staffordshire Police,Staffordshire Police,-2.127641,53.015239,On or near WINCHESTER AVENUE,E01014222,Stoke-on-Trent 017C,Offender given a caution
0861fbc0246361c114b0f0cb3fb8e0165cb25df9acf29417f374e659db876894,2021-10,Staffordshire Police,Staffordshire Police,-2.183519,52.996954,On or near NICHOLLS STREET,E01014339,Stoke-on-Trent 019C,Investigation complete; no suspect identified
6e47a192d3121dd829d3a0950b89f85d43513c182c3240fbf4c42e079b09b8e0,2021-10,Staffordshire Police,Staffordshire Police,-2.179486,53.016044,On or near SALISBURY AVENUE,E01014281,Stoke-on-Trent 015A,Investigation complete; no suspect identified
42e5df71a53584d09068e9ce6e6b8983540bbfe3764a1dac05b025f04eaa8f99,2021-10,Staffordshire Police,Staffordshire Police,-2.108969,52.727670,On or near FREDERICK ROAD,E01029655,South Staffordshire 001A,Further investigation is not in the public interest
0cd6cce88cc9225e92d59f00da4320a9849890d48fa1f2cbd4054cbc3e632b5a,2021-10,Staffordshire Police,Staffordshire Police,-1.698916,52.763036,On or near LICHFIELD ROAD,E01029441,East Staffordshire 015C,Investigation complete; no suspect identified
cb94c53c7a6690c43eea15d96d9affa9a21d02c6a9aac0953fdb99b0c40870a5,2021-10,Staffordshire Police,Staffordshire Police,-2.033581,53.104475,On or near LANGFORD STREET,E01029812,Staffordshire Moorlands 005D,Investigation complete; no suspect identified
52af196209997c1bdb159ece5baae6da47073ac91f9f74b910b5a898a3023b8d,2021-10,Staffordshire Police,Staffordshire Police,-2.030894,53.105536,On or near WELLINGTON STREET,E01029812,Staffordshire Moorlands 005D,Investigation complete; no suspect identified
5392833e37b112d11de84bc13b6f3b3aefdb205b015de0005da1fb8242a82939,2021-10,Staffordshire Police,Staffordshire Police,-2.180300,52.624480,On or near WOODSIDE GROVE,E01029615,South Staffordshire 008C,Investigation complete; no suspect identified
644b23031b476c03f7b24c287105a0d621696c7fd356f688e4cd12d4f2a0bcf5,2021-10,Staffordshire Police,Staffordshire Police,-1.670557,52.614865,On or near Pedestrian Subway,E01029829,Tamworth 010A,Further action is not in the public interest
62b84212cd6eec5bdf65b29eab3c196b8861218b161af0e6e7ef00cd4dd28975,2021-10,Staffordshire Police,Staffordshire Police,-2.118478,52.804791,On or near WATER STREET,E01029701,Stafford 010E,Investigation complete; no suspect identified
0e7b483df0b04fdef40867a3c72e193ab6b4e415e94625e9ac2104c677ae9a80,2021-10,Staffordshire Police,Staffordshire Police,-2.207699,53.055505,On or near WILLIAMSON STREET,E01014356,Stoke-on-Trent 005C,Investigation complete; no suspect identified
274a7ad9901de87ec9589b7b34db6b5d4bb2507d402b1b183b7e42fc8e60f680,2021-10,Staffordshire Police,Staffordshire Police,-2.117602,53.007177,On or near LAUDER PLACE SOUTH,E01014223,Stoke-on-Trent 017D,Investigation complete; no suspect identified
6b86b807bd498ec3abbbfd951261e0977c674c83e5185659c2a913e5633e804b,2021-10,Staffordshire Police,Staffordshire Police,-2.230891,53.015002,On or near LOWER STREET,E01029555,Newcastle-under-Lyme 011A,Investigation complete; no suspect identified
a3db4eaab8e27466bda65969b5c769e5192b1bc18a2d61394446d7cd1ea89bd6,2021-10,Staffordshire Police,Staffordshire Police,-1.683349,52.612482,On or near HADRIANS CLOSE,E01029863,Tamworth 009D,Unable to prosecute suspect
ab45cadda738d12fc48e03575fbd5b33b5dc783eb5e37e22ccb26595e2cddf0e,2021-10,Staffordshire Police,Staffordshire Police,-1.932672,52.689316,On or near LYMINGTON ROAD,E01029487,Lichfield 006A,Unable to prosecute suspect
3c92e3a0b3af968ac22e9313053fab7fd3503926b843189e13ada53083ec8cdd,2021-10,Staffordshire Police,Staffordshire Police,-2.187626,53.036940,On or near HAWTHORN STREET,E01014254,Stoke-on-Trent 011C,Unable to prosecute suspect
bfc49a0bb6638d07acb3209fddcf476ec70c6040cdbcf23cff456f0fc7145504,2021-10,Staffordshire Police,Staffordshire Police,-2.026202,52.712633,On or near MARGARET DRIVE,E01029357,Cannock Chase 007D,Formal action is not in the public interest
e054d63c725d21b359545f94ec085b51d8c2566e13d6e3d7c30d97f648555400,2021-10,Staffordshire Police,Staffordshire Police,-2.207050,53.016592,On or near NEWTON STREET,E01014291,Stoke-on-Trent 018D,Action to be taken by another organisation
2fa4e387587e2ed2ea351c2e67d29f3c7e2c27c4c8247c1bd88a8ef87da60b28,2021-10,Staffordshire Police,Staffordshire Police,-2.039444,52.657720,On or near FALCON CLOSE,E01029624,South Staffordshire 004D,Unable to prosecute suspect
841ac3f0cf1608ee5b9cdbe36787a5b1f9c1c25ad81b6701d561622a98449490,2021-10,Staffordshire Police,Staffordshire Police,-2.214846,53.028651,On or near BARBER'S SQUARE,E01029611,Newcastle-under-Lyme 008E,Unable to prosecute suspect
2ccd4ac02f0b39500ee49718bb66e168e841ed7208e065d30080ec1bc2db52da,2021-10,Staffordshire Police,Staffordshire Police,-1.649496,52.797825,On or near CAMBRIDGE STREET,E01029407,East Staffordshire 011A,Investigation complete; no suspect identified
a13aa3a30c7a86809aa530bb19768df6be20f300dfcc8f4db6c6128d499edda7,2021-10,Staffordshire Police,Staffordshire Police,-2.249902,53.000608,On or near COMO PLACE,E01029601,Newcastle-under-Lyme 015E,Action to be taken by another organisation
5657c5202a1da3b20c04983719effeed37f59e2365e5b57e10935c3c62b9eb8e,2021-10,Staffordshire Police,Staffordshire Police,-2.120535,52.813724,On or near FRIAR STREET,E01029691,Stafford 010B,Unable to prosecute suspect
f038586a0bc73c2592c9cebe4df341352ce535fded2eb9df85bbf033d87122b3,2021-10,Staffordshire Police,Staffordshire Police,-2.087074,52.641280,On or near CANNOCK ROAD,E01029635,South Staffordshire 007D,Investigation complete; no suspect identified
ccb481d821d520d16fc727ba647b08f2da3965c555cba652148b3eb4c9560752,2021-10,Staffordshire Police,Staffordshire Police,-2.034015,53.067323,On or near CHEDDLETON PARK AVENUE,E01029792,Staffordshire Moorlands 006A,Investigation complete; no suspect identified
79e2ea3152bb62e8971e6dbd79d439408c03784ba3ce63a2eea6839cfbf2f374,2021-10,Staffordshire Police,Staffordshire Police,-1.699508,52.614439,On or near Petrol Station,E01029504,Lichfield 012D,Investigation complete; no suspect identified
491a631ab1f1da363d1ae0cb2151c958d3983acf124c0e579a87d6117a8e984b,2021-10,Staffordshire Police,Staffordshire Police,-2.213588,53.063702,On or near Petrol Station,E01014361,Stoke-on-Trent 005D,Action to be taken by another organisation
84eaa95f0ead109f53d75d112becb3445e2f40508a5a5f2077389f4286a84692,2021-10,Staffordshire Police,Staffordshire Police,-2.139319,52.897296,On or near PRIORY ROAD,E01029740,Stafford 003A,Offender given a caution
19a3e2c7c3fb4d0f5454b1d94f414af07fd3cd7f890c586a121ff9b9a99f2f17,2021-10,Staffordshire Police,Staffordshire Police,-2.213588,53.063702,On or near Petrol Station,E01014361,Stoke-on-Trent 005D,Action to be taken by another organisation
75287a5e52117edcd22c696838af2b41f0416d9eb25088aa9fe87738ab0e17c1,2021-10,Staffordshire Police,Staffordshire Police,-2.213588,53.063702,On or near Petrol Station,E01014361,Stoke-on-Trent 005D,Action to be taken by another organisation
57e28e006ba96ecf1997fbafb4feafc26f459e983f615aef42e4d764ab7b3053,2021-10,Staffordshire Police,Staffordshire Police,-2.213588,53.063702,On or near Petrol Station,E01014361,Stoke-on-Trent 005D,Action to be taken by another organisation
31343c2b5147893750f6f6a5e49865f199a031d719beb7e8f4d36fd4b71e3099,2021-10,Staffordshire Police,Staffordshire Police,-2.221508,52.990282,On or near DERBY PLACE,E01029549,Newcastle-under-Lyme 014A,Unable to prosecute suspect
962fce267a3e8c35061e910d67ef849973a642f5e5e7fc5cf10612347ded6d7f,2021-10,Staffordshire Police,Staffordshire Police,-2.125897,52.826106,On or near Sports/Recreation Area,E01029720,Stafford 007B,Unable to prosecute suspect
2ead094195d86bc6d4ab20c291ad41a4f913492c278105b9dce777f34962d445,2021-10,Staffordshire Police,Staffordshire Police,-1.698916,52.763036,On or near LICHFIELD ROAD,E01029441,East Staffordshire 015C,Investigation complete; no suspect identified
ded937d067ca7f150d736c85d7485a6f5340c5a47db2c9bde658599e669f1ab2,2021-10,Staffordshire Police,Staffordshire Police,-2.202223,53.013976,On or near RADFORD ROAD,E01014291,Stoke-on-Trent 018D,Investigation complete; no suspect identified
e6b2b174ed23ecaaa61ca0140cf6e7e4084d8093cb87ec0a35b1dd5fd8c95083,2021-10,Staffordshire Police,Staffordshire Police,-2.178538,53.031947,On or near RIXDALE CLOSE,E01014256,Stoke-on-Trent 011D,Investigation complete; no suspect identified
b72eb2258d86d078c3e9560f777e719b99270dc64e87059562fd46a4a833ed0a,2021-10,Staffordshire Police,Staffordshire Police,-1.926449,52.677625,On or near OAKDENE ROAD,E01029496,Lichfield 010A,Further action is not in the public interest
b175cb769dd67f526165bb37de5010f03147e8008f52af94e3c962b062dd2273,2021-10,Staffordshire Police,Staffordshire Police,-2.337760,53.003016,On or near MADLEY COURT,E01029573,Newcastle-under-Lyme 013B,Unable to prosecute suspect
cd05aa9c12ea3cf9fa758020c94f00552cd4de25eb31d9dc27b29446237c1996,2021-10,Staffordshire Police,Staffordshire Police,-2.026090,52.747270,On or near Parking Area,E01029730,Stafford 014C,Investigation complete; no suspect identified
106116594b5547bca3feb7b147d853630c0f4d1216010880b37df49186f5766f,2021-10,Staffordshire Police,Staffordshire Police,-2.197508,52.967366,On or near CONISTON PLACE,E01014348,Stoke-on-Trent 030B,Unable to prosecute suspect
d185cc86b1033cc3397834dcbfe303176d9a00e500955e848e0eb8bc1bf2c111,2021-10,Staffordshire Police,Staffordshire Police,-2.093811,52.997391,On or near JINNY STREET,E01014369,Stoke-on-Trent 024D,Investigation complete; no suspect identified
0f803d363e1cba7077cb3a9fa59199010296833ed2f076a809a9fe5dfa30c9aa,2021-10,Staffordshire Police,Staffordshire Police,-2.188195,53.030755,On or near BROMLEY STREET,E01014254,Stoke-on-Trent 011C,Investigation complete; no suspect identified
3a50a6c18044d7fa98dad21a59a9ff7561ddec63f6e529887cc88a16112dfa41,2021-10,Staffordshire Police,Staffordshire Police,-2.059996,52.626805,On or near WOLVERHAMPTON ROAD,E01029634,South Staffordshire 007C,Unable to prosecute suspect
b23f53d8d66302a42a2a49821b7e5977ffdb76ca1bada469936b320f5e9837b7,2021-10,Staffordshire Police,Staffordshire Police,-1.757439,52.674677,On or near FISHERWICK CLOSE,E01029531,Lichfield 008D,Investigation complete; no suspect identified
da48a99f61bbc9c1ff4b7562177ef39d0a016a82af4de2e5b20abd8a1cbe6397,2021-10,Staffordshire Police,Staffordshire Police,-1.796454,52.862532,On or near DIDCOT DRIVE,E01029425,East Staffordshire 006D,Unable to prosecute suspect
9e7136817b591e0f2782dac4d85a1cb86f097918101967ecebdc50f844526ddd,2021-10,Staffordshire Police,Staffordshire Police,-1.865899,52.739556,On or near ALANDALE AVENUE,E01029480,Lichfield 001A,Investigation complete; no suspect identified
60a557ec4d16ab37a78760189162562d89d0c187687edbaeeceb468c3e83fb99,2021-10,Staffordshire Police,Staffordshire Police,-1.987982,52.987000,On or near Parking Area,E01029787,Staffordshire Moorlands 011D,Investigation complete; no suspect identified
19339e11fb2bbdd0149f04a4890c5c3401767ea21d36015954bb85e9571c4128,2021-10,Staffordshire Police,Staffordshire Police,-2.116845,53.008140,On or near LAUDER PLACE NORTH,E01014223,Stoke-on-Trent 017D,Investigation complete; no suspect identified
cb022dd83bca3e4ee8bf7785aeaae215a2ae0f3cf1daeda540ade33ee5a979b3,2021-10,Staffordshire Police,Staffordshire Police,-2.136235,52.895061,On or near JERVIS ROAD,E01029740,Stafford 003A,Investigation complete; no suspect identified
0299d9a7ad8da9a06e825f343c6b591e4843f9d3c42309432d81e536eafbb636,2021-10,Staffordshire Police,Staffordshire Police,,,No location,,,Further action is not in the public interest
0998b09334f1511e5f3ef971afbc566d9d7ca9aa2285428cdf14a4e17d99204d,2021-10,Staffordshire Police,Staffordshire Police,-2.188195,53.030755,On or near BROMLEY STREET,E01014254,Stoke-on-Trent 011C,Further investigation is not in the public interest
1b6fa33704af870e7187ed9a9f33afa1f238c6803ab5bc7c07a785421a46b201,2021-10,Staffordshire Police,Staffordshire Police,-1.980764,52.667371,On or near BUTTS CLOSE,E01029395,Cannock Chase 013B,Unable to prosecute suspect
bdbe2e3978c31de9fa8d790a74e5511ee7f0b918b1b42511151eb99b7168ba58,2021-10,Staffordshire Police,Staffordshire Police,-2.166643,53.029205,On or near KING GEORGE STREET,E01014328,Stoke-on-Trent 013C,Investigation complete; no suspect identified
f24632ef18e379e6f3e299a602fac853817b98951962cbea60f6fcadd2ed099a,2021-10,Staffordshire Police,Staffordshire Police,-2.191376,52.525575,On or near DICKINSON ROAD,E01029677,South Staffordshire 013F,Formal action is not in the public interest
a480441fd5c83db090688d02151b62df11bc393356586ae7b139badf7f75e163,2021-10,Staffordshire Police,Staffordshire Police,-2.337760,53.003016,On or near MADLEY COURT,E01029573,Newcastle-under-Lyme 013B,Investigation complete; no suspect identified
22fecef69aed0a8c6c60c83e7974b4f9c053de0180057de9da5c8bcb8c0c63b7,2021-10,Staffordshire Police,Staffordshire Police,-2.167128,53.023505,On or near WATERLOO STREET,E01014231,Stoke-on-Trent 016B,Suspect charged
ec1909168771bc8f05c0d60dc2ffbc17d89aab16ee6f49d391078b3c0fbec4e5,2021-10,Staffordshire Police,Staffordshire Police,-1.704273,52.650329,On or near A513,E01029846,Tamworth 001A,Investigation complete; no suspect identified
71ce87e3d8b42024634bd691336c3ab0c93d19a4a7b7ef585bbf8b190f58006d,2021-10,Staffordshire Police,Staffordshire Police,-2.146095,52.812536,On or near SUTTON DRIVE,E01029752,Stafford 007E,Formal action is not in the public interest
345e8e34245e8d6ffeda18b389c10e1a3ed498da54b09581deec018232a78e79,2021-10,Staffordshire Police,Staffordshire Police,-2.184436,53.009492,On or near Bus/Coach Station,E01014293,Stoke-on-Trent 019A,Unable to prosecute suspect
d556b517ee25b69b5ef754e1fdfc32e6188a6104326bc7597eac823e207b2ef5,2021-10,Staffordshire Police,Staffordshire Police,-2.167128,53.023505,On or near WATERLOO STREET,E01014231,Stoke-on-Trent 016B,Suspect charged
68a34494e818d8e6b35405cc924dd72c91c38b85cf5bccb869593a256d15e0da,2021-10,Staffordshire Police,Staffordshire Police,-2.103311,52.807808,On or near BEDFORD AVENUE,E01029722,Stafford 009C,Investigation complete; no suspect identified
0cbeb223fe95f896995f2cb2d34f37733fc14e3406620a00821a3f72f843dbb4,2021-10,Staffordshire Police,Staffordshire Police,-2.214363,53.060482,On or near ATHELSTAN STREET,E01014354,Stoke-on-Trent 005A,Suspect charged
281d51dd346ed48264088aac465ef4178291601a29dd3ea472471773648d1057,2021-10,Staffordshire Police,Staffordshire Police,-1.659967,52.609145,On or near BRAMBLING,E01029867,Tamworth 010C,Unable to prosecute suspect
e533e1059e5815568065eac772d1f710ddf04e51aee07418bcd65c9690a46d8a,2021-10,Staffordshire Police,Staffordshire Police,,,No location,,,Unable to prosecute suspect
980ec5b37806bb80d19206b46f10959c9f7c52f40fc8cc859263b78fe452ec25,2021-10,Staffordshire Police,Staffordshire Police,-2.192630,53.005299,On or near BALLIOL STREET,E01014292,Stoke-on-Trent 018E,Investigation complete; no suspect identified
534cf0154ac99d1ccbdae3fd1c051686c2dd56b4e5ad25bf49dd4e59f8a589cb,2021-10,Staffordshire Police,Staffordshire Police,-1.930866,52.709020,On or near HIGH MEADOW,E01029398,Cannock Chase 006B,Unable to prosecute suspect
4a61ed87dfda4a4665fc897af6a136c414d479e3b1f6994d27a16396eeb81119,2021-10,Staffordshire Police,Staffordshire Police,-2.045696,52.684390,On or near ASCOT DRIVE,E01029363,Cannock Chase 012E,Investigation complete; no suspect identified
cc3987e5573da15b19d7b015146f6970e59632698faf95684e750b4f9af3ae80,2021-10,Staffordshire Police,Staffordshire Police,-2.103311,52.807808,On or near BEDFORD AVENUE,E01029722,Stafford 009C,Investigation complete; no suspect identified
3c70e7102751c9aa4cb103ac775de12f82a198880ed722836a9c077c0de6d311,2021-10,Staffordshire Police,Staffordshire Police,-1.697486,52.633546,On or near SILVER STREET,E01029835,Tamworth 002A,Unable to prosecute suspect
5b5505f60079ab85291b29fd02c134767ea69c82e9a51c69ee2cd14c882efbec,2021-10,Staffordshire Police,Staffordshire Police,-2.047620,53.049250,On or near FOLLY LANE,E01029794,Staffordshire Moorlands 009C,Unable to prosecute suspect
dedf501ed11a31d698a50cfc65df7c5f15e3635dd77d42ea8c0f659ea4af9e0a,2021-10,Staffordshire Police,Staffordshire Police,-2.167585,53.018246,On or near FRANKLYN STREET,E01033216,Stoke-on-Trent 016G,Further action is not in the public interest
5b9b4cff0679c9f5cdf0d311a60db82bbd114169cc6b19ea67260e7dd82fc9a5,2021-10,Staffordshire Police,Staffordshire Police,-2.233942,52.989350,On or near TWEED GROVE,E01029591,Newcastle-under-Lyme 014C,Unable to prosecute suspect
884089867e3e22ce7fd7d96554f73e9099ac646832096678fe0cb045182522c2,2021-10,Staffordshire Police,Staffordshire Police,-2.143194,52.994852,On or near BROCKSFORD STREET,E01014273,Stoke-on-Trent 021A,Unable to prosecute suspect
f5ad9ab9eda4df32451153973f3db6b843445ce1bc76ecce05c91ff3a7646e2d,2021-10,Staffordshire Police,Staffordshire Police,-2.124745,53.065464,On or near STANLEY ROAD,E01029762,Staffordshire Moorlands 008A,Investigation complete; no suspect identified
ccbc90c9ad0646016d4551f7a77e5a2ef1a6a1ea6fc49e6703a22eb7d3d12f34,2021-10,Staffordshire Police,Staffordshire Police,-2.235520,52.989266,On or near DART PLACE,E01029590,Newcastle-under-Lyme 015C,Unable to prosecute suspect
76420b717840a05076847cc77935484bba788e15d7e2b1d1d6fd2fbe57f4da00,2021-10,Staffordshire Police,Staffordshire Police,-2.202870,53.062885,On or near VICTORIA PARK ROAD,E01014355,Stoke-on-Trent 005B,Investigation complete; no suspect identified
24a7b15cd0f6042d1f9998c1276692ae42bf7446c5451e0862b2b849d73c4979,2021-10,Staffordshire Police,Staffordshire Police,-2.178269,52.626227,On or near FLORENCE ROAD,E01029613,South Staffordshire 008A,Investigation complete; no suspect identified
bd1da25b949eb9ba9a1eaf35a4cf96d300e6c356e9a965b336760403be86e8da,2021-10,Staffordshire Police,Staffordshire Police,-2.229946,53.022249,On or near LINDEN GROVE,E01029553,Newcastle-under-Lyme 010A,Unable to prosecute suspect
bcf49b77db226bab62fbcb1bbcb21ea75ba28373553561de37a2c8894540cd44,2021-10,Staffordshire Police,Staffordshire Police,-2.098799,52.813385,On or near ARMSTRONG AVENUE,E01029693,Stafford 009B,Investigation complete; no suspect identified
4cc97a2ab4bfd236e91f4ac816f00a843c2bc7ac0ac2afa62b92585b9fcf52fa,2021-10,Staffordshire Police,Staffordshire Police,-1.633441,52.828781,On or near GLAMIS CLOSE,E01029456,East Staffordshire 005C,Investigation complete; no suspect identified
528afba91f86c77fd427f3e54aa5074078235dc591b2f685f725ebac36d2c0c5,2021-10,Staffordshire Police,Staffordshire Police,-1.621929,52.785299,On or near PINEWOOD ROAD,E01029452,East Staffordshire 014D,Investigation complete; no suspect identified
5595f9ee6ceaacf80fcece9b657bd5f6180c4293310b0900f0e13390ad30b56c,2021-10,Staffordshire Police,Staffordshire Police,-2.044424,52.684472,On or near WHITBY WAY,E01029363,Cannock Chase 012E,Investigation complete; no suspect identified
a61d859784257ed865918ab03ddf8e8eb3355f434792f9f79a04b38fa51ca281,2021-10,Staffordshire Police,Staffordshire Police,-1.630343,52.803718,On or near Parking Area,E01032896,East Staffordshire 011F,Investigation complete; no suspect identified
4c7fd2570e8edad2d8f26e2d313ca4e1b4841e62faf95b147f4d7c738bd17d03,2021-10,Staffordshire Police,Staffordshire Police,-1.691224,52.639409,On or near Further/Higher Educational Building,E01029851,Tamworth 002E,Action to be taken by another organisation
5c09f2223e5b49f4e262ee99d5d2078d511a05b4a489d355a23b4a3609f027b3,2021-10,Staffordshire Police,Staffordshire Police,-2.181443,53.049013,On or near GARLICK STREET,E01014248,Stoke-on-Trent 006F,Unable to prosecute suspect
d4bb71dbc9d079e2540ffff3cef25c7fdd793a23f060397181e4b0e47282a035,2021-10,Staffordshire Police,Staffordshire Police,-2.109746,53.076464,On or near RAILWAY COURT,E01029776,Staffordshire Moorlands 008C,Unable to prosecute suspect
048eb4496371cc43e4493e169ef8fbb86ff6fcb9aade3345974b1214857da9fe,2021-10,Staffordshire Police,Staffordshire Police,-2.115769,52.717577,On or near BOSCOMOOR LANE,E01029660,South Staffordshire 001F,Investigation complete; no suspect identified
5503cf1c3f276aa31f42913686de97b4beab101d4d6f4cf6a4514514ceb1d109,2021-10,Staffordshire Police,Staffordshire Police,-2.111434,52.978993,On or near EBURY GROVE,E01014322,Stoke-on-Trent 031E,Investigation complete; no suspect identified
dc20f0fb8dc04ecfdf15b373d28f082353f5bce4c0133647faa4912bd3117e5f,2021-10,Staffordshire Police,Staffordshire Police,-2.024199,52.678841,On or near Parking Area,E01029359,Cannock Chase 012A,Investigation complete; no suspect identified
dbcf8d1da52d7fbfe56c8670d3328bf62dd60a08c8e3607f932abaf4a702a76f,2021-10,Staffordshire Police,Staffordshire Police,-1.722070,52.692210,On or near THE SQUARE,E01029517,Lichfield 008B,Investigation complete; no suspect identified
fc5763d34ad85782f0cfe8daceb1a3454bfd64d6c13a2eed637cc06d4d791d4d,2021-10,Staffordshire Police,Staffordshire Police,-2.190622,53.009572,On or near CONVENT COURT CLOSE,E01014291,Stoke-on-Trent 018D,Unable to prosecute suspect
e5971f557b403de456b2de8978eb65d8ad38b8d24161a8712544b9a937a4ff98,2021-10,Staffordshire Police,Staffordshire Police,-2.234958,52.998230,On or near SEAGRAVE PLACE,E01029606,Newcastle-under-Lyme 015F,Action to be taken by another organisation
00a4e77c4e29a456f7b60a6abaeb63c71c0a2bb6806e3716c189612424667ab1,2021-10,Staffordshire Police,Staffordshire Police,-2.194976,53.043176,On or near BAPTIST STREET,E01014251,Stoke-on-Trent 009C,Investigation complete; no suspect identified
278b09cc6f6758e37c765ee59743f58b4bebcdcac7e5473fb597356ebc4c44f2,2021-10,Staffordshire Police,Staffordshire Police,-2.156143,52.978943,On or near BALLINSON ROAD,E01014234,Stoke-on-Trent 026B,Unable to prosecute suspect
978dc11808b0729c8ae6cbd4bafc12c6a934c5b1eea0e261404a6d26af593dc4,2021-10,Staffordshire Police,Staffordshire Police,-2.190401,53.074384,On or near COPPULL PLACE,E01014260,Stoke-on-Trent 001D,Investigation complete; no suspect identified
b860b2b9929467f40fd3308449cc36077f1979740d7b84bafd2f464742f5518c,2021-10,Staffordshire Police,Staffordshire Police,-2.010178,53.114025,On or near ARGLES ROAD,E01029810,Staffordshire Moorlands 001E,Unable to prosecute suspect
8aa978296ccf65a123d720240e818200294081cfadd140740d22b76205fef163,2021-10,Staffordshire Police,Staffordshire Police,-2.141907,52.988606,On or near GREGORY STREET,E01014313,Stoke-on-Trent 027D,Unable to prosecute suspect
80a8d29110fe2460d0243fa8645de96009229999d6180e4a412546381f0061da,2021-10,Staffordshire Police,Staffordshire Police,-2.202824,53.008779,On or near WELLER STREET,E01014290,Stoke-on-Trent 018C,Investigation complete; no suspect identified
c52b2ade77fd782e18e954a7ecdd6fb2d51a58bbed5a46e67db7b65a1e2deb06,2021-10,Staffordshire Police,Staffordshire Police,-2.199458,53.051169,On or near MARSHALL STREET,E01014247,Stoke-on-Trent 009A,Investigation complete; no suspect identified
b5ac222287113afc63d131e5de279501f80cbbf009aef86fc4c54c53155f05b6,2021-10,Staffordshire Police,Staffordshire Police,-2.012170,52.662275,On or near APPLEDORE CLOSE,E01029642,South Staffordshire 004G,Investigation complete; no suspect identified
9c69850af0deaa3d89c65416e41915310c9abd3364d38e96d4334f395a800d21,2021-10,Staffordshire Police,Staffordshire Police,-1.633723,52.800510,On or near Shopping Area,E01032896,East Staffordshire 011F,Investigation complete; no suspect identified
7f67827b25909173374e3007f10a09e4b3a6268ee71ac18f142d221264f40858,2021-10,Staffordshire Police,Staffordshire Police,-1.828685,52.681148,On or near MARLBOROUGH COURT,E01032899,Lichfield 004F,Unable to prosecute suspect
439c50cfb02087aaec1bf8814c74c1fe96cd7cd5d9ccbc1e8455cc6c8bcb8799,2021-10,Staffordshire Police,Staffordshire Police,-2.178443,53.027102,On or near NEW HALL STREET,E01014287,Stoke-on-Trent 015D,Formal action is not in the public interest
55e159c68cc340fc544f66006be22d5cdf3cd16d88406f24dd6d19302e95c491,2021-10,Staffordshire Police,Staffordshire Police,-2.204690,52.999985,On or near MARCHWOOD COURT,E01014341,Stoke-on-Trent 023B,Investigation complete; no suspect identified
b15388e765e6c92bf410e83c231e812a0c803c401ee53feae24b2a6fb628fc25,2021-10,Staffordshire Police,Staffordshire Police,-2.178106,53.050124,On or near JOLLEY STREET,E01014246,Stoke-on-Trent 008A,Investigation complete; no suspect identified
089e150e1edb0249a619c69c36104cd82aef3c78512d3da0ad3881eab9388c32,2021-10,Staffordshire Police,Staffordshire Police,-2.180821,52.968121,On or near ABINGDON WAY,E01014350,Stoke-on-Trent 034B,Investigation complete; no suspect identified
80211e40a1eae8a0de5d214188110bfa0e531483a9d6a7f747ec521e29fb93df,2021-10,Staffordshire Police,Staffordshire Police,-1.663181,52.619438,On or near GRESLEY,E01029840,Tamworth 007A,Unable to prosecute suspect
8c4154009e01222148f31ad4d2f0b76743b1a9021edacdb77b0edff7dac13c23,2021-10,Staffordshire Police,Staffordshire Police,-2.175775,53.049309,On or near JUPITER STREET,E01014266,Stoke-on-Trent 008B,Unable to prosecute suspect
0da74ab1f8bd8c19a59aff348fb797b1a3a7d047baf2238a9bf0ccd5925b1faa,2021-10,Staffordshire Police,Staffordshire Police,-2.126844,52.820100,On or near JOHN DONNE STREET,E01029720,Stafford 007B,Unable to prosecute suspect
954a6f50908b96f5bca3f6545d0993eddb62eb4a16f8d2855bd461b34801a165,2021-10,Staffordshire Police,Staffordshire Police,-2.175420,53.020697,On or near LOWER BETHESDA STREET,E01014287,Stoke-on-Trent 015D,Further investigation is not in the public interest
ce5b9257c5bab71c589c1fddac54c8cdc8388f9caade3ecf2d1c58f44e0986ec,2021-10,Staffordshire Police,Staffordshire Police,-2.125657,52.983977,On or near MALT LANE,E01014302,Stoke-on-Trent 022D,Further investigation is not in the public interest
4a5992178ab390d2d85e973513a10e312a7dc4b44312777d317cc7572ac3e039,2021-10,Staffordshire Police,Staffordshire Police,-1.691869,52.650639,On or near MAIN ROAD,E01029852,Tamworth 001D,Further action is not in the public interest
72382d1fac55c52f78503715e1904d2e1341a86faecbd5a2b7a97fbcba42ff08,2021-10,Staffordshire Police,Staffordshire Police,-1.645875,52.818149,On or near BECKET CLOSE,E01029436,East Staffordshire 007C,Unable to prosecute suspect
e50319e558fd4cc5a9f5ccacddd1fc5dc0ee0e8d71f88f3043c01394412fb83d,2021-10,Staffordshire Police,Staffordshire Police,-2.175209,52.994386,On or near AINSWORTH STREET,E01014277,Stoke-on-Trent 020D,Unable to prosecute suspect
2f5a1c90d0c4f8bc9e435d650ffccff85b8616e93755964f0d252b43388dbf74,2021-10,Staffordshire Police,Staffordshire Police,-2.133420,53.037957,On or near ALSTONFIELD AVENUE,E01014211,Stoke-on-Trent 012B,Unable to prosecute suspect
83a35a65326301d5374132e9ddd9ef81f85989455c50606ce0c8e2828ab723eb,2021-10,Staffordshire Police,Staffordshire Police,-1.921366,52.674602,On or near LEAFENDEN AVENUE,E01029527,Lichfield 010B,Investigation complete; no suspect identified
58091753a21dca98ccf8dc886c58a88bb21b7604bed4ab0168f5c6c7a618b754,2021-10,Staffordshire Police,Staffordshire Police,-2.228058,52.992229,On or near GRASMERE AVENUE,E01029591,Newcastle-under-Lyme 014C,Unable to prosecute suspect
549a9d7097d80b31ca5c38c589dee2d35d792a09cb59204226f3b6ec8496287d,2021-10,Staffordshire Police,Staffordshire Police,-2.015703,52.661636,On or near JOHNS LANE,E01029644,South Staffordshire 005E,Formal action is not in the public interest
9fa4ee6508759e3e437e003d2ca5583e683a9d4a1d00971f607da2eed90f2fad,2021-10,Staffordshire Police,Staffordshire Police,-2.205779,53.065963,On or near HOSKINS ROAD,E01014359,Stoke-on-Trent 002C,Unable to prosecute suspect
e759483fe1664425cf8bce9ea48513179180428b8fce52c42da8c839ebd54bdf,2021-10,Staffordshire Police,Staffordshire Police,-2.181424,53.001892,On or near WOODHOUSE STREET,E01014345,Stoke-on-Trent 019E,Local resolution
de7ae71b9fcc80020fb331a1380563f2977a89ed5e05dc8d1286233927708701,2021-10,Staffordshire Police,Staffordshire Police,-1.623859,52.788452,On or near HAWTHORN CRESCENT,E01029449,East Staffordshire 014A,Investigation complete; no suspect identified
1fee270d420e483e40083568f9c619b5a521475f68bd9054c03ea12c4b6bf957,2021-10,Staffordshire Police,Staffordshire Police,-2.229500,53.011337,On or near CHURCH STREET,E01029604,Newcastle-under-Lyme 011E,Suspect charged
65a855419a0a68626aa68d0638831ff572a13dfe83da07dfd7b9a8ed7be6b917,2021-10,Staffordshire Police,Staffordshire Police,-2.174021,53.021095,On or near EASTWOOD PLACE,E01014287,Stoke-on-Trent 015D,Unable to prosecute suspect
0e6ab0bc433d01f86e9efcbbb626d276f8b891ac97e68c97316814824ac51825,2021-10,Staffordshire Police,Staffordshire Police,-2.114633,52.803680,On or near LICHFIELD ROAD,E01029701,Stafford 010E,Unable to prosecute suspect
51162da7a629ee1f3fb32a14f82ee1a4a3cb54c8ca3cf27c3c07dfd08db98097,2021-10,Staffordshire Police,Staffordshire Police,-2.164346,53.033019,On or near TURNER STREET,E01014327,Stoke-on-Trent 013B,Unable to prosecute suspect
9b6d721664195458c8efb7c28f6cd22756ff8510b3471367c8faf8aa3ee3da5b,2021-10,Staffordshire Police,Staffordshire Police,-2.026816,52.676027,On or near PARK STREET,E01029359,Cannock Chase 012A,Investigation complete; no suspect identified
563b34081c61fc42d8f2dbfc5eb53631263ae566dedec0b8c87f38e9a853cc00,2021-10,Staffordshire Police,Staffordshire Police,-2.110643,52.634356,On or near CAT AND KITTENS LANE,E01010436,Wolverhampton 001B,Investigation complete; no suspect identified
8abd43fa6ea5f476f28e4dfc192483dcfaf0594b9636ca67f106c79ff31d57db,2021-10,Staffordshire Police,Staffordshire Police,-2.153741,52.969318,On or near THORPE GREEN,E01014235,Stoke-on-Trent 032A,Unable to prosecute suspect
018e332b99177ceb03d08df96b22edc9b21c9cd7a10526ad39938fd1324acdef,2021-10,Staffordshire Police,Staffordshire Police,-1.652141,52.618408,On or near Pedestrian Subway,E01029842,Tamworth 007B,Investigation complete; no suspect identified
07ba15ba4f06fb8398703c4afff1714f2eadaa1ee3602da52fe94c8307a1cac3,2021-10,Staffordshire Police,Staffordshire Police,-2.172586,53.012683,On or near MAWSON GROVE,E01014282,Stoke-on-Trent 016D,Investigation complete; no suspect identified
b9acff32c19a9959013db9192271335792522dd930af2cab4e2e84e4be648dda,2021-10,Staffordshire Police,Staffordshire Police,-1.679008,52.620426,On or near Pedestrian Subway,E01029828,Tamworth 006D,Further investigation is not in the public interest
63c33d738d8ef5ca09e096e5272b4ebc3d9802ca8f85f8f7092c7b030c3474b1,2021-10,Staffordshire Police,Staffordshire Police,-1.998107,52.708536,On or near CARDIGAN PLACE,E01029389,Cannock Chase 005D,Investigation complete; no suspect identified
33cb72852a05f154e9994094f58a89b58b169d71d85b24f2e136bb8c31f5850e,2021-10,Staffordshire Police,Staffordshire Police,-2.184912,52.998633,On or near KEARY STREET,E01014339,Stoke-on-Trent 019C,Investigation complete; no suspect identified
e257ec85d536aa64e1df0a8317b7870c78ad134ccf7a60c3e851005257732c53,2021-10,Staffordshire Police,Staffordshire Police,-2.129098,52.979155,On or near HALES PLACE,E01014312,Stoke-on-Trent 029D,Investigation complete; no suspect identified
b8006820dac613f19156a29a147747884e123de8974ce78589f350c90be2df2e,2021-10,Staffordshire Police,Staffordshire Police,-1.675878,52.628257,On or near Parking Area,E01029830,Tamworth 006E,Investigation complete; no suspect identified
c2c9045d7a91a70862184a2652cb0e83a58d42fd1b2c923f82595985219897db,2021-10,Staffordshire Police,Staffordshire Police,-2.211914,53.057116,On or near MADEIRA PLACE,E01014354,Stoke-on-Trent 005A,Investigation complete; no suspect identified
b7e9867701192ad24b25c9e0a7c85b5d4539ab7b11ce3ffbf6d3b7e303349c28,2021-10,Staffordshire Police,Staffordshire Police,-2.166727,53.016099,On or near AUSTIN STREET,E01033216,Stoke-on-Trent 016G,Offender given a caution
b3820b84db329d038829ab07eb0bec7fe1dafbd4d41c8d606d1e2fd7ffea6552,2021-10,Staffordshire Police,Staffordshire Police,-2.215113,53.043393,On or near LONGSHAW STREET,E01014252,Stoke-on-Trent 009D,Investigation complete; no suspect identified
022c98636588acf8cebeafd551cdbcd071ea0613916984759e90a1f23919eff7,2021-10,Staffordshire Police,Staffordshire Police,-2.225571,53.012451,On or near Further/Higher Educational Building,E01029604,Newcastle-under-Lyme 011E,Investigation complete; no suspect identified
8902b8e15340ce0b5cd20705ca139f513db4a946bff3c8810e7a2914153d2bf4,2021-10,Staffordshire Police,Staffordshire Police,-1.934467,52.705768,On or near SLANG LANE,E01029398,Cannock Chase 006B,Investigation complete; no suspect identified
f5953ab22987164c7f8d3162039488139a64f1b7b074663714009dcd7f826de6,2021-10,Staffordshire Police,Staffordshire Police,-2.040075,52.619487,On or near SNEYD LANE,E01010398,Walsall 011C,Further action is not in the public interest
a7acea3bb53cd73e6c483ac5f28a7faeaa343789d999b35c22c6d67232416cd7,2021-10,Staffordshire Police,Staffordshire Police,-2.215160,53.070791,On or near SHELFORD ROAD,E01014360,Stoke-on-Trent 002D,Investigation complete; no suspect identified
7e91944521ab3e7f7d507fea29e1df87463e8f972b5c57fede6414da94d8be27,2021-10,Staffordshire Police,Staffordshire Police,-1.701263,52.645098,On or near MILTON AVENUE,E01029849,Tamworth 002C,Unable to prosecute suspect
a5256760fd576c711293b13adbc7f42f458d161be0dbbe8ce408e8faa8ea87a1,2021-10,Staffordshire Police,Staffordshire Police,-1.796135,52.771918,On or near Sports/Recreation Area,E01029473,East Staffordshire 006E,Unable to prosecute suspect
5c3374d77eb073a012e71264e459ea2b11155b2c474e6658d4e8d4794ea97b8a,2021-10,Staffordshire Police,Staffordshire Police,-2.248375,53.084911,On or near FIFTH AVENUE,E01029543,Newcastle-under-Lyme 003D,Investigation complete; no suspect identified
183abc63b6cf38672d8e9bb5013ee480f3cb9d06ac448f2d79fa046a5a888a88,2021-10,Staffordshire Police,Staffordshire Police,-1.796135,52.771918,On or near Sports/Recreation Area,E01029473,East Staffordshire 006E,Unable to prosecute suspect
50d4c687072ed1725c2e29ae0dcaf24a957ca666f1ca1ec1d25ed28c9b04ce88,2021-10,Staffordshire Police,Staffordshire Police,-2.225725,53.007686,On or near Petrol Station,E01029602,Newcastle-under-Lyme 011C,Investigation complete; no suspect identified
6985d589c0bbae39f02c60465babf74436726837b5499d2f17c8c5918633ea25,2021-10,Staffordshire Police,Staffordshire Police,-2.194934,53.056902,On or near THORNLEY ROAD,E01014244,Stoke-on-Trent 006D,Unable to prosecute suspect
e8ceea63b3ff23d68c21b9a0bcc535fcf32661272d6b81010f43e81b0e09f40e,2021-10,Staffordshire Police,Staffordshire Police,-2.114936,52.800488,On or near WOLVERHAMPTON ROAD,E01029701,Stafford 010E,Unable to prosecute suspect
b85283ead3d175540f7d6bbe3ff7a6f0c2de8f38cfbbd70e42339ec01276ecdb,2021-10,Staffordshire Police,Staffordshire Police,-2.181602,53.054955,On or near JOYCE AVENUE,E01014334,Stoke-on-Trent 003E,Investigation complete; no suspect identified
ab98eabbf84e7dc0525a46f49d188af5b53311579272d3b1bc2e1308c1c8c8ff,2021-10,Staffordshire Police,Staffordshire Police,-1.915100,52.679793,On or near DALE DRIVE,E01029475,Lichfield 009A,Unable to prosecute suspect
8b35b9f8de7bc4f2521797238627570a0ec2ade3d4b2ead5707015536903f3c8,2021-10,Staffordshire Police,Staffordshire Police,-2.116933,52.980291,On or near SALTDEAN CLOSE,E01014307,Stoke-on-Trent 029C,Investigation complete; no suspect identified
a4fd7bd0a78253e1606aebc2a25708c130b6ed13ab601e5b38928b749f84102a,2021-10,Staffordshire Police,Staffordshire Police,-2.186063,53.003089,On or near LONDON ROAD,E01014345,Stoke-on-Trent 019E,Investigation complete; no suspect identified
fcd79239bcb62b6ee376f2e59961e434f7873d87a6e0b703fcb9f3238b041f9b,2021-10,Staffordshire Police,Staffordshire Police,-1.857881,52.896143,On or near WILLSFORD AVENUE,E01029460,East Staffordshire 003B,Investigation complete; no suspect identified
09f2264da1f8be2eea6c3374630751f8ad2402037dcfc1321c99a36958fcc079,2021-10,Staffordshire Police,Staffordshire Police,-2.230044,53.012658,On or near BRIDGE STREET,E01029604,Newcastle-under-Lyme 011E,Investigation complete; no suspect identified
e27f29afa1d3cda77dd2f89ff2336f4bf682e230e16460cd9b9f29e8463e460a,2021-10,Staffordshire Police,Staffordshire Police,-1.827229,52.682719,On or near Theatre/Concert Hall,E01029526,Lichfield 004E,Investigation complete; no suspect identified
7aa73c84ad6e2338aaaced1175f0f88aee4cee6e726394b94321cfddfda0108c,2021-10,Staffordshire Police,Staffordshire Police,-2.272098,53.016353,On or near THE CRESCENT,E01029594,Newcastle-under-Lyme 012C,Investigation complete; no suspect identified
49e8c055ddd793d6d25ced6dc128aafa600ef106a6cec549bda6867a6cc4a766,2021-10,Staffordshire Police,Staffordshire Police,-2.034110,53.111962,On or near Sports/Recreation Area,E01029807,Staffordshire Moorlands 005B,Investigation complete; no suspect identified
5e83888bb7a09aa6bb1648b96e898c695c244cb8f2aedb9b797b1b4ca64f0740,2021-10,Staffordshire Police,Staffordshire Police,-2.135669,52.989530,On or near TIMES SQUARE,E01014302,Stoke-on-Trent 022D,Formal action is not in the public interest
24051934e69dc9918853704ffbf738bd8bca0724fdccc5904616e192024b024b,2021-10,Staffordshire Police,Staffordshire Police,-1.674027,52.624880,On or near NAPIER,E01029825,Tamworth 006A,Unable to prosecute suspect
b5547bb0e2cdfc7341f019b2cf599870a48bb76c931e1d0a31199019f70e6a3d,2021-10,Staffordshire Police,Staffordshire Police,-1.649998,52.844329,On or near ELIZABETH AVENUE,E01029444,East Staffordshire 004B,Investigation complete; no suspect identified
9af53f7019c3f62bcef8fc1b37c906a32b05070a0749e6141cf52380148af179,2021-10,Staffordshire Police,Staffordshire Police,-2.121474,52.979783,On or near ROTHESAY ROAD,E01014307,Stoke-on-Trent 029C,Investigation complete; no suspect identified
0a2a4953a8f958c7486684e4af0ddcd8f7d5868c86a4612fcbd852a340746292,2021-10,Staffordshire Police,Staffordshire Police,-1.649393,52.830933,On or near HAREHEDGE LANE,E01029466,East Staffordshire 004F,Unable to prosecute suspect
2e45a51c661cf9d016f7eedb50e063e4232b34ac1dfeb4792190ddda706907b9,2021-10,Staffordshire Police,Staffordshire Police,-2.222144,52.445142,On or near DARK LANE,E01029649,South Staffordshire 014A,Investigation complete; no suspect identified
8805b9e9acd40c96893a4d05395c1e85ddaa6b4dbf95e3974d9add8fcc9202c0,2021-10,Staffordshire Police,Staffordshire Police,-2.131125,52.989472,On or near BATHURST STREET,E01014302,Stoke-on-Trent 022D,Investigation complete; no suspect identified
120729e916ec7f2e04313ca2b1ab33784c780097af5ad7bb41884ec4e735bd1a,2021-10,Staffordshire Police,Staffordshire Police,-1.810460,52.691629,On or near HERMES ROAD,E01029525,Lichfield 005G,Investigation complete; no suspect identified
b677421325c99d5374871c0d132a3ab6f2716f053b002ad4635814e934d3a344,2021-10,Staffordshire Police,Staffordshire Police,-2.202887,52.592431,On or near Pedestrian Subway,E01029664,South Staffordshire 011B,Investigation complete; no suspect identified
11edc0b64071585062ef4fb436268885d5b10b2942536e37d5a411e613b5207d,2021-10,Staffordshire Police,Staffordshire Police,-2.000150,52.710883,On or near Parking Area,E01029389,Cannock Chase 005D,Investigation complete; no suspect identified
4b3eefefb583b9c1a81d2e09a1a0e948bc20440241941d8586790699e7d60e72,2021-10,Staffordshire Police,Staffordshire Police,-2.266584,53.014092,On or near ABBEY STREET,E01029594,Newcastle-under-Lyme 012C,Unable to prosecute suspect
88fead72c419c4edc0c74c268bfb03a90675e0ed3b76f60b3cd5112b2d462b1e,2021-10,Staffordshire Police,Staffordshire Police,-1.684871,52.676250,On or near WINTERDYNE LANE,E01029516,Lichfield 008A,Local resolution
3e05be17b93d1a1ad8d3569bcd58e7ac996203a69acc54c3f82f85698cdc5599,2021-10,Staffordshire Police,Staffordshire Police,-2.079279,52.930109,On or near BALAAM'S LANE,E01029683,Stafford 002C,Investigation complete; no suspect identified
fd1558bbe193ccaa3f8e50cb169a6a688473a229c0e5622b82cf896b00787a3c,2021-10,Staffordshire Police,Staffordshire Police,-1.826625,52.984376,On or near B5032,E01029467,East Staffordshire 001E,Investigation complete; no suspect identified
ac929be4bab1ac8052816f2245767f559f7591612c67f19dc269226541396162,2021-10,Staffordshire Police,Staffordshire Police,-2.191643,53.061663,On or near EAMONT AVENUE,E01014242,Stoke-on-Trent 006B,Investigation complete; no suspect identified
f91f56e741549d797255ef7d454838ae0d4922a845f1924ec57b8ed515d69d5c,2021-10,Staffordshire Police,Staffordshire Police,-1.944079,52.689519,On or near LITTLETON WAY,E01029495,Lichfield 006D,Investigation complete; no suspect identified
1477e93f9f8726d09fdfa2f7cd50c6e2b022d3c42fe651ba0f4035f9363f3ff7,2021-10,Staffordshire Police,Staffordshire Police,-2.179643,53.093251,On or near CHILDERPLAY ROAD,E01029771,Staffordshire Moorlands 004B,Investigation complete; no suspect identified
e9b546355f577b1cdc96ab946082211270251f4c0de900a767e0f6f671fe3a73,2021-10,Staffordshire Police,Staffordshire Police,-2.175209,52.994386,On or near AINSWORTH STREET,E01014277,Stoke-on-Trent 020D,Unable to prosecute suspect
1821adb618856a847aa0f084423c76f46a1293deabbb1530e0749f5540d431a8,2021-10,Staffordshire Police,Staffordshire Police,-2.222661,52.710269,On or near COACH GARDENS,E01029669,South Staffordshire 003D,Investigation complete; no suspect identified
58d2175ab33977195cb180251fe6ae2d5c4d66dc77b1d83dd5d5d52f4d9512e5,2021-10,Staffordshire Police,Staffordshire Police,-2.105028,52.793980,On or near VAUBAN DRIVE,E01029734,Stafford 016C,Unable to prosecute suspect
13d8d8223fa8b3322f2f056dc11657070b6bbfa598fe98a564eade0825d62c32,2021-10,Staffordshire Police,Staffordshire Police,-2.166288,53.033835,On or near MOSTON STREET,E01014323,Stoke-on-Trent 013A,Formal action is not in the public interest
d4209e4963dfa5e9a74de38452c764872d9af64c08e68bdb99c93a317959a510,2021-10,Staffordshire Police,Staffordshire Police,-1.643306,52.820200,On or near CRAVEN STREET,E01029436,East Staffordshire 007C,Unable to prosecute suspect
50dff942ff73c5a46bd9cc7e70c4cddbd50f712c9eef1fc342eb0e87db836b0e,2021-10,Staffordshire Police,Staffordshire Police,-1.682455,52.601377,On or near OLD HEDGING LANE,E01029861,Tamworth 009B,Investigation complete; no suspect identified
e6c11e221f96d0517dfb56ddf33f365401c8245f29845f1731b19cb0cbc4146e,2021-10,Staffordshire Police,Staffordshire Police,-1.684849,52.646413,On or near ARKALL CLOSE,E01029854,Tamworth 001F,Unable to prosecute suspect
2206e995c5239b7b809e1110388578ba7605f6ef0c7f5749cc436e74f5d5434f,2021-10,Staffordshire Police,Staffordshire Police,-2.108113,52.972955,On or near DALEHEAD COURT,E01014316,Stoke-on-Trent 031C,Investigation complete; no suspect identified
f01788bc2c19d598d1bd8b6d5388408481aaa9e8fe57d231beca0d20cd7bf048,2021-10,Staffordshire Police,Staffordshire Police,-1.842277,52.718482,On or near TEWNALS LANE,E01029509,Lichfield 002D,Investigation complete; no suspect identified
cf1cc723e037909497b3604ccd0ba5ebb6dfee187272ce2d3829ac9b8168ccae,2021-10,Staffordshire Police,Staffordshire Police,-2.084658,52.972094,On or near ASH GROVE,E01029702,Stafford 001A,Unable to prosecute suspect
295c44f6e0774147fd4e0d04ae5a931e49dbf457d4bb2f65cb6def4a442eff85,2021-10,Staffordshire Police,Staffordshire Police,-2.241832,53.089599,On or near NORFOLK ROAD,E01029564,Newcastle-under-Lyme 002C,Unable to prosecute suspect
82b4ee36e700e231845e44cc9f7233118b3d32862eca033868155bb80201e5f2,2021-10,Staffordshire Police,Staffordshire Police,-2.188534,52.999049,On or near EMPIRE PASSAGE,E01014340,Stoke-on-Trent 019D,Action to be taken by another organisation
182e98b9c2f270eeb6049a41e8fd6e41abc4ae031943f4eb083d81cd8d0dca8e,2021-10,Staffordshire Police,Staffordshire Police,-1.640071,52.827426,On or near ST MARK'S ROAD,E01029437,East Staffordshire 007D,Action to be taken by another organisation
f69f0f6eb144d5b549c71e52c40130d56e660c6a15570bfcbb3f1db1f30e892b,2021-10,Staffordshire Police,Staffordshire Police,-2.101345,52.982436,On or near THE GRANGE,E01014321,Stoke-on-Trent 028A,Investigation complete; no suspect identified
d23c3e374377113dbcdcab6a0c283de39c2d5b229083b185d96c96d28dbf208b,2021-10,Staffordshire Police,Staffordshire Police,-2.128456,53.013629,On or near Supermarket,E01014222,Stoke-on-Trent 017C,Investigation complete; no suspect identified
58dbb9dde474ddc9e49dba647867e86d9f8b532c6122d4b5c1107cb83e2e5d5c,2021-10,Staffordshire Police,Staffordshire Police,-2.205246,52.991435,On or near ALLENBY SQUARE,E01014342,Stoke-on-Trent 023C,Unable to prosecute suspect
969fbde8bef2029d759d07e97e448f34b30a2fa1acc740cabb453298f9a7999f,2021-10,Staffordshire Police,Staffordshire Police,-2.128456,53.013629,On or near Supermarket,E01014222,Stoke-on-Trent 017C,Investigation complete; no suspect identified
75b80382a8c7cba21b71c8bc315a3c4b3eb5c6fb460830bb618bdc16bd3524e8,2021-10,Staffordshire Police,Staffordshire Police,-1.888414,52.808709,On or near WATERS ROAD,E01029411,East Staffordshire 006A,Investigation complete; no suspect identified
e5085bebef54c094c8186c6d1195e14bb4e8ad23b3c7291135c75e469c8fbd8a,2021-10,Staffordshire Police,Staffordshire Police,-2.189162,53.070899,On or near ECCLESTON PLACE,E01014262,Stoke-on-Trent 003B,Investigation complete; no suspect identified
b96c38133612850f8131eb86ec139800d9ff1ba64a97e388a2d2d8638766efbb,2021-10,Staffordshire Police,Staffordshire Police,-2.241330,53.042542,On or near BAINS GROVE,E01029538,Newcastle-under-Lyme 006B,Investigation complete; no suspect identified
fc8398fd5328d54bd5873bd29b785b39ec7dc071f440e87abb42b4ee86e98203,2021-10,Staffordshire Police,Staffordshire Police,-2.158792,52.974292,On or near ELLERBY ROAD,E01014237,Stoke-on-Trent 032C,Investigation complete; no suspect identified
86e5b12c2354fcb0b96c72df740743ea4fe92114815db2aa52ed6e7e8db85554,2021-10,Staffordshire Police,Staffordshire Police,-2.080252,52.813048,On or near WESTON ROAD,E01029732,Stafford 011E,Offender given a caution
ebb5c11833a65a9240d91a0c1b7480420c4a9e047789966c07567dc0150fd8ec,2021-10,Staffordshire Police,Staffordshire Police,-1.649652,52.806069,On or near THE GRANGE,E01029448,East Staffordshire 009D,Unable to prosecute suspect
6c411faf921cca3142061a3d74ef6dc3768a7616742d36bb50e388e7c929a82c,2021-10,Staffordshire Police,Staffordshire Police,-1.663181,52.619438,On or near GRESLEY,E01029840,Tamworth 007A,Investigation complete; no suspect identified
0837ffe485ba1a899b70baa65b104ceba5ab34eeeab575fe300a08b4e3898db6,2021-10,Staffordshire Police,Staffordshire Police,-2.221697,53.035947,On or near DORRINGTON GROVE,E01029584,Newcastle-under-Lyme 008B,Unable to prosecute suspect
64e50486452464227e98298a0eb3a305739711bfb914580453ea94d35fbadd70,2021-10,Staffordshire Police,Staffordshire Police,-1.915100,52.679793,On or near DALE DRIVE,E01029475,Lichfield 009A,Unable to prosecute suspect
0a353fbd58a3b378c1da4195ecd65282094a4534a0140270bcd03fcbf0ddddd9,2021-10,Staffordshire Police,Staffordshire Police,-2.190396,52.998894,On or near VINEBANK STREET,E01014345,Stoke-on-Trent 019E,Investigation complete; no suspect identified
d231aaad96e7a159dfa06336948e6da7e5dcac06986fbeaf2d9f711d2837db17,2021-10,Staffordshire Police,Staffordshire Police,-2.217801,52.996626,On or near LILLESHALL AVENUE,E01029551,Newcastle-under-Lyme 014B,Investigation complete; no suspect identified
d26033cd8e1c51c0c999d3653e29eb1e7e29efc199670c9caf7d5b162e8102ae,2021-10,Staffordshire Police,Staffordshire Police,-2.025137,52.689098,On or near Supermarket,E01029360,Cannock Chase 012B,Investigation complete; no suspect identified
e811f72130cc6b7c24d329ae43d8cab406d847a07f929e20974820f2b49db0b8,2021-10,Staffordshire Police,Staffordshire Police,-1.711170,52.644368,On or near COMPTON ROAD,E01029848,Tamworth 001C,Unable to prosecute suspect
e513dd279182c40c5dd9e55eada373462c28bcb80f2fdb9c22ca8f8abfef85c0,2021-10,Staffordshire Police,Staffordshire Police,-2.025137,52.689098,On or near Supermarket,E01029360,Cannock Chase 012B,Investigation complete; no suspect identified
c119a0102b1fc5d0923af8e11a9ff17b7161b5f01c797be6ae3fbb26f032e3e1,2021-10,Staffordshire Police,Staffordshire Police,-1.991305,52.983234,On or near THE BIRCHES,E01029787,Staffordshire Moorlands 011D,Unable to prosecute suspect
abdfb8063c700e2a18b02a9b1d50ee9e58ed6909a02d23ecf27b584e1d1127e0,2021-10,Staffordshire Police,Staffordshire Police,-1.867694,52.900154,On or near SHORT STREET,E01029462,East Staffordshire 003D,Investigation complete; no suspect identified
56ba1bec851c61dbd832dccaee7dfe71873ba0f2cb465b942e0658848ae7fa52,2021-10,Staffordshire Police,Staffordshire Police,-2.225244,53.009773,On or near Nightclub,E01029604,Newcastle-under-Lyme 011E,Local resolution
7cd4c1f54590cddff7b8f30559f9b38fa1f2c6680ef0d82eb5ac6bc8a13e602a,2021-10,Staffordshire Police,Staffordshire Police,-1.713529,52.615849,On or near BOURNE AVENUE,E01029503,Lichfield 012C,Offender given a caution
d91b3434a99328fddef3a66ea24b329b0449a15c1c490b13e1b0e2ff90cc60f5,2021-10,Staffordshire Police,Staffordshire Police,-1.643131,52.812648,On or near Supermarket,E01029447,East Staffordshire 009C,Action to be taken by another organisation
f1d15740388299b1a3a3ff8280108c5eccfd8b21b0001e6273ab04ff3a289a69,2021-10,Staffordshire Police,Staffordshire Police,-1.751187,52.731424,On or near BROOMHALLS CROFT,E01029477,Lichfield 002A,Unable to prosecute suspect
f0bd211744c4857429cc487d2c4b3e8c1ac6a3e44932f01cededc5b483c32cf3,2021-10,Staffordshire Police,Staffordshire Police,-2.122809,53.003837,On or near BRATTICE PLACE,E01014229,Stoke-on-Trent 017F,Unable to prosecute suspect
9f3055e7803313f657e2a4d172d84c2cc2ee79ecd24bb88c4d0b1d4795524060,2021-10,Staffordshire Police,Staffordshire Police,-1.979777,52.691733,On or near CROSS STREET,E01029381,Cannock Chase 009B,Unable to prosecute suspect
710155bbc5dd53eb868e73328da46ed44d002cb147eb8a37f1b0eaaaba7aac22,2021-10,Staffordshire Police,Staffordshire Police,-1.663895,52.632386,On or near SHEEPCOTE LANE,E01029823,Tamworth 004A,Further action is not in the public interest
6f2ff98fbcb87b8f599d4de7f38239423817518b60398bbcd6725728f0ef9260,2021-10,Staffordshire Police,Staffordshire Police,-2.163716,52.972937,On or near KEARSLEY WAY,E01014237,Stoke-on-Trent 032C,Unable to prosecute suspect
36008f413ff7596aa66e10680dfeb5d89363f5bfd0805abc899313ba07c0d5c8,2021-10,Staffordshire Police,Staffordshire Police,-2.194468,52.973349,On or near TURNBERRY DRIVE,E01014348,Stoke-on-Trent 030B,Investigation complete; no suspect identified
c814ebf94739cab5afccf577b03cb8d99c31a83423aa3452bde40a9b8e8e7b29,2021-10,Staffordshire Police,Staffordshire Police,-2.068465,52.968086,On or near SWAN PASSAGE,E01029702,Stafford 001A,Investigation complete; no suspect identified
374189de152282dad287261a3840734901098fbf41116e0c7b9f52c2232fbf02,2021-10,Staffordshire Police,Staffordshire Police,-1.980764,52.667371,On or near BUTTS CLOSE,E01029395,Cannock Chase 013B,Action to be taken by another organisation
0335319f31d37b3898482bd080690d888a60d26b82639b5322566f1c990b07ea,2021-10,Staffordshire Police,Staffordshire Police,-2.165577,52.976683,On or near TILERY LANE,E01014234,Stoke-on-Trent 026B,Investigation complete; no suspect identified
ee4ae98e070328a6bdae149931a775c067b74e090e14b301b41e8eabfd6f28d3,2021-10,Staffordshire Police,Staffordshire Police,-1.951624,52.770069,On or near CAMBRIAN LANE,E01029371,Cannock Chase 001D,Investigation complete; no suspect identified
6d3c90bff5df156352eeb3f495e2e4192639a802dfbdf5bcd3ad64cfad5a8754,2021-10,Staffordshire Police,Staffordshire Police,-2.027872,53.098346,On or near JUNCTION ROAD,E01029811,Staffordshire Moorlands 005C,Investigation complete; no suspect identified
9fa992bd24c8f98079e86a41e234e5a218df6927ce687e7a481448f1cce15a65,2021-10,Staffordshire Police,Staffordshire Police,-1.649472,52.617807,On or near Parking Area,E01029859,Tamworth 007E,Unable to prosecute suspect
40037ce7f04b897b47f9194cb023d7b24118c648f83fabe20d71d6e6f4efa9ea,2021-10,Staffordshire Police,Staffordshire Police,-2.148691,52.994611,On or near BISHOP STREET,E01014279,Stoke-on-Trent 020E,Investigation complete; no suspect identified
f0e8e42e40facd2d996de4bad03a9507408e7204683e486a776c15d2432702d1,2021-10,Staffordshire Police,Staffordshire Police,-2.147280,52.987044,On or near THANET GROVE,E01014313,Stoke-on-Trent 027D,Investigation complete; no suspect identified
cb94f9f95870141d742c97bfd66662935bd36f7c5b6d0d6016498162ccf81d27,2021-10,Staffordshire Police,Staffordshire Police,-2.184441,53.049018,On or near MACCLESFIELD STREET,E01014248,Stoke-on-Trent 006F,Investigation complete; no suspect identified
df439084ebfcd82f1e1ca6e5b50915251290d0846bdc15eb782b4526ed5cc05f,2021-10,Staffordshire Police,Staffordshire Police,-2.130827,52.979567,On or near ERSKINE STREET,E01014306,Stoke-on-Trent 029B,Investigation complete; no suspect identified
479c3e23947228fb0339b447861bb1e970c943e312a0e916cb3bc50219e3c9c0,2021-10,Staffordshire Police,Staffordshire Police,-2.206594,53.039722,On or near NAVIGATION STREET,E01014255,Stoke-on-Trent 009E,Investigation complete; no suspect identified
23d80e6a543b5d6ad08f36831e847022f33fc1f0fbd2fc320191a15544dce101,2021-10,Staffordshire Police,Staffordshire Police,-2.210113,53.005863,On or near ASHLANDS GROVE,E01014289,Stoke-on-Trent 018B,Formal action is not in the public interest
0287fcce749d93cc30f36347925aff64f0d46402d6f1ef3f2254ea14fc02758d,2021-10,Staffordshire Police,Staffordshire Police,-1.928274,52.673905,On or near PINE GROVE,E01029496,Lichfield 010A,Investigation complete; no suspect identified
11513ae37352868ae99cdf970514f2e472fcae50ea1fdbd793edb6819f734a99,2021-10,Staffordshire Police,Staffordshire Police,-2.111664,52.779528,On or near GARTH ROAD,E01029729,Stafford 016B,Unable to prosecute suspect
8ba04539c93a2f3933d5f71febfdf48e672de4af17ffb0b1f4290a55adc1f094,2021-10,Staffordshire Police,Staffordshire Police,-2.116721,52.978961,On or near FRENCHMORE GROVE,E01014322,Stoke-on-Trent 031E,Investigation complete; no suspect identified
23a79c83368dcf278755371ce14fbcb5fe2f789ced2aa75d0b7a1db3a8115e8c,2021-10,Staffordshire Police,Staffordshire Police,-1.836521,52.693960,On or near PIPERS CROFT,E01029491,Lichfield 007A,Further action is not in the public interest
6de20359b8e84547eb65e53c2ccf94c5792db6fda4695f043dfceb993f4e969f,2021-10,Staffordshire Police,Staffordshire Police,-2.162868,52.988903,On or near GWENYS CRESCENT,E01014239,Stoke-on-Trent 026C,Investigation complete; no suspect identified
b16302bef11e3ce531c9bc9d823486daf6653e57fc06395f7368a2fca16be926,2021-10,Staffordshire Police,Staffordshire Police,-1.597316,52.806290,On or near CANTERBURY ROAD,E01029468,East Staffordshire 010A,Unable to prosecute suspect
8de93ded4d4d0415c297c53a0bab291ca18fd574488324d1c9b8dd10ca09c14c,2021-10,Staffordshire Police,Staffordshire Police,-1.862410,52.897784,On or near BRIDGE STREET,E01029460,East Staffordshire 003B,Investigation complete; no suspect identified
77ddfd8569610a6d44e444fed729d7f9bc4209e84ace77940463e847d9ba49af,2021-10,Staffordshire Police,Staffordshire Police,-1.918197,53.001697,On or near ROSE BANK CRESCENT,E01029795,Staffordshire Moorlands 010C,Unable to prosecute suspect
e05effa67115c5efdb1bc71486f7455675f71a3e770cbc473d2d3627cc29723d,2021-10,Staffordshire Police,Staffordshire Police,-2.126284,53.010036,On or near HOUSEFIELD ROAD,E01014224,Stoke-on-Trent 017E,Unable to prosecute suspect
fc495184826570c602751c969dcc6cf261b2d513db739ed5fa976a87fe753d6e,2021-10,Staffordshire Police,Staffordshire Police,-2.189162,53.070899,On or near ECCLESTON PLACE,E01014262,Stoke-on-Trent 003B,Investigation complete; no suspect identified
c794a6091167859a75be5c70f885b6898f67bd9a0f05357b2fb4be6c29428799,2021-10,Staffordshire Police,Staffordshire Police,-2.209408,53.001846,On or near GRINDLEY HILL COURT,E01014294,Stoke-on-Trent 018F,Investigation complete; no suspect identified
097a4ae0c0a604ab8602c7ca8687dd979412cd299a86c8034d6d4d98e25f250c,2021-10,Staffordshire Police,Staffordshire Police,-2.190266,53.016755,On or near CASTLEFIELD STREET,E01014281,Stoke-on-Trent 015A,Further action is not in the public interest
c697f2a759a2fe2385f57d2886f491bfd2056ae562f1674fd73d6355fcfd28ab,2021-10,Staffordshire Police,Staffordshire Police,-1.917942,52.678717,On or near FRANKLIN DRIVE,E01029528,Lichfield 010C,Unable to prosecute suspect
905e0898b5bf64498f17a6cbb14a80bc1e147b2bb226efbe4595204b52227981,2021-10,Staffordshire Police,Staffordshire Police,-2.104657,52.978703,On or near EAST GROVE,E01014321,Stoke-on-Trent 028A,Investigation complete; no suspect identified
8cb5498cb09334353ba4323eb34e66bf4f77f8df83aaeb8836213620957bf1cb,2021-10,Staffordshire Police,Staffordshire Police,-1.677851,52.788125,On or near TATENHILL LANE,E01029416,East Staffordshire 013D,Investigation complete; no suspect identified
b04c5badde67b24fb874325a1b7d3f5d89017b63070d2fe8042f52db84023832,2021-10,Staffordshire Police,Staffordshire Police,-2.018465,52.689037,On or near Park/Open Space,E01029353,Cannock Chase 011A,Investigation complete; no suspect identified
277cb2b5eb1a37743e92f76bbcd34fcb9e8c7d24e677eb3015a508124b04dd07,2021-10,Staffordshire Police,Staffordshire Police,-2.181780,53.061858,On or near SOUTHBOROUGH CRESCENT,E01014333,Stoke-on-Trent 003D,Investigation complete; no suspect identified
4ef853bf0ea4ae2a33978a04af4f0dc983bc6c9270e2895468a96293b613ab9f,2021-10,Staffordshire Police,Staffordshire Police,-2.181123,53.004877,On or near GLEBE STREET,E01014293,Stoke-on-Trent 019A,Investigation complete; no suspect identified
102218b049abede3b19587c8313449700eb163cb914c0a13ad62a9b3c52b1db2,2021-10,Staffordshire Police,Staffordshire Police,-1.689851,52.632897,On or near SAXON MILL LANE,E01029838,Tamworth 005C,Investigation complete; no suspect identified
123327ccc817a2dd28a721d2818dd7ec842db8a313143dee7238b82d6d8e0b92,2021-10,Staffordshire Police,Staffordshire Police,-2.141123,52.990315,On or near Petrol Station,E01014302,Stoke-on-Trent 022D,Investigation complete; no suspect identified
8a4a328137247516834282d4c8cd307da0304481d5cf23e196e4f082c3f5fe79,2021-10,Staffordshire Police,Staffordshire Police,-1.683273,52.614846,On or near SPRINGFIELD ROAD,E01029863,Tamworth 009D,Investigation complete; no suspect identified
a9c85310e678fc7040400053dd6f432b283ec420c514139835aafe49a6428036,2021-10,Staffordshire Police,Staffordshire Police,-2.225027,53.011076,On or near Shopping Area,E01029604,Newcastle-under-Lyme 011E,Unable to prosecute suspect
96ccd5b784495b5f0c28cf6751c366cfbfed427b85228adc9bffd2b0a4d8b704,2021-10,Staffordshire Police,Staffordshire Police,-2.100554,52.988145,On or near WESTON ROAD,E01014365,Stoke-on-Trent 024C,Unable to prosecute suspect
4ce007f52e28cb4186ab2627b4d293254622b09b26c111abb02d0798d3a24c0e,2021-10,Staffordshire Police,Staffordshire Police,-2.099680,52.964765,On or near JUNIPER CLOSE,E01014320,Stoke-on-Trent 033D,Investigation complete; no suspect identified
7580a50f213789f75a4e4be455109aaee149d82c6b72df8486cca80a2bc4d22e,2021-10,Staffordshire Police,Staffordshire Police,-1.711998,52.648810,On or near BROWNING CLOSE,E01029846,Tamworth 001A,Unable to prosecute suspect
b13dfd140b0e7fcfe7ed6b64bfa28a08628c162aa3b3ca5ba7d33134b71cef16,2021-10,Staffordshire Police,Staffordshire Police,-1.694341,52.635273,On or near Parking Area,E01029835,Tamworth 002A,Investigation complete; no suspect identified
e6023da414bbeed36c19fa0ee9042519a1ef7bd1c5f4abcadb4cb3bab5e0c177,2021-10,Staffordshire Police,Staffordshire Police,-2.040108,52.703918,On or near STALEY CROFT,E01029648,South Staffordshire 002D,Unable to prosecute suspect
9f81ac731c1b444eccf0dbb58238157aac13d98e22f35355227895dda7106823,2021-10,Staffordshire Police,Staffordshire Police,-2.195760,52.979280,On or near NIALL ROAD,E01014353,Stoke-on-Trent 030D,Investigation complete; no suspect identified
4f15afc0421310df2adba2c704d190ee82daf691d6b873048b72554ec02026e0,2021-10,Staffordshire Police,Staffordshire Police,,,No location,,,Further action is not in the public interest
6314e1b441b91cd7e479178aa5df944247d46efba14713b70d15bf83685c92fb,2021-10,Staffordshire Police,Staffordshire Police,-2.165765,53.060794,On or near BURNETT PLACE,E01014331,Stoke-on-Trent 004A,Unable to prosecute suspect
1577ed617bc94412efc4aee4542582507905dee8d90a6624561528fc32a164ab,2021-10,Staffordshire Police,Staffordshire Police,-1.796722,52.683794,On or near TITAN WAY,E01029484,Lichfield 005B,Investigation complete; no suspect identified
b012003c9f59803f97075788c8f6403b1a7df073aa7cdfb8211605d7361576fd,2021-10,Staffordshire Police,Staffordshire Police,-2.168167,53.110401,On or near WICKENSTONES COURT,E01029765,Staffordshire Moorlands 003C,Investigation complete; no suspect identified
b013f941f5483d4f36ad24ff2aef128cbc4be92e07508beb52fa490e039be01b,2021-10,Staffordshire Police,Staffordshire Police,-2.187054,53.001245,On or near Petrol Station,E01014345,Stoke-on-Trent 019E,Investigation complete; no suspect identified
f2ed1f7d8d74aaf7d68726b42364b8e7a73a71c6b2c3ab342f68f7f3096b619e,2021-10,Staffordshire Police,Staffordshire Police,-1.984211,52.993580,On or near Sports/Recreation Area,E01029782,Staffordshire Moorlands 010B,Further action is not in the public interest
8436bb297526f4ed2bdc1cb791e3a12e39cdaccd7d393081e508cb850f4e279d,2021-10,Staffordshire Police,Staffordshire Police,-2.017607,52.725013,On or near BROADHURST CLOSE,E01029383,Cannock Chase 004A,Investigation complete; no suspect identified
7b5e3d1250491eacee0c939b7979e959cec32c15c37fb7724c46672fdadddf13,2021-10,Staffordshire Police,Staffordshire Police,-1.658818,52.637306,On or near BEXHILL DRIVE,E01029822,Tamworth 003C,Investigation complete; no suspect identified
9fc22df3234412f4958fa019deccc7cc3ad88db0f036cd76c26ba453263485ba,2021-10,Staffordshire Police,Staffordshire Police,-2.000150,52.710883,On or near Parking Area,E01029389,Cannock Chase 005D,Investigation complete; no suspect identified
5a612ee6c20544b1197b5692f04d9be6beaa0df257413e4a7f42d407f61c1173,2021-10,Staffordshire Police,Staffordshire Police,-2.049167,52.679220,On or near WOLVERHAMPTON ROAD,E01029361,Cannock Chase 012C,Unable to prosecute suspect
4abb2c8fb64b9eab093e60a60905b27cac8aff9ec0b9bf6258c27f60b2f59645,2021-10,Staffordshire Police,Staffordshire Police,-2.212819,53.062067,On or near MADISON COURT,E01014361,Stoke-on-Trent 005D,Unable to prosecute suspect
1dd318bac8e218e8f0960030e4773291b6cb95aeb0b1cc4c87bf6e2563d53506,2021-10,Staffordshire Police,Staffordshire Police,-2.000150,52.710883,On or near Parking Area,E01029389,Cannock Chase 005D,Investigation complete; no suspect identified
6981612ccde09744237715d58a5ea73fb799a35a2021af49dbeae33f5721b0e5,2021-10,Staffordshire Police,Staffordshire Police,-2.240595,53.033896,On or near Sports/Recreation Area,E01029559,Newcastle-under-Lyme 007C,Investigation complete; no suspect identified
00338c79024be1bd82a0f5fe1fb751c001ec5c51b8c2e412eb14424ab6b6b88e,2021-10,Staffordshire Police,Staffordshire Police,-2.169493,53.014620,On or near EGERTON STREET,E01033216,Stoke-on-Trent 016G,Local resolution
3980f50302670578f5d19467b5efb0d5e0d95b4c4e42fbdf56b4b6ad1e6d82bb,2021-10,Staffordshire Police,Staffordshire Police,-2.115960,52.806277,On or near ST CHAD'S PLACE,E01029701,Stafford 010E,Investigation complete; no suspect identified
a615c707ba8a9b4388d815c262af203cad218dc3d52d36d92b5df4dee5c90b3d,2021-10,Staffordshire Police,Staffordshire Police,-2.164259,53.068742,On or near BOWYER AVENUE,E01014337,Stoke-on-Trent 004E,Unable to prosecute suspect
a655f2501722ac04b787df8e266f81dacebb7970096b0e5d2f36583d1309a5bb,2021-10,Staffordshire Police,Staffordshire Police,-2.222661,52.710269,On or near COACH GARDENS,E01029669,South Staffordshire 003D,Investigation complete; no suspect identified
eb73393dbcaccbc9fb353dadf66da47a540a7a99462e91225d94d05ede4e90e8,2021-10,Staffordshire Police,Staffordshire Police,-2.148793,52.902948,On or near NEWCASTLE STREET,E01029745,Stafford 003C,Investigation complete; no suspect identified
d4fa5991b747dedcbbca9a81a0ada95b8c0cb93207766a84447d0c4f94425ec7,2021-10,Staffordshire Police,Staffordshire Police,-1.675900,52.633345,On or near JESSOP DRIVE,E01029834,Tamworth 004D,Investigation complete; no suspect identified
bd80ccbf440fe58bbd2af608bb6965782e1f0efeef6661aa70d455ddefcfb483,2021-10,Staffordshire Police,Staffordshire Police,-2.154053,52.898015,On or near CHURCHILL ROAD,E01029756,Stafford 003F,Unable to prosecute suspect
c732b4dbd9d8aa5ef01fe9ddef2c2873fd9f0d339690da87d31c76e029073344,2021-10,Staffordshire Police,Staffordshire Police,-2.045208,52.712582,On or near VIOLET CLOSE,E01029647,South Staffordshire 002C,Investigation complete; no suspect identified
31593f98304279b515656c97f37405bb88b23f1e5130af03f2841b416448cca4,2021-10,Staffordshire Police,Staffordshire Police,-1.666169,52.793594,On or near SPINNEY ROAD,E01029413,East Staffordshire 013A,Formal action is not in the public interest
57ae8db3f4133ca549218236ba7894f9a8059ebe99bbb7a527af58ab5ed55dd2,2021-10,Staffordshire Police,Staffordshire Police,-2.098887,52.995320,On or near ENGLESEA AVENUE,E01014369,Stoke-on-Trent 024D,Investigation complete; no suspect identified
f403acb31525a15fb005bbcdd61e6c08e9948d90fcfd90f52e220c6a1737e8a0,2021-10,Staffordshire Police,Staffordshire Police,-2.196532,52.978658,On or near FLORENCE ROAD,E01014353,Stoke-on-Trent 030D,Suspect charged
237b01a37924a77a234bd413be991c9bd5ffe7a644d6655f5c57c63f807ec21f,2021-10,Staffordshire Police,Staffordshire Police,-1.928752,52.753023,On or near SPRINGFIELD AVENUE,E01029345,Cannock Chase 003A,Unable to prosecute suspect
9f8107f073c9b0e5af45a967fe0cad587b1acd37752a782c7411a227aca64334,2021-10,Staffordshire Police,Staffordshire Police,,,No location,,,Investigation complete; no suspect identified
677ee10d73502654ba54a8ed9f9c542288de6950d805dbca81ef65d4269e7256,2021-10,Staffordshire Police,Staffordshire Police,-2.139641,52.992582,On or near RILL STREET,E01014278,Stoke-on-Trent 021B,Suspect charged
871c7009cfd48054356943555a606a02a98fe00035303905ba7e7501c63107b3,2021-10,Staffordshire Police,Staffordshire Police,-2.167731,53.040521,On or near MILTON ROAD,E01014270,Stoke-on-Trent 008D,Unable to prosecute suspect
b79dc2784a5985df3eacb3c76b7cfcfead79076dbfd58afeb29641492a3bb675,2021-10,Staffordshire Police,Staffordshire Police,-1.945225,52.767154,On or near SCHOOL ROAD,E01029372,Cannock Chase 002A,Offender given a caution
3b36a9ebbca1e22ac158967315e5a20be5b1d4abbe55e77a512db394f36605c6,2021-10,Staffordshire Police,Staffordshire Police,-1.591061,52.805756,On or near CALGARY CRESCENT,E01029472,East Staffordshire 010E,Investigation complete; no suspect identified
ebda468639741f5c912a2dd06c20e177cc6c237f282a1cd61ac241a8adc53cae,2021-10,Staffordshire Police,Staffordshire Police,-1.834435,52.686037,On or near BEACON MEWS,E01032899,Lichfield 004F,Investigation complete; no suspect identified
e12b52de450abf3a95b1c18e23cd763d83bb665069532fd6f5897f84ffc1b673,2021-10,Staffordshire Police,Staffordshire Police,-2.118456,52.813187,On or near LLOYD STREET,E01029701,Stafford 010E,Investigation complete; no suspect identified
4b2777296e6ed59ec8f9445098eacb3602a32f652fc9115a7918a8ecfbf2fa1c,2021-10,Staffordshire Police,Staffordshire Police,-1.648705,52.814984,On or near PAVILION GROVE,E01029446,East Staffordshire 009B,Unable to prosecute suspect
4d33e12820b90ba81eca2f7dbef97e0afdaffe2d8c599c5a5bbcf72d9b7b4613,2021-10,Staffordshire Police,Staffordshire Police,-2.025397,53.106337,On or near Parking Area,E01029804,Staffordshire Moorlands 005A,Investigation complete; no suspect identified
1501198e8eb5f33e570b15444051f66434253f0166bd34969ae4be203eafefff,2021-10,Staffordshire Police,Staffordshire Police,-2.148793,52.902948,On or near NEWCASTLE STREET,E01029745,Stafford 003C,Unable to prosecute suspect
cfa0e415410ba958d4be9f3ee60d5fd1dc405359b99dd8a131fe96c06fe17485,2021-10,Staffordshire Police,Staffordshire Police,-2.090807,52.978894,On or near DENEWOOD PLACE,E01014367,Stoke-on-Trent 028C,Unable to prosecute suspect
72c5d781413a95275c056da4e263bac9a27ebf4298a26fd6e58cfb75fe94d55e,2021-10,Staffordshire Police,Staffordshire Police,-2.141273,53.049859,On or near Supermarket,E01014265,Stoke-on-Trent 007D,Investigation complete; no suspect identified
5c8dcc4983e5c17c0d1afa481901d459cff2dd9a6d431142b5a4beb123111521,2021-10,Staffordshire Police,Staffordshire Police,-2.113072,52.716519,On or near BOSCOMOOR COURT,E01029658,South Staffordshire 001D,Local resolution
5c8dcc4983e5c17c0d1afa481901d459cff2dd9a6d431142b5a4beb123111521,2021-10,Staffordshire Police,Staffordshire Police,-2.113072,52.716519,On or near BOSCOMOOR COURT,E01029658,South Staffordshire 001D,Local resolution
f7c99bf1ab8473872144cafb18e07e142760e86c8f6e5f841d2c0dac88fe3015,2021-10,Staffordshire Police,Staffordshire Police,-2.183676,52.534757,On or near Supermarket,E01029676,South Staffordshire 012C,Investigation complete; no suspect identified
a0f10e6d65234ca52f189c31cde00af79b02ad365e985ae13f21980f1fd7e053,2021-10,Staffordshire Police,Staffordshire Police,-1.969393,52.708775,On or near ST ANDREW CLOSE,E01029399,Cannock Chase 006C,Investigation complete; no suspect identified
d25f2cfda5aa942a22de14b684bd3cb374193a4c0665d73b8b8ca3bfd21fd458,2021-10,Staffordshire Police,Staffordshire Police,-2.016870,52.696543,On or near OAKHILL ROAD,E01029352,Cannock Chase 008D,Investigation complete; no suspect identified
99974a4b08f40ce2539e8a12f6b9a0ace4a84042079f24fa59d0ebc8484f93c8,2021-10,Staffordshire Police,Staffordshire Police,-2.088691,52.971318,On or near Petrol Station,E01014315,Stoke-on-Trent 033A,Investigation complete; no suspect identified
c02ac10de29f4b393fe03aaa1b4d3163309ff2af1ce19959e1b1aec19fdc9077,2021-10,Staffordshire Police,Staffordshire Police,-2.202617,52.630009,On or near Parking Area,E01029627,South Staffordshire 008D,Unable to prosecute suspect
688b8881f63d744b75004b275f01167f989c70301b5f739f6966470bdca91d5f,2021-10,Staffordshire Police,Staffordshire Police,-2.161125,53.120694,On or near DERWENT DRIVE,E01029770,Staffordshire Moorlands 002C,Investigation complete; no suspect identified
b1c4203df395b6be702f22829de54130bc463d2c3dcdaccf0aa34799cf770e65,2021-10,Staffordshire Police,Staffordshire Police,-2.233354,53.095684,On or near MARYHILL CLOSE,E01029561,Newcastle-under-Lyme 002A,Suspect charged
9a91b1802da5f3a83b8838fb772c558088ba8de8029a378d0ac9979464635176,2021-10,Staffordshire Police,Staffordshire Police,-2.183189,53.003561,On or near Shopping Area,E01014293,Stoke-on-Trent 019A,Investigation complete; no suspect identified
da34de243ac7cc3030e6a365e8e18c4c2c4b721af99be934d6d4f04b19e665d5,2021-10,Staffordshire Police,Staffordshire Police,-2.176218,53.117518,On or near Parking Area,E01029774,Staffordshire Moorlands 003E,Investigation complete; no suspect identified
5be68943626cf3d6282bd81f216bbb7bdf5b08aed9bb537d6ce138bca938ba96,2021-10,Staffordshire Police,Staffordshire Police,-2.202980,53.010199,On or near MINTON STREET,E01014290,Stoke-on-Trent 018C,Unable to prosecute suspect
cfe0c7e68482f92cf09536d8650ffd46c57c5c72fd35feac4e8e2ceca8a4f013,2021-10,Staffordshire Police,Staffordshire Police,-1.965533,52.781446,On or near Park/Open Space,E01029711,Stafford 008C,Investigation complete; no suspect identified
a29df7dbe41d0fae2c7898b2fa8dcf5cc77f08a9a805a0d8a67c4d31b6335cc1,2021-10,Staffordshire Police,Staffordshire Police,-1.928752,52.753023,On or near SPRINGFIELD AVENUE,E01029345,Cannock Chase 003A,Unable to prosecute suspect
173293a0cebc25aec4ab3269b766bf616625312185c74064ecc6246f16e92627,2021-10,Staffordshire Police,Staffordshire Police,-2.168844,53.122868,On or near Petrol Station,E01029770,Staffordshire Moorlands 002C,Investigation complete; no suspect identified
7f26604941df975683c99a190a99f71191202576a45d33bf66f285e6c14f6d7e,2021-10,Staffordshire Police,Staffordshire Police,-1.701819,52.639463,On or near CHAUCER CLOSE,E01029850,Tamworth 002D,Unable to prosecute suspect
fb3030049264780aefa50ce51260b2cd6d663415bc7d6458b0d63ccdca0fabf4,2021-10,Staffordshire Police,Staffordshire Police,-1.679008,52.620426,On or near Pedestrian Subway,E01029828,Tamworth 006D,Investigation complete; no suspect identified
93df67d57c626f7aac41483e06565530a4eba9dcb705656945298a9fd9e07952,2021-10,Staffordshire Police,Staffordshire Police,-1.676007,52.628886,On or near JOHN STREET,E01029830,Tamworth 006E,Unable to prosecute suspect
c91825f5e8642571ba05ae099a7d8bcf2f0a8ec100c8d569b793be58f74c10fb,2021-10,Staffordshire Police,Staffordshire Police,-2.250804,52.527963,On or near TOM LANE,E01029667,South Staffordshire 013B,Investigation complete; no suspect identified
f4aae57f071ae014ee4fa24ffc5ee5a4243001bdae3e35bc0ea72c9cf850d432,2021-10,Staffordshire Police,Staffordshire Police,-2.241342,52.860564,On or near STONE ROAD,E01029695,Stafford 005A,Offender given a caution
dcd9b8d8ba7525093819efe44f8ac617add22f1f71f0db582a4ae5f01bbc5d70,2021-10,Staffordshire Police,Staffordshire Police,-1.828868,52.683467,On or near Shopping Area,E01029526,Lichfield 004E,Unable to prosecute suspect
5946ab96ab3f4e69cc79c7358c4a399d15e1a2cefa82e21b4c0da25d7defd6d7,2021-10,Staffordshire Police,Staffordshire Police,-2.125657,52.983977,On or near MALT LANE,E01014302,Stoke-on-Trent 022D,Action to be taken by another organisation
390f7bc301c622bc2fcb62be1ef63701dfaf2cbd26fd7975f46c39efeec0528c,2021-10,Staffordshire Police,Staffordshire Police,-2.186063,53.003089,On or near LONDON ROAD,E01014345,Stoke-on-Trent 019E,Investigation complete; no suspect identified
dde4e6acd74d6f8b2bbe70ec15d6fbd7442fc276e3e029c4f43d88d1ec852982,2021-10,Staffordshire Police,Staffordshire Police,-2.205716,53.043319,On or near NEWCASTLE STREET,E01014250,Stoke-on-Trent 009B,Suspect charged
6d91d8b1784a9be9cb711b627ec2a63678fcbe6c5be82717855208de83ec9d3a,2021-10,Staffordshire Police,Staffordshire Police,-2.183751,53.079581,On or near HOLMES WAY,E01014257,Stoke-on-Trent 001A,Unable to prosecute suspect
5d17a3be27fc9655323c740979a718b35b7dbc76e2f280f1109f47d58edc42a5,2021-10,Staffordshire Police,Staffordshire Police,-2.194355,52.994698,On or near REGENT STREET,E01014338,Stoke-on-Trent 023A,Investigation complete; no suspect identified
4449de21f683bcae96711e92a5f6cf328bea433f5ece7c6e0d872d0bde226a1a,2021-10,Staffordshire Police,Staffordshire Police,-2.274384,53.017157,On or near THE BRIGHTON,E01029593,Newcastle-under-Lyme 012B,Unable to prosecute suspect
b4b4cf7bc79667faa7f50ea60c2075562f0e25d5a0d0c224a7382473723354ac,2021-10,Staffordshire Police,Staffordshire Police,-1.928780,52.689934,On or near BELLS LANE,E01029487,Lichfield 006A,Further action is not in the public interest
175b26cd074aa61b53a070ff1b9190c6da9a2be617a7653e187f615226814553,2021-10,Staffordshire Police,Staffordshire Police,-2.133414,52.988005,On or near Further/Higher Educational Building,E01014302,Stoke-on-Trent 022D,Local resolution
0d9d8f10f6da9d225847b61cc5cc392524b247d4049d324e502203e1a80a0c58,2021-10,Staffordshire Police,Staffordshire Police,-1.834435,52.686037,On or near BEACON MEWS,E01032899,Lichfield 004F,Investigation complete; no suspect identified
090f1cd097a73a1a575f0c311b37125f1f2d1ee756795d80b61524f8c53361e1,2021-10,Staffordshire Police,Staffordshire Police,-1.666109,52.628751,On or near SHEEPCOTE LANE,E01029832,Tamworth 004C,Action to be taken by another organisation
164bac448fed92995f08e60fc2b14e6a36787373cd838ed86d311cc99f735d15,2021-10,Staffordshire Police,Staffordshire Police,-1.663895,52.632386,On or near SHEEPCOTE LANE,E01029823,Tamworth 004A,Investigation complete; no suspect identified
f23ac120529ad59c4f12f72a237e10435fea4323d001ff299bf6e366aad264ae,2021-10,Staffordshire Police,Staffordshire Police,-2.229872,53.013935,On or near LIVERPOOL ROAD,E01029604,Newcastle-under-Lyme 011E,Investigation complete; no suspect identified
def0fc972ab8f4c6c0b6daeeb96271a3c41e5ab10ef4fd430acf1dbdf56e8944,2021-10,Staffordshire Police,Staffordshire Police,-2.215249,53.034682,On or near WESTWOOD ROAD,E01029609,Newcastle-under-Lyme 008D,Unable to prosecute suspect
702772c283ca3ed70d56a477ffd8b0438ee82ab642789aac605f06586e50b19e,2021-10,Staffordshire Police,Staffordshire Police,-2.143989,52.893641,On or near MAPLE GARDENS,E01029754,Stafford 004D,Investigation complete; no suspect identified
196a2a022aacc038cc4279a1344ccb110dbf0b8207ade124ea2eccd996c8a20a,2021-10,Staffordshire Police,Staffordshire Police,-2.184526,53.016549,On or near A5006,E01014281,Stoke-on-Trent 015A,Unable to prosecute suspect
485c8090b9b643164997a82d55526916a521e69427100418036447b63340fde8,2021-10,Staffordshire Police,Staffordshire Police,-2.207699,53.055505,On or near WILLIAMSON STREET,E01014356,Stoke-on-Trent 005C,Investigation complete; no suspect identified
15f2b96e29959e9d406bf33f5a797638a774cecdb3173655ef1802fe0e4c731d,2021-10,Staffordshire Police,Staffordshire Police,-1.649942,52.631158,On or near SORBUS,E01029820,Tamworth 003A,Investigation complete; no suspect identified
55f3dd52f0c63da20b277af585c8574c6261736a26760d70b2b8e5778d79d868,2021-10,Staffordshire Police,Staffordshire Police,-2.300469,52.825972,On or near GLEBE MEADOW,E01029708,Stafford 015D,Investigation complete; no suspect identified
8f4933743f9ef4ae67ac8bd3bd856043e2eb49c9aab4d13894f919a3b071439e,2021-10,Staffordshire Police,Staffordshire Police,-1.648883,52.846286,On or near CROFT CLOSE,E01029444,East Staffordshire 004B,Investigation complete; no suspect identified
d5f89ba8f0f781e57277a22abfe08e0c8cd8d628ce8156cd2ba265b413d1a85b,2021-10,Staffordshire Police,Staffordshire Police,-1.769280,52.768399,On or near B5016,E01029473,East Staffordshire 006E,Investigation complete; no suspect identified
0dc17480177fa8e82753909c591ec5ef77b7e2a907523914d19ec42c0a097224,2021-10,Staffordshire Police,Staffordshire Police,-2.246917,53.002457,On or near OSTEND PLACE,E01029601,Newcastle-under-Lyme 015E,Investigation complete; no suspect identified
8d9770ba66ae07187077ca47ad5d3efcf82534b556532707c8ae85839dd09458,2021-10,Staffordshire Police,Staffordshire Police,-1.985554,52.987809,On or near Supermarket,E01029783,Staffordshire Moorlands 011B,Investigation complete; no suspect identified
9bff0b8f620783831eea8d94b047f17478551f708f31ad48abd8ca64428eeea3,2021-10,Staffordshire Police,Staffordshire Police,-2.116845,53.008140,On or near LAUDER PLACE NORTH,E01014223,Stoke-on-Trent 017D,Further action is not in the public interest
a33160b7de4f1e0b089af9f89ae30122806a2054e1cf75e3de8b33b988169b5b,2021-10,Staffordshire Police,Staffordshire Police,-2.227815,53.008410,On or near Supermarket,E01029602,Newcastle-under-Lyme 011C,Investigation complete; no suspect identified
b9bf03941be8b889a1001e8045a8b5e72d55fdc1a517e31956a97ba7a24fd2f1,2021-10,Staffordshire Police,Staffordshire Police,-2.019371,52.697181,On or near COLUMBIAN DRIVE,E01029352,Cannock Chase 008D,Further action is not in the public interest
7c68311ea02fb9713771d4219c70b8b80366ae271af3a5e8fd83fbb2b2cbb831,2021-10,Staffordshire Police,Staffordshire Police,-1.645055,52.845996,On or near SCHOOL LANE,E01029443,East Staffordshire 004A,Investigation complete; no suspect identified
d35a6b4551245c1840e87d08ada7477789b4512236c8600119c79363320c2b0c,2021-10,Staffordshire Police,Staffordshire Police,-1.696242,52.633893,On or near CHURCH STREET,E01029835,Tamworth 002A,Investigation complete; no suspect identified
fe8c46f9e85ad1a865a9c60bdfcb3bff3c290047412cac3590a5d01d681d0820,2021-10,Staffordshire Police,Staffordshire Police,-2.132194,52.827502,On or near GOUGH CLOSE,E01029719,Stafford 007A,Unable to prosecute suspect
6e346fbea6a4b77d5038a14117081cb4189707af19fbfefce7acbd1601c6461d,2021-10,Staffordshire Police,Staffordshire Police,-1.828868,52.683467,On or near Shopping Area,E01029526,Lichfield 004E,Local resolution
5ce3b33cb7e33f4a1a104cf0ef72f49222d0229e2da732c6e8257bd6695c0ecc,2021-10,Staffordshire Police,Staffordshire Police,-2.107030,52.806033,On or near LAMMASCOTE ROAD,E01029701,Stafford 010E,Action to be taken by another organisation
013bedb71d2f62f1bcc1040e92798987d4fcdcaef7edc043cf687ead7bfe202d,2021-10,Staffordshire Police,Staffordshire Police,-2.213284,53.038389,On or near ORFORD STREET,E01029584,Newcastle-under-Lyme 008B,Suspect charged
58fc1f93108921ca2892c52dd9629820edcde222014afa9ef6181c1bda5ea5ec,2021-10,Staffordshire Police,Staffordshire Police,-2.181511,52.535102,On or near MOISES HALL ROAD,E01029676,South Staffordshire 012C,Unable to prosecute suspect
e5fe8c4ec18d37530b17e87cc3d21be57afb6846af3c9bda85d6a49a56a464d1,2021-10,Staffordshire Police,Staffordshire Police,-1.708533,52.627550,On or near ETCHELL ROAD,E01029837,Tamworth 005B,Investigation complete; no suspect identified
c6243f4c2dbaefabc99935e52ebd03e693ab20317b27fd1dfb9db2ccb61494ed,2021-10,Staffordshire Police,Staffordshire Police,-2.234325,53.021540,On or near CHARTER ROAD,E01029553,Newcastle-under-Lyme 010A,Unable to prosecute suspect
513632829792a1a4e05d4cdb79d5eb7d00744d94b73cfbcd6656fab13f350b7f,2021-10,Staffordshire Police,Staffordshire Police,-2.150019,52.905149,On or near NORTHESK STREET,E01029744,Stafford 003B,Action to be taken by another organisation
0c20eaadc480b8c88f41510dd1aa43fc3e3dd6a93078bc0a8914af5a84703a9e,2021-10,Staffordshire Police,Staffordshire Police,-2.002607,52.709606,On or near RAILWAY VIEW,E01029384,Cannock Chase 005A,Investigation complete; no suspect identified
98ee79e673ac0e7fe723a5ebb094b95bf684ed02d36d6aa3bf25d4ddf78ec321,2021-10,Staffordshire Police,Staffordshire Police,-1.698916,52.763036,On or near LICHFIELD ROAD,E01029441,East Staffordshire 015C,Investigation complete; no suspect identified
a6bca6949a81aa323aa02921a07351b77e1f6ba2c67df8a608c59773bb12d22a,2021-10,Staffordshire Police,Staffordshire Police,-2.187460,53.005604,On or near HARTSHILL ROAD,E01014345,Stoke-on-Trent 019E,Investigation complete; no suspect identified
3978687b260ad3f45f11cafeb68f920fbc7e5ccb634f99f4a53bf4ae431bec04,2021-10,Staffordshire Police,Staffordshire Police,-2.107820,52.981019,On or near BOX LANE,E01014364,Stoke-on-Trent 024B,Unable to prosecute suspect
e1112ef06dca0c5107e0d4877dff1a05188f5567ae61d590067c3e531b582a2d,2021-10,Staffordshire Police,Staffordshire Police,-2.140400,52.905062,On or near COPPICE GARDENS,E01029745,Stafford 003C,Investigation complete; no suspect identified
4331932effcb771663a872e6aac97c96f619a54b43746f8c186bb8b617f8880a,2021-10,Staffordshire Police,Staffordshire Police,-1.630101,52.807817,On or near Police Station,E01032897,East Staffordshire 011G,Investigation complete; no suspect identified
d89f760bdbb89feb2efdb3492bf8eb7fd9b082f1745f3b6a32daaad586b00aac,2021-10,Staffordshire Police,Staffordshire Police,-2.116234,52.786598,On or near RISING BROOK,E01029727,Stafford 013D,Action to be taken by another organisation
120c798597c07abfb92983c7260458623044caff46a0c83cb9ed4189eac5cb54,2021-10,Staffordshire Police,Staffordshire Police,-1.670730,52.627209,On or near CAMDEN DRIVE,E01029832,Tamworth 004C,Investigation complete; no suspect identified
27c138b1e6eca5e729887be3e111ef36adfe086cf4cf122405ac3177bf8e2e0d,2021-10,Staffordshire Police,Staffordshire Police,-1.698607,52.644453,On or near THACKERAY DRIVE,E01029849,Tamworth 002C,Investigation complete; no suspect identified
4a912e3da355a35fe87863681d553ef3079bbf1be6b82670378564a8d5e09f82,2021-10,Staffordshire Police,Staffordshire Police,-2.188379,53.007823,On or near KNOWLE STREET,E01014291,Stoke-on-Trent 018D,Unable to prosecute suspect
a4dbd9515265ba67c1895541cff1ee9fd49682db07cd7d4436bae74dca46fbfa,2021-10,Staffordshire Police,Staffordshire Police,-2.196915,53.000654,On or near Supermarket,E01014292,Stoke-on-Trent 018E,Unable to prosecute suspect
1de54e4041ef0c5ed2096c49b004dce7ded66d41c5147c969602bc7178b8a5e8,2021-10,Staffordshire Police,Staffordshire Police,-1.635822,52.813785,On or near Supermarket,E01029426,East Staffordshire 008A,Investigation complete; no suspect identified
7fb8758295ec65f33c7e95f79bbffeabea66bdedc9b183e78c7ace39df1e9a40,2021-10,Staffordshire Police,Staffordshire Police,-2.190843,53.059543,On or near Supermarket,E01014243,Stoke-on-Trent 006C,Investigation complete; no suspect identified
a20969173a980947d67efdabc8abcc66228224280053427314b016352ed40f98,2021-10,Staffordshire Police,Staffordshire Police,-2.199892,53.009665,On or near Petrol Station,E01014291,Stoke-on-Trent 018D,Investigation complete; no suspect identified
65609c98b55115df97f581b7c4f736ae5817c2f0f00806ef5332daf22c965454,2021-10,Staffordshire Police,Staffordshire Police,-1.972703,52.670408,On or near BELLSIZE CLOSE,E01029395,Cannock Chase 013B,Investigation complete; no suspect identified
114f8f65e6f08631d51391a31b9f4120b06e3a4b2dfac17c900b7ec09c514910,2021-10,Staffordshire Police,Staffordshire Police,-2.122826,52.978362,On or near UPPER BELGRAVE ROAD,E01014307,Stoke-on-Trent 029C,Investigation complete; no suspect identified
59a81c5da1cb0b64dbc664bff073fd287902a52701febb8c562c6eab438509ad,2021-10,Staffordshire Police,Staffordshire Police,-1.810460,52.691629,On or near HERMES ROAD,E01029525,Lichfield 005G,Further action is not in the public interest
cb99514ac4a9e7789423a46e9e002c598c5fc811c5a0f792c763708cee12417d,2021-10,Staffordshire Police,Staffordshire Police,-2.161660,53.004447,On or near ALFRED STREET,E01014275,Stoke-on-Trent 020B,Investigation complete; no suspect identified
3ce68e8a4f72e0a0c3abeb7d7572013c95f155d4db2b2ef688f742680e161a06,2021-10,Staffordshire Police,Staffordshire Police,-2.057088,52.966726,On or near THE AVENUE,E01029798,Staffordshire Moorlands 012C,Investigation complete; no suspect identified
756317783bc71959f870aa6f16c49ac05e4374cc310b159947821ae68eac5205,2021-10,Staffordshire Police,Staffordshire Police,-2.018493,52.686232,On or near SURREY CLOSE,E01029362,Cannock Chase 012D,Suspect charged
25a48b9957d30f9b51dcb3fd17104bdbb0db5aa1210b203be7567e5f3f50db14,2021-10,Staffordshire Police,Staffordshire Police,-2.157631,53.035833,On or near EROS CRESCENT,E01014326,Stoke-on-Trent 010D,Unable to prosecute suspect
a2f93086e058eb8d657af459841e9296811904119ed0ccc4436587a53eed9cec,2021-10,Staffordshire Police,Staffordshire Police,-2.174870,52.962161,On or near KERSBROOK CLOSE,E01014351,Stoke-on-Trent 034C,Investigation complete; no suspect identified
f368541c785ec93613d3d1a15dd3aae0673afd641ce3191f2ffdee5b2e6483ab,2021-10,Staffordshire Police,Staffordshire Police,-2.252045,53.041046,On or near VICTORIA STREET,E01029548,Newcastle-under-Lyme 007B,Investigation complete; no suspect identified
db44dbac60e01f8d15333f57fe4ea9119418a58fdeb772ae25fc2395a8dba875,2021-10,Staffordshire Police,Staffordshire Police,-1.655915,52.636309,On or near REPINGTON ROAD SOUTH,E01029821,Tamworth 003B,Unable to prosecute suspect
c8c92c3ea3a08b5231e41a6dea098bfc02d52ecb782207aefcab5a3db79e37a9,2021-10,Staffordshire Police,Staffordshire Police,-1.871070,52.910010,On or near A50,E01029433,East Staffordshire 002D,Further action is not in the public interest
2ac741d3dfb5ef3019bc3041dc73d8f5c98a172065c7557edd5bebcf85d78474,2021-10,Staffordshire Police,Staffordshire Police,-1.625952,52.807318,On or near WETMORE ROAD,E01032896,East Staffordshire 011F,Suspect charged
0155027e827f3b48b5a17f53ce4d2542b7f8487ef94e2d58c016b3b506fc9f0d,2021-10,Staffordshire Police,Staffordshire Police,-2.254623,53.055935,On or near BELLS HOLLOW,E01029545,Newcastle-under-Lyme 004C,Investigation complete; no suspect identified
6dd7ea97f416a181c8d8da55d0341894652bcb3a922e79bcb93071dfa1e5663e,2021-10,Staffordshire Police,Staffordshire Police,-1.625952,52.807318,On or near WETMORE ROAD,E01032896,East Staffordshire 011F,Suspect charged
75ed41cbd660f80e01c8e4323614aef820e64a104f843009244b219857a39306,2021-10,Staffordshire Police,Staffordshire Police,-1.625952,52.807318,On or near WETMORE ROAD,E01032896,East Staffordshire 011F,Suspect charged
4f4cd1125ac605e3beeac86dea505af9e941a82af4360e9e0aab8559b4b0c426,2021-10,Staffordshire Police,Staffordshire Police,-2.092571,52.968258,On or near WENHAM DRIVE,E01014315,Stoke-on-Trent 033A,Formal action is not in the public interest
8968ea230928db9839ac2b30d661569cc03ea1c5b945c9e5692b42c6114b52cb,2021-10,Staffordshire Police,Staffordshire Police,-2.127081,53.007536,On or near HALL HILL DRIVE,E01014229,Stoke-on-Trent 017F,Unable to prosecute suspect
b87040d62d8144ce64ee25d7f81e87095b6277bf94d700102c6e02d14ee7f225,2021-10,Staffordshire Police,Staffordshire Police,-2.116711,52.782130,On or near POPLAR WAY,E01029726,Stafford 016A,Unable to prosecute suspect
7972efecf7ed6574658f095de6d5dad5c41b6361f250df8645f5a43e60277401,2021-10,Staffordshire Police,Staffordshire Police,-2.120361,52.809670,On or near GLOVER STREET,E01029701,Stafford 010E,Investigation complete; no suspect identified
5b5f905636b26e6181ceb1aafbd0cc67f179b7cf4ceaf55aa66c030a6daba391,2021-10,Staffordshire Police,Staffordshire Police,-1.654191,52.794944,On or near CARAWAY DRIVE,E01029415,East Staffordshire 013C,Unable to prosecute suspect
923ab6651b3cc568ed2c38f96ac97b98588da69489723ba70a67f600d3d4adaf,2021-10,Staffordshire Police,Staffordshire Police,-2.134232,52.987473,On or near Bus/Coach Station,E01014302,Stoke-on-Trent 022D,Unable to prosecute suspect
82f7a9b88790b0ead7ad08a5a7b1506bface33439a810d13643da62572e86045,2021-10,Staffordshire Police,Staffordshire Police,-2.163308,52.983302,On or near LARCH GROVE,E01014234,Stoke-on-Trent 026B,Suspect charged
df05692e14f595221f729d321ac3aa38c84dd80c28d83b4005115fd481c97a13,2021-10,Staffordshire Police,Staffordshire Police,-1.938301,52.673875,On or near ELUNDA GROVE,E01029497,Lichfield 006E,Action to be taken by another organisation
2536d34bf3c8c447bed3b2f116bb9f2a22d5cc7bcfa735b8322d779c97aa0bce,2021-10,Staffordshire Police,Staffordshire Police,-2.115807,52.804524,On or near BRIDGE STREET,E01029701,Stafford 010E,Investigation complete; no suspect identified
abc4ae74a98c9f1a1eba0479d04d2b56af6f980b53324e8c75c2a10afad342d6,2021-10,Staffordshire Police,Staffordshire Police,-1.711998,52.648810,On or near BROWNING CLOSE,E01029846,Tamworth 001A,Investigation complete; no suspect identified
472d80820862a69b6e26b0bef8b5d9ff8563e52fc38e1252569cdba926e5f459,2021-10,Staffordshire Police,Staffordshire Police,-1.674996,52.611776,On or near HILMORE WAY,E01029829,Tamworth 010A,Investigation complete; no suspect identified
3092ca7f7f77505430384bdd83841db729ac0760dbaadf1b2d0ac89e7c4447fd,2021-10,Staffordshire Police,Staffordshire Police,-2.208925,53.049876,On or near WESTPORT ROAD,E01014356,Stoke-on-Trent 005C,Local resolution
e6eb7b5411600f8063f29a74c4a0a7a0d6ac92dab1d69358d940bc3c9a30f437,2021-10,Staffordshire Police,Staffordshire Police,-1.851251,52.626080,On or near FOOTHERLEY LANE,E01029522,Lichfield 011D,Action to be taken by another organisation
fca2e589c7e1b4e37825c4eb7331af187b9b8e479755af67ff89374d4a2921af,2021-10,Staffordshire Police,Staffordshire Police,-2.034110,53.111962,On or near Sports/Recreation Area,E01029807,Staffordshire Moorlands 005B,Unable to prosecute suspect
33a4525bd320899d4276b892ab028d5535ea25338b353fcf0dd861d51abdad83,2021-10,Staffordshire Police,Staffordshire Police,,,No location,,,Action to be taken by another organisation
ef92df4fa61155a72c0a66507fda23d1e0c296494da01eb9d32916e194a79894,2021-10,Staffordshire Police,Staffordshire Police,-2.144705,53.032236,On or near SCHOOL ROAD,E01014210,Stoke-on-Trent 012A,Investigation complete; no suspect identified
00e56f4a3879f9cf5ec1b292406dd1d39fdc73a36f23831cea3fa65718e2b72c,2021-10,Staffordshire Police,Staffordshire Police,-2.104774,52.799554,On or near Pedestrian Subway,E01029699,Stafford 010D,Investigation complete; no suspect identified
dbe584dcb9b7bec006dd5023b0fc4c7a75082f4e4678ece828dcbcbd32c2ddf7,2021-10,Staffordshire Police,Staffordshire Police,-2.116845,53.008140,On or near LAUDER PLACE NORTH,E01014223,Stoke-on-Trent 017D,Action to be taken by another organisation
f510cdff06f4edf763bf659653f51c66281d8bf1540f46bc0090e257660a32ca,2021-10,Staffordshire Police,Staffordshire Police,-2.017295,52.723017,On or near TUDOR ROAD,E01029383,Cannock Chase 004A,Investigation complete; no suspect identified
78f404806ecc0d504bd0248fd56e54974c0b674fdf8cf983c60ea815b0d3df1c,2021-10,Staffordshire Police,Staffordshire Police,-2.161042,52.970567,On or near NETLEY PLACE,E01014237,Stoke-on-Trent 032C,Investigation complete; no suspect identified
4ecf3a50fa47febd422595c29329192fd6d28a126762a7a64cc0a9309fb1fc6a,2021-10,Staffordshire Police,Staffordshire Police,-2.124949,52.821577,On or near BEECHWAY,E01029720,Stafford 007B,Unable to prosecute suspect
d66aa4250428257691ce6b7f7ce511af6befbb967eb4439fd7f860cccdf75aee,2021-10,Staffordshire Police,Staffordshire Police,-2.340839,52.994719,On or near HAYWOOD COURT,E01029574,Newcastle-under-Lyme 013C,Unable to prosecute suspect
72334c9ae0192fdeed68ef64e7a1d073b1d4d31d2d76d75c5ac6e3323888e695,2021-10,Staffordshire Police,Staffordshire Police,-2.201199,53.053476,On or near Petrol Station,E01014252,Stoke-on-Trent 009D,Unable to prosecute suspect
969ff2d79f5406f47562efc177487ba3390e420c11e1a7adbde8bd7e1b2bed90,2021-10,Staffordshire Police,Staffordshire Police,-2.174962,53.025229,On or near PERCY STREET,E01014287,Stoke-on-Trent 015D,Unable to prosecute suspect
9e1be133311384ef5781ac84488890dfcac5b841d5fd2a3c0245aa8fd5f62652,2021-10,Staffordshire Police,Staffordshire Police,-1.621841,52.800590,On or near STAPENHILL ROAD,E01029420,East Staffordshire 012C,Investigation complete; no suspect identified
f04c3c9cd184b8cb3430115d433e317b94488fbf04bdb7500390a36c2215bdb1,2021-10,Staffordshire Police,Staffordshire Police,-1.660427,52.809220,On or near PRICE COURT,E01029446,East Staffordshire 009B,Action to be taken by another organisation
e66664f8a930c77d5793d542db510a308e7e8dcafcc0decedd7611b0c375a819,2021-10,Staffordshire Police,Staffordshire Police,-1.660427,52.809220,On or near PRICE COURT,E01029446,East Staffordshire 009B,Action to be taken by another organisation
59d4fb5c0e947749d1d8b7c580894de027442c742c94993062cb9155af946bfa,2021-10,Staffordshire Police,Staffordshire Police,-1.660427,52.809220,On or near PRICE COURT,E01029446,East Staffordshire 009B,Action to be taken by another organisation
ac5bfa861b409ad99a76bfcb513161dd72a216aa7d9db2354f0921cd39d85b37,2021-10,Staffordshire Police,Staffordshire Police,-1.965559,52.671719,On or near PARK AVENUE,E01029397,Cannock Chase 013D,Suspect charged
43fc36863b2ceca215632f08836d10cf72542a415f8f9f40f803a3a0267da06b,2021-10,Staffordshire Police,Staffordshire Police,-2.117855,52.974313,On or near STARWOOD ROAD,E01014310,Stoke-on-Trent 031A,Unable to prosecute suspect
e32b0e3120c32ed228d9a4bdd17c3867ee9ca6f9c774728e081014aaccbcf25d,2021-10,Staffordshire Police,Staffordshire Police,-2.163339,53.003276,On or near EDWARD STREET,E01014276,Stoke-on-Trent 020C,Unable to prosecute suspect
4546c90cea032c3d19079c206560b89d267f0031d439d02e7bd26a416ce8030a,2021-10,Staffordshire Police,Staffordshire Police,-2.391301,52.920645,On or near ROWNEY CLOSE,E01029569,Newcastle-under-Lyme 016A,Unable to prosecute suspect
7550730b12919ed0a2b9a9b525d4ff923733a7833677ed8bcb1c2a86d5e2c3d0,2021-10,Staffordshire Police,Staffordshire Police,-1.985541,52.982667,On or near Sports/Recreation Area,E01029783,Staffordshire Moorlands 011B,Investigation complete; no suspect identified
5a68f8c749b38b3c258cc9e29541d74a51f9a03cc2ee9e2b0a936537cf032ce8,2021-10,Staffordshire Police,Staffordshire Police,-1.828868,52.683467,On or near Shopping Area,E01029526,Lichfield 004E,Investigation complete; no suspect identified
eeb8970d41ddabcaf1c39280061a50f0f18d80be648803d4b8def041e6b8e604,2021-10,Staffordshire Police,Staffordshire Police,-2.178949,53.041223,On or near ELLIS STREET,E01014249,Stoke-on-Trent 011A,Investigation complete; no suspect identified
43730a701e6fe124fc9152eb17a975401b05e45f23512533044e64823074d9d9,2021-10,Staffordshire Police,Staffordshire Police,-1.905286,52.669655,On or near OVERTON LANE,E01029505,Lichfield 009E,Investigation complete; no suspect identified
98fcd7a2cf34a4a294f7b10312fc860713fe047be2e25b8764d15a542eca2c69,2021-10,Staffordshire Police,Staffordshire Police,-2.255274,53.085184,On or near CEDAR AVENUE,E01029541,Newcastle-under-Lyme 003B,Unable to prosecute suspect
86fd27bf33762ed3c373ddf3ce84b2a21855f196ac7875f4e34a1247ae45cfa5,2021-10,Staffordshire Police,Staffordshire Police,-2.149572,52.978106,On or near CRITCHLOW GROVE,E01014233,Stoke-on-Trent 026A,Unable to prosecute suspect
af2de02f5f04d8372edf6e50b702960b0f808ff862d255c0c0844aa1767f11bb,2021-10,Staffordshire Police,Staffordshire Police,-2.173411,53.021375,On or near DOWNEY STREET,E01014287,Stoke-on-Trent 015D,Unable to prosecute suspect
420cf01b33a8ad8b0121725ab764e105e10d80d59ed4be07652c0d1f9994e6a6,2021-10,Staffordshire Police,Staffordshire Police,-2.025137,52.689098,On or near Supermarket,E01029360,Cannock Chase 012B,Investigation complete; no suspect identified
ef5ca6be21f35883cc54a7d816cf378a1570a471dac62f878468cab9a1399cc5,2021-10,Staffordshire Police,Staffordshire Police,-1.839203,52.817902,On or near B5234,E01029411,East Staffordshire 006A,Unable to prosecute suspect
7e8de4cbdbb276020f74c60e3e89df1db9a3336307efa17ad48dd290944a024a,2021-10,Staffordshire Police,Staffordshire Police,-2.220649,53.011669,On or near NORTH STREET,E01029602,Newcastle-under-Lyme 011C,Formal action is not in the public interest
42fd973faede9fe8f9e38ffd96e9e5e311a7b4ee2e488de27a247bd703b0ef0a,2021-10,Staffordshire Police,Staffordshire Police,-2.196414,53.070662,On or near BARBER PLACE,E01014241,Stoke-on-Trent 006A,Investigation complete; no suspect identified
0b84ad0267a368308bd352c6eb8ce0f68b447a68010365090cbde7a0c341d812,2021-10,Staffordshire Police,Staffordshire Police,-1.901866,52.671189,On or near SISKIN CLOSE,E01029505,Lichfield 009E,Investigation complete; no suspect identified
e57d06846f27937fe7503d62c6139d444ae81ddfb43f65dbb8f8f9f19fd78887,2021-10,Staffordshire Police,Staffordshire Police,-2.156208,52.893877,On or near LONGHOPE DRIVE,E01029753,Stafford 003E,Investigation complete; no suspect identified
8833d8d17fb832eaf5cc1104c314c06833bd04edf44ab2551f2c688d2b89d765,2021-10,Staffordshire Police,Staffordshire Police,-2.026889,53.102742,On or near ALSOP STREET,E01029812,Staffordshire Moorlands 005D,Unable to prosecute suspect
2c1411b0c33e3b542d8a7f6de25e1833f8f80da381810c6c8db2fc1d3355c018,2021-10,Staffordshire Police,Staffordshire Police,-1.671345,52.633872,On or near ARDEN CLOSE,E01029822,Tamworth 003C,Action to be taken by another organisation
d9ee917419185945a2de4b9b459e07eb127dc28a4510aa6fe43f736aecd237f8,2021-10,Staffordshire Police,Staffordshire Police,-2.144016,52.812053,On or near ASHLEY CLOSE,E01029750,Stafford 007D,Investigation complete; no suspect identified
d000acbb59fa434d91a481d75836ba83c32394b24b0110ac9c81d703f42b20c0,2021-10,Staffordshire Police,Staffordshire Police,-2.139968,52.789575,On or near CARISBROOKE DRIVE,E01029715,Stafford 013A,Investigation complete; no suspect identified
8f0bb11473245cab01734baab6607051631ab9303e0a408086157656e5f26b12,2021-10,Staffordshire Police,Staffordshire Police,-1.901159,52.670074,On or near FORGE CLOSE,E01029505,Lichfield 009E,Investigation complete; no suspect identified
d27356278b194b5bcdd5acf3043638be377f97aa52691f20341140119fa781eb,2021-10,Staffordshire Police,Staffordshire Police,-2.145814,52.910134,On or near QUEEN'S SQUARE,E01029746,Stafford 003D,Investigation complete; no suspect identified
fb72bf49df30b342a590d04c354e661219d8e29d32f4bd04dada04709b2a4299,2021-10,Staffordshire Police,Staffordshire Police,-2.258964,52.779379,On or near GINGER HILL,E01029706,Stafford 015B,Investigation complete; no suspect identified
fdc63bb173af88b22bb7b34bc31013909c222a0725ce776811182a97749fc7e4,2021-10,Staffordshire Police,Staffordshire Police,-2.186951,52.715248,On or near MERCIAN WAY,E01029668,South Staffordshire 003C,Investigation complete; no suspect identified
5d1856b245841370fc182f38ba58e9c4d74fb55c3ba83efd6b71873f95f06f8e,2021-10,Staffordshire Police,Staffordshire Police,-2.251488,53.047960,On or near PINEWOOD GROVE,E01029547,Newcastle-under-Lyme 007A,Further action is not in the public interest
8349f555925baa3eba36bee198182d8cc0bc81ac002bdeb4e26d0294b451e818,2021-10,Staffordshire Police,Staffordshire Police,-1.964288,52.670919,On or near VICTORIA COURT,E01029397,Cannock Chase 013D,Suspect charged
8010f522ae342e915c1e1545eb00d7c678f3780c38cb72b895fbe5a13d4e01e3,2021-10,Staffordshire Police,Staffordshire Police,-2.017832,52.696022,On or near BARNARD WAY,E01029353,Cannock Chase 011A,Unable to prosecute suspect
0fa54448885bf428bf7f2e68103e461cc44ac237028f6f06c3001d2c5a226f95,2021-10,Staffordshire Police,Staffordshire Police,-2.099430,52.978842,On or near WOODGATE STREET,E01014368,Stoke-on-Trent 028D,Unable to prosecute suspect
63567bcd1fe32b4498e535a14c14c86ae5f5b76252175837cc01f063c25502c2,2021-10,Staffordshire Police,Staffordshire Police,-1.813107,52.685151,On or near WISSAGE COURT,E01029484,Lichfield 005B,Investigation complete; no suspect identified
231cf51582ff2c237ff9189929d3db376eb81fc0cf56a447192692cb823f9f96,2021-10,Staffordshire Police,Staffordshire Police,-2.157124,52.982384,On or near LONGTON HALL ROAD,E01014240,Stoke-on-Trent 026D,Investigation complete; no suspect identified
5f3e782bbf552fba38fe161cb59ae092731703332cc43f7063fb8bd978b13880,2021-10,Staffordshire Police,Staffordshire Police,-2.185736,53.006650,On or near LIVERPOOL ROAD,E01014293,Stoke-on-Trent 019A,Unable to prosecute suspect
83a67549f8ad4515b2d6e0dbc093dbad1d9e0e9e54781afdb2134baf921117a3,2021-10,Staffordshire Police,Staffordshire Police,-2.189626,53.050978,On or near STANFIELD ROAD,E01014247,Stoke-on-Trent 009A,Unable to prosecute suspect
809015c85cfde61b412e3907d1e0b1614c54a0746f5531bdc1f99d75b40a579e,2021-10,Staffordshire Police,Staffordshire Police,-2.123626,53.023882,On or near CAIRN CLOSE,E01014225,Stoke-on-Trent 014C,Offender given a caution
909b830ec3f37f475fa73f19370cb5ec76f74c078e5c3edb39d609a68d91c223,2021-10,Staffordshire Police,Staffordshire Police,-2.173860,52.676648,On or near MARKET PLACE,E01029618,South Staffordshire 003B,Unable to prosecute suspect
ac8762e68203ab4865599583425b42094c3906d029f7a1f44bedf11a526b1c6b,2021-10,Staffordshire Police,Staffordshire Police,-1.635149,52.803814,On or near Supermarket,E01032896,East Staffordshire 011F,Investigation complete; no suspect identified
bbac353a7aa11600d7ef6239d5a48d2e1c73f20ad41c682905a7903f7167e74a,2021-10,Staffordshire Police,Staffordshire Police,-2.123794,52.817173,On or near STONE ROAD,E01029691,Stafford 010B,Investigation complete; no suspect identified
24f684db1200b2dde81be12cde48c38b79cef1e961ef814844b97d6d6ef36b04,2021-10,Staffordshire Police,Staffordshire Police,-2.043685,52.684634,On or near FILEY CLOSE,E01029363,Cannock Chase 012E,Investigation complete; no suspect identified
52b79081d270eda740d47d627a1a41c8213ae1ac253895dfd7a1547aad9a6ca4,2021-10,Staffordshire Police,Staffordshire Police,-1.965618,52.672573,On or near PARK ROAD,E01029397,Cannock Chase 013D,Unable to prosecute suspect
646dd152231e9a2d02207c1775d98a2671a4661b820188d1cf57e9e877f68586,2021-10,Staffordshire Police,Staffordshire Police,-2.145812,52.993482,On or near OLDFIELD STREET,E01014273,Stoke-on-Trent 021A,Action to be taken by another organisation
7f9881203af874beb4ea246c7b60ebae9aacba2987c613d63650fac2b6ad8cb1,2021-10,Staffordshire Police,Staffordshire Police,-2.081071,52.647082,On or near PARK ROAD,E01029635,South Staffordshire 007D,Investigation complete; no suspect identified
1cd320ca32cc133da011813409df137475ae20a9d425eafe557d380d3b3242e6,2021-10,Staffordshire Police,Staffordshire Police,-1.919800,52.682089,On or near MORLEY ROAD,E01029489,Lichfield 009C,Unable to prosecute suspect
ee67941724bcbc16ea5ad02b20046a3a294d1b5c475f4d44371c1d44f726f24e,2021-10,Staffordshire Police,Staffordshire Police,-1.870836,53.183593,On or near Sports/Recreation Area,E01029817,Staffordshire Moorlands 007C,Investigation complete; no suspect identified
21ff0f836a8e288ebc41f5fd090af1337676f76f05712dfd5d14b7ca03f028d5,2021-10,Staffordshire Police,Staffordshire Police,-2.009095,52.736431,On or near Parking Area,E01029388,Cannock Chase 004C,Investigation complete; no suspect identified
3d0529ca2d6999ad157827b27ba8e29279d341b3e47f23a758df889574503332,2021-10,Staffordshire Police,Staffordshire Police,-1.988771,52.992718,On or near HIGHFIELD CRESCENT,E01029782,Staffordshire Moorlands 010B,Action to be taken by another organisation
d7026dd86925745915f30de70d31af826038aefa2b4073dffff41554c138da01,2021-10,Staffordshire Police,Staffordshire Police,-2.097422,52.814950,On or near NEWALL AVENUE,E01029693,Stafford 009B,Investigation complete; no suspect identified
d363bcd86dce83373ffc0c505e9a2eb193d9d2be96ed54403f2b15b898e3bde9,2021-10,Staffordshire Police,Staffordshire Police,-2.032009,53.099136,On or near BARNFIELDS CLOSE,E01029811,Staffordshire Moorlands 005C,Unable to prosecute suspect
150463bb6c7cd242fcc4f84848ddb353c3e9037dc009a46df179d16fdb7f1d6a,2021-10,Staffordshire Police,Staffordshire Police,-2.178684,53.024099,On or near BIRD CAGE WALK,E01014287,Stoke-on-Trent 015D,Suspect charged
cab9c0d8f3da7a4c7fd9908b2f96cefa53084be3cc6052deae29691be642eaf1,2021-10,Staffordshire Police,Staffordshire Police,-1.647719,52.821327,On or near CARLTON STREET,E01029434,East Staffordshire 007A,Unable to prosecute suspect
5a45648126d5c81c4840a5c4e89e96a161ea50cce9aded3c6bb3ca5a1b0e33cc,2021-10,Staffordshire Police,Staffordshire Police,-2.115960,52.806277,On or near ST CHAD'S PLACE,E01029701,Stafford 010E,Investigation complete; no suspect identified
c96015f0da9d61f22a5b0dd3b0b95d76d9736c13645b6fbd88d62c642cb3eac6,2021-10,Staffordshire Police,Staffordshire Police,-2.004406,52.652747,On or near JACOB'S HALL LANE,E01029638,South Staffordshire 005A,Unable to prosecute suspect
2762aee00cd3729ff1da11fc7437704c894ae9f42d6cd1ef76634c0f0bb0520c,2021-10,Staffordshire Police,Staffordshire Police,-2.226375,53.015200,On or near HEMPSTALLS LANE,E01029604,Newcastle-under-Lyme 011E,Investigation complete; no suspect identified
e919ecf5d011582f0969040b1677352b67781d7f037db9884d8a582455cb8d8f,2021-10,Staffordshire Police,Staffordshire Police,-1.639483,52.812376,On or near VICTORIA ROAD,E01029426,East Staffordshire 008A,Investigation complete; no suspect identified
9c2ef9bee79485d1c76d7f6f97e4ee021fc7d7a41a2106dacff0a404eb6de79c,2021-10,Staffordshire Police,Staffordshire Police,-2.125563,52.813045,On or near FRANK FOLEY WAY,E01029691,Stafford 010B,Local resolution
cef8403df8df3af64a404627673b7716d7382c8941af7790424da1b26a3eda53,2021-10,Staffordshire Police,Staffordshire Police,-2.228409,53.010782,On or near Supermarket,E01029604,Newcastle-under-Lyme 011E,Investigation complete; no suspect identified
767dd9d0e897b0d06b41d16d8e8e35332cd1d46408adecf587a6233a9d669418,2021-10,Staffordshire Police,Staffordshire Police,-2.143404,53.022080,On or near Police Station,E01014219,Stoke-on-Trent 014B,Investigation complete; no suspect identified
c4947fd61f727ae65e428174e49b57c4657685ce595cdb5cb9de52f9bb38ad07,2021-10,Staffordshire Police,Staffordshire Police,-1.640793,52.824426,On or near CHURCH VIEW,E01029437,East Staffordshire 007D,Investigation complete; no suspect identified
c7dc3f462ca66f16af377c099e6cf764b9d6eef029157fa7aa96c28d5823c58b,2021-10,Staffordshire Police,Staffordshire Police,-2.133122,52.825235,On or near SAYERS ROAD,E01029719,Stafford 007A,Unable to prosecute suspect
9c7e8551705d07fefbf78f87a070f7967220a3285b02a338588922638b03bf37,2021-10,Staffordshire Police,Staffordshire Police,-1.691830,52.633046,On or near BOLEBRIDGE STREET,E01029838,Tamworth 005C,Investigation complete; no suspect identified
21e83d93332ddd096ae9dfc41dcb752856cfd14c20fe261742b3e3b2dcdc4ccc,2021-10,Staffordshire Police,Staffordshire Police,-2.187537,53.002809,On or near Parking Area,E01014345,Stoke-on-Trent 019E,Investigation complete; no suspect identified
f2f511aa1e7e249dce2ac04c1c6c4f4e162a1f935d430a1778592d50975c959d,2021-10,Staffordshire Police,Staffordshire Police,-2.199967,52.596392,On or near AUDEN COURT,E01029666,South Staffordshire 011C,Unable to prosecute suspect
106c9fab0bb695fe3040bca4c60f2711b00ab10c5e2d3704ad9f5815d41c76ce,2021-10,Staffordshire Police,Staffordshire Police,-1.650711,52.610583,On or near RIBBLESDALE,E01029857,Tamworth 008C,Unable to prosecute suspect
66c34f5739689decf4ee5ec57b184ef08e301b2d18cdbcba577739cf91979dda,2021-10,Staffordshire Police,Staffordshire Police,-1.649369,52.789671,On or near GLENCROFT CLOSE,E01029414,East Staffordshire 013B,Further action is not in the public interest
43bfc3ad71036c563a72323f47f11db8b51b894a24ace1ed97f3a7ff2cbd5458,2021-10,Staffordshire Police,Staffordshire Police,-2.174616,53.020816,On or near BRUNSWICK PLACE,E01014287,Stoke-on-Trent 015D,Investigation complete; no suspect identified
0015040ae184ff0be0cbd4a6df90b4e0e034621cdd54daaf04d3ae70ef206707,2021-10,Staffordshire Police,Staffordshire Police,-2.135686,52.809735,On or near DOXEY ROAD,E01029750,Stafford 007D,Investigation complete; no suspect identified
d2b97efde99532afbf8cf01d4d2746ee5cbdc779bfab7f17c3db198a3e62ad41,2021-10,Staffordshire Police,Staffordshire Police,-2.253809,53.046822,On or near BLACKTHORN PLACE,E01029547,Newcastle-under-Lyme 007A,Further action is not in the public interest
d2b97efde99532afbf8cf01d4d2746ee5cbdc779bfab7f17c3db198a3e62ad41,2021-10,Staffordshire Police,Staffordshire Police,-2.253809,53.046822,On or near BLACKTHORN PLACE,E01029547,Newcastle-under-Lyme 007A,Further action is not in the public interest
5d04f6ae0f2430904d4d02095049acbbfa29e103f92a2c92997324313695d149,2021-10,Staffordshire Police,Staffordshire Police,-2.160307,53.001356,On or near FREDERICK STREET,E01014275,Stoke-on-Trent 020B,Action to be taken by another organisation
550b17641444e24dc86e0e71f298fe70f68f56b9420cf988075fd503c4e11b85,2021-10,Staffordshire Police,Staffordshire Police,-1.876682,53.028413,On or near A52,E01029795,Staffordshire Moorlands 010C,Investigation complete; no suspect identified
b2c955d2ac5d43cd2a1498ff903d0f076e15656ca900a9b53c8604a2299d0979,2021-10,Staffordshire Police,Staffordshire Police,-1.722453,52.762447,On or near ST JAMES' ROAD,E01029441,East Staffordshire 015C,Unable to prosecute suspect
9f667ccc5559060a36fbbd89ca022c4bd9c9d4e5dcbce9b14ab771078a9c368f,2021-10,Staffordshire Police,Staffordshire Police,-2.202223,53.013976,On or near RADFORD ROAD,E01014291,Stoke-on-Trent 018D,Investigation complete; no suspect identified
26c597c6aff4f9a5e8dace05e9d487d365a5772f2b475b8371e1e2e9362d7c43,2021-10,Staffordshire Police,Staffordshire Police,-1.831928,52.684002,On or near BIRD STREET,E01032899,Lichfield 004F,Investigation complete; no suspect identified
521650dc38c91b138dcdec20edcd6b9d98c1e6e31f577bbdaa7bb90befb14566,2021-10,Staffordshire Police,Staffordshire Police,-1.876682,53.028413,On or near A52,E01029795,Staffordshire Moorlands 010C,Investigation complete; no suspect identified
eae655a65a7e9154001c0ad6379c6c5d035f6ec71510c217173f2cd25428b49f,2021-10,Staffordshire Police,Staffordshire Police,-1.666028,52.621909,On or near IVATT,E01029840,Tamworth 007A,Action to be taken by another organisation
86904b012686ba388c8a35b8f0f729b647e23ce7f5114ecb75046eec29afa23b,2021-10,Staffordshire Police,Staffordshire Police,-1.632808,52.801676,On or near Shopping Area,E01032896,East Staffordshire 011F,Investigation complete; no suspect identified
85bbbda0b5fe733b839be2ecb9d5481c49fb6d720fcea79b738c53d67e57834d,2021-10,Staffordshire Police,Staffordshire Police,-1.700409,52.633841,On or near LICHFIELD STREET,E01029835,Tamworth 002A,Unable to prosecute suspect
5e2d6a262893899fa3bc9dac762075f2551d0ac328536f12abd4ea9fc45aca2b,2021-10,Staffordshire Police,Staffordshire Police,-2.111661,52.778297,On or near TEN BUTTS CRESCENT,E01029729,Stafford 016B,Suspect charged
680520a9f2713eb8897c40522ad6a698b6c04ead595d11247efca94227228352,2021-10,Staffordshire Police,Staffordshire Police,-2.194534,52.964953,On or near PADDOCK RISE,E01014349,Stoke-on-Trent 030C,Further action is not in the public interest
bfb5a960fc9aec1b53a3fc384171d728e3121be2f0b641a03e2022f458b4ee0a,2021-10,Staffordshire Police,Staffordshire Police,-1.834684,52.690613,On or near THE LEASOWE,E01029491,Lichfield 007A,Investigation complete; no suspect identified
74b59084ca9088f65c252ee4c44d47a4751a250744921777da37c8e096144252,2021-10,Staffordshire Police,Staffordshire Police,-2.238772,53.087151,On or near MARKET STREET,E01029588,Newcastle-under-Lyme 002D,Investigation complete; no suspect identified
a2f719c1dadb9ff01fd215f5d81acafcc53dd6ffaf19bc6357ac3130ac30d5ce,2021-10,Staffordshire Police,Staffordshire Police,-2.252514,53.034645,On or near LANDSEER PLACE,E01029559,Newcastle-under-Lyme 007C,Action to be taken by another organisation
5b1d743b24ff54204237cb1cc0f48b4352425b43031df6a5f207a11c4a12e20e,2021-10,Staffordshire Police,Staffordshire Police,-2.215419,53.110729,On or near HILLSIDE CLOSE,E01029582,Newcastle-under-Lyme 001D,Unable to prosecute suspect
ad7df4741bb51a890db3d171924b86b921a417116aa6da4041692745798c79b1,2021-10,Staffordshire Police,Staffordshire Police,-2.028774,53.107056,On or near CLERK BANK,E01029807,Staffordshire Moorlands 005B,Investigation complete; no suspect identified
73784b521c08d57bbd7da9681a1f6e7ab5a28db6285203634fb146db912ac7d5,2021-10,Staffordshire Police,Staffordshire Police,-1.616797,52.837907,On or near SHREWSBURY ROAD,E01029455,East Staffordshire 005B,Unable to prosecute suspect
3cb8e2bc006891898ba51eb2de7cc41692e08509212a91cf02e53807442a3be2,2021-10,Staffordshire Police,Staffordshire Police,-2.028693,52.674921,On or near BROAD STREET,E01029359,Cannock Chase 012A,Investigation complete; no suspect identified
268b0e851aaa4d1feb92496814019bf69e6e6edecbc4acef8a031007f1f034dd,2021-10,Staffordshire Police,Staffordshire Police,-1.699907,52.638191,On or near LUDGATE,E01029850,Tamworth 002D,Unable to prosecute suspect
4b732285c05881b01a0121eace1c604b0df32f0b7406c9fbf65b97624f15b739,2021-10,Staffordshire Police,Staffordshire Police,-2.173133,52.586428,On or near BRIDGNORTH ROAD,E01010507,Wolverhampton 021F,Investigation complete; no suspect identified
f73565d3e7bf63681fd4048e2d284c96db6730a003e22a7f411563bdd54ca9c0,2021-10,Staffordshire Police,Staffordshire Police,-2.135100,53.012561,On or near WENDOVER GROVE,E01014229,Stoke-on-Trent 017F,Unable to prosecute suspect
f39241004b1b5d57e0ef115a5ef0ba51a68dddbe4adb95529982b48d2a6c396c,2021-10,Staffordshire Police,Staffordshire Police,-2.254680,53.042784,On or near LION GROVE,E01029548,Newcastle-under-Lyme 007B,Further action is not in the public interest
3400ab170482969916b704c6720cb0365c23ebbb124e620ec539d11da77fc9e6,2021-10,Staffordshire Police,Staffordshire Police,-1.639660,52.826877,On or near ST JUDE'S WAY,E01029437,East Staffordshire 007D,Unable to prosecute suspect
767aeaf2f1c2ce4d8655c23d3ce991a3e6f02f4666c2a074f81f40266374857d,2021-10,Staffordshire Police,Staffordshire Police,-1.633746,52.803063,On or near Parking Area,E01032896,East Staffordshire 011F,Investigation complete; no suspect identified
c7bddabcaff60aafa10a8e3caec4456f631c3f8dc3826a4474d458ef83ae0903,2021-10,Staffordshire Police,Staffordshire Police,-2.108062,52.970600,On or near QUEENSMEAD ROAD,E01014319,Stoke-on-Trent 033C,Unable to prosecute suspect
5392dd586521cbd42c2a6c45ac312a1214fb5dc2deee5ac903d11a62a5881fca,2021-10,Staffordshire Police,Staffordshire Police,-2.202744,52.988455,On or near FLASH LANE,E01014342,Stoke-on-Trent 023C,Investigation complete; no suspect identified
f999d5ce67d1b777a459e337fcc810c6b31e0fb33a155306f205f34df7985eca,2021-10,Staffordshire Police,Staffordshire Police,-2.206935,53.107769,On or near SANDS ROAD,E01029582,Newcastle-under-Lyme 001D,Investigation complete; no suspect identified
583febb4435e7787a423958be53a043525bea8ce5c74b46dd1ed000584b7f0d6,2021-10,Staffordshire Police,Staffordshire Police,-1.652666,52.621161,On or near CARLCROFT,E01029842,Tamworth 007B,Suspect charged
e8dad9f8ba0b73acf55340e17f7b67790f7d4458dbf499cf6310d8f6df707658,2021-10,Staffordshire Police,Staffordshire Police,-1.875971,52.776235,On or near PIPEWOOD LANE,E01029498,Lichfield 001D,Investigation complete; no suspect identified
0e310086576675689cab88bc2bdf64181424740fd8edfa8f7da332dfa772dcca,2021-10,Staffordshire Police,Staffordshire Police,-1.934240,52.679536,On or near HIGH STREET,E01029497,Lichfield 006E,Investigation complete; no suspect identified
2a07e7e2e45dfc014aced6c1bff80f911a3bd3e328351ea6ff9a3d15a1082467,2021-10,Staffordshire Police,Staffordshire Police,-1.628510,52.832677,On or near Supermarket,E01029456,East Staffordshire 005C,Investigation complete; no suspect identified
a4315825ce4e880b74d7f04226c340e1a51f7cfbd4874db8f431f9ee242aa12a,2021-10,Staffordshire Police,Staffordshire Police,-2.000150,52.710883,On or near Parking Area,E01029389,Cannock Chase 005D,Investigation complete; no suspect identified
6f218efccd8ef58f98ada03766df52dfec2c364afaad2bc31f6448d0d4eda318,2021-10,Staffordshire Police,Staffordshire Police,-2.185279,53.032269,On or near WINDERMERE STREET,E01014254,Stoke-on-Trent 011C,Unable to prosecute suspect
3a3d60c992b1ef7b582483c807026af3750a72e27362ea4e2fa14f1c88754f05,2021-10,Staffordshire Police,Staffordshire Police,-2.243843,53.038573,On or near WILLARD CLOSE,E01029558,Newcastle-under-Lyme 006E,Unable to prosecute suspect
57ffad14202e26452541b83898092879da6839f1eacb1b9d50f80111ef8d821c,2021-10,Staffordshire Police,Staffordshire Police,-1.919800,52.682089,On or near MORLEY ROAD,E01029489,Lichfield 009C,Unable to prosecute suspect
20fdd32001c5111117a9380f62a305bbc112de37ceb62820f90905d4917cb0ba,2021-10,Staffordshire Police,Staffordshire Police,-1.844098,52.718350,On or near SEEDY MILL LANE,E01029509,Lichfield 002D,Further action is not in the public interest
8a6cc58f444066addad475ea8af126dd31c36ce3bf8f2c487dc0130b147885d9,2021-10,Staffordshire Police,Staffordshire Police,-2.189582,53.023948,On or near JOSIAH WEDGWOOD STREET,E01014285,Stoke-on-Trent 015B,Further action is not in the public interest
3ac124fc940d542017032ceb5a15c01a1f27d03927aca2451cd7a008a43f2592,2021-10,Staffordshire Police,Staffordshire Police,-1.648294,52.611826,On or near RAVENSTONE,E01029857,Tamworth 008C,Unable to prosecute suspect
daf302ee62134897aa1959d7e2ace0a06f7ccec90c01d3248f7bd9e5363c3c82,2021-10,Staffordshire Police,Staffordshire Police,-1.979329,52.700219,On or near ST PAUL'S ROAD,E01029379,Cannock Chase 006A,Further action is not in the public interest
7147bca1b1bc2fc3f6634798e544bfa93990d52f5d13d13cc1e8a1843357aa12,2021-10,Staffordshire Police,Staffordshire Police,-1.630446,52.821410,On or near CLOUGH DRIVE,E01029428,East Staffordshire 008C,Unable to prosecute suspect
294ba86f6c7635f1d8a88081aafdf52d51c009f251dc4902d0b591086a5af324,2021-10,Staffordshire Police,Staffordshire Police,-2.249330,53.002245,On or near VICHY CLOSE,E01029601,Newcastle-under-Lyme 015E,Investigation complete; no suspect identified
ad0c36916f5ff50caba0355779240fbc255f4f43a9fbd2b86d15831904908257,2021-10,Staffordshire Police,Staffordshire Police,-1.644709,52.811933,On or near GORDON STREET,E01029445,East Staffordshire 009A,Unable to prosecute suspect
2efb8a0ecbc8af5ea5f0689399f884f50f0eab9bf6c32e0b9405b86af9cac020,2021-10,Staffordshire Police,Staffordshire Police,-2.130009,52.979963,On or near ST CLAIR STREET,E01014306,Stoke-on-Trent 029B,Unable to prosecute suspect
ff78c6f8f66f333c09fe58be614f841b475b03781ae1317b843909253158fb88,2021-10,Staffordshire Police,Staffordshire Police,-2.170954,52.943055,On or near GREEN CLOSE,E01029682,Stafford 002B,Investigation complete; no suspect identified
f6d7a3df039bd6868d7912226c98196236c4b4eacb2314cd079a8e6679925276,2021-10,Staffordshire Police,Staffordshire Police,-1.652391,52.614750,On or near HOLWICK,E01029856,Tamworth 008B,Unable to prosecute suspect
fa09c72c3d4add5b1076dc46795d2994ed66fb467b9e6aab5b220fdca72d738d,2021-10,Staffordshire Police,Staffordshire Police,-1.872810,53.179047,On or near LEEK ROAD,E01029797,Staffordshire Moorlands 001A,Investigation complete; no suspect identified
96ac59d528d9b8102fa4934572bde393930cf0ad26a82ce8fada1f6eeb580eae,2021-10,Staffordshire Police,Staffordshire Police,-2.155372,52.971564,On or near RIPON ROAD,E01014235,Stoke-on-Trent 032A,Unable to prosecute suspect
84ba6e96df04ea4e9f138afd9de9c34cea97f74f8cdb35187b88e220f0adcdcd,2021-10,Staffordshire Police,Staffordshire Police,-2.155372,52.971564,On or near RIPON ROAD,E01014235,Stoke-on-Trent 032A,Unable to prosecute suspect
98179db25c774bac68b69627ff25cea9ad6c018fde2b7378297f30bd9549ad31,2021-10,Staffordshire Police,Staffordshire Police,-2.185474,53.028934,On or near CENTURY STREET,E01014254,Stoke-on-Trent 011C,Investigation complete; no suspect identified
678b50260d400cecc017971a208e4f18341f92aeb6f9302c31015511eacb0b6d,2021-10,Staffordshire Police,Staffordshire Police,-2.131895,52.787670,On or near LARKIN CLOSE,E01029717,Stafford 013C,Further action is not in the public interest
11322f2d5cc5ff4fdf3de0991a80f6472552b57c5d1c1906163d74d5f9d56078,2021-10,Staffordshire Police,Staffordshire Police,-2.210230,53.057577,On or near HIGH STREET,E01014354,Stoke-on-Trent 005A,Investigation complete; no suspect identified
3a04434d6d02b9b98f6e295735182cf533ec5f6a81a3ad3600c9de78cd6c8e82,2021-10,Staffordshire Police,Staffordshire Police,-2.137879,52.977221,On or near ALBERT PLACE,E01014311,Stoke-on-Trent 027C,Suspect charged
0a02f75db28b39018abe89a629dacbb309e2be2fb13f03cff8b3c3ccabe68985,2021-10,Staffordshire Police,Staffordshire Police,-2.145181,53.049557,On or near LANGHAM ROAD,E01014267,Stoke-on-Trent 007E,Further action is not in the public interest
8923112889ab47afb01df8cc8eb4e9f6f5a857f8fef9038ca711333249a8afa9,2021-10,Staffordshire Police,Staffordshire Police,-2.193844,53.030152,On or near Petrol Station,E01014285,Stoke-on-Trent 015B,Investigation complete; no suspect identified
07ae8b89e2484e95e8fe63469380e2af4484b53d431a256cd39bc70868b5ef17,2021-10,Staffordshire Police,Staffordshire Police,-2.196820,52.979628,On or near DIARMID ROAD,E01014353,Stoke-on-Trent 030D,Investigation complete; no suspect identified
da5a6352e41b61d1f56ede75367135af84b85b9c0a35c3f2c4b758acfface92d,2021-10,Staffordshire Police,Staffordshire Police,-2.209280,53.003150,On or near HILTON ROAD,E01014294,Stoke-on-Trent 018F,Suspect charged
da5a6352e41b61d1f56ede75367135af84b85b9c0a35c3f2c4b758acfface92d,2021-10,Staffordshire Police,Staffordshire Police,-2.209280,53.003150,On or near HILTON ROAD,E01014294,Stoke-on-Trent 018F,Suspect charged
573eb6711af890e068517c944bf4bb6b2dd71829d72dd7fd50f4f61428987f95,2021-10,Staffordshire Police,Staffordshire Police,-2.136191,52.805275,On or near BRUNDLE AVENUE,E01029736,Stafford 012B,Unable to prosecute suspect
36dbe9958eb5797608d5f26f2edabf6bbb50aad4ae317ca41e7c0d411e6a1833,2021-10,Staffordshire Police,Staffordshire Police,-2.190520,53.050752,On or near LORNE STREET,E01014247,Stoke-on-Trent 009A,Formal action is not in the public interest
a0aec628ba41832d078fa2f026e4738be3a874d0e4371e0d568f78b2d065a4f0,2021-10,Staffordshire Police,Staffordshire Police,-2.222554,53.008357,On or near GROSVENOR ROAD,E01029602,Newcastle-under-Lyme 011C,Unable to prosecute suspect
c793990a075d75dccbab8a8a008c1a7bcba4427568f29cf950061a06b4549fdd,2021-10,Staffordshire Police,Staffordshire Police,-2.171826,53.016595,On or near STONEHAVEN GROVE,E01014287,Stoke-on-Trent 015D,Unable to prosecute suspect
76c5c392f42d5308efc5c5f61a4d1a7af3bee537d1d4f61b7ba402447748f819,2021-10,Staffordshire Police,Staffordshire Police,-2.191316,52.988051,On or near CAMPBELL ROAD,E01014343,Stoke-on-Trent 023D,Investigation complete; no suspect identified
de545def9750b705dd13fc67bf02dc25b1b4ff194ff9f085f1ff3277f476d09c,2021-10,Staffordshire Police,Staffordshire Police,-2.192107,52.998316,On or near HARDING TERRACE,E01014340,Stoke-on-Trent 019D,Unable to prosecute suspect
726ccc791f394041515750b88aa04e598c9de7071537467f565ff66938b75a42,2021-10,Staffordshire Police,Staffordshire Police,-1.972493,53.219193,On or near Park/Open Space,E01029797,Staffordshire Moorlands 001A,Unable to prosecute suspect
5734cb04cc952ad4ab4ef42a23b7e5dcf7a29466b0a70aea7d9268aad0abcc9a,2021-10,Staffordshire Police,Staffordshire Police,-2.232355,52.987951,On or near TRENT GROVE,E01029590,Newcastle-under-Lyme 015C,Unable to prosecute suspect
05b66cb962cb564ba411c0e2ce734d93a0771d42816fce8a0c74781edc04f034,2021-10,Staffordshire Police,Staffordshire Police,-1.628452,52.785392,On or near CORNWALL ROAD,E01029453,East Staffordshire 014E,Unable to prosecute suspect
c11e9eaa6cbf0859a9be434550faa983f4bb8fab9ae64841e0790fb78a0f9daa,2021-10,Staffordshire Police,Staffordshire Police,-2.137092,52.987344,On or near BARFORD STREET,E01014302,Stoke-on-Trent 022D,Unable to prosecute suspect
95f8e3c9e0b47d7d7bc0f92cd4e62980c75cc73537daf805256db8964e4fe64f,2021-10,Staffordshire Police,Staffordshire Police,-2.019242,52.705577,On or near CENTRAL AVENUE,E01029350,Cannock Chase 008B,Unable to prosecute suspect
6528ad1250138a0e771da196b278843c721a64123d1d3ad413be9769a671986e,2021-10,Staffordshire Police,Staffordshire Police,-2.188178,52.999473,On or near EMPIRE STREET,E01014345,Stoke-on-Trent 019E,Suspect charged
4261256931f0b2401ec55957bed5f0a973d174dba8101fbb8de8b1a2231c01e6,2021-10,Staffordshire Police,Staffordshire Police,-2.145325,52.994921,On or near BERDMORE STREET,E01014273,Stoke-on-Trent 021A,Unable to prosecute suspect
cde4e9763c09abcd98183d1eb646a694fe6471b3849bf1628828a5c77effa0c6,2021-10,Staffordshire Police,Staffordshire Police,-1.628102,52.786478,On or near LONG STREET,E01029449,East Staffordshire 014A,Investigation complete; no suspect identified
290a532fd6d364ab582b49e708a986b7cd45614c8447e7cbb35adb48605c0d2c,2021-10,Staffordshire Police,Staffordshire Police,-2.049167,52.679220,On or near WOLVERHAMPTON ROAD,E01029361,Cannock Chase 012C,Investigation complete; no suspect identified
3d61d2d05b3a8cf0e1301c144e67203820ff423e2ab5593e7d0c0b6ae039e144,2021-10,Staffordshire Police,Staffordshire Police,-1.626885,52.781422,On or near LIME GROVE,E01029453,East Staffordshire 014E,Investigation complete; no suspect identified
0eef979981337cef4ce265e6c5264e9fc6483ecfe3ed6c70910e972f5199cf18,2021-10,Staffordshire Police,Staffordshire Police,-2.119589,52.809482,On or near CHELL ROAD,E01029701,Stafford 010E,Further action is not in the public interest
471e0470fcc66f69da1d2a4fa63f9ae588c651e93a8b9723493199886b47ed91,2021-10,Staffordshire Police,Staffordshire Police,-2.112198,52.779779,On or near SCHOOL LANE,E01029729,Stafford 016B,Further action is not in the public interest
1d77ed6dd843669ef14f4a63c19ac5294d4014c53473e46d8be5cf46f968994f,2021-10,Staffordshire Police,Staffordshire Police,-2.220812,53.005754,On or near LONDON ROAD,E01029602,Newcastle-under-Lyme 011C,Unable to prosecute suspect
cf1713917aeb22c21dd6a490172c8bd6eeb2dea20ee938eb0e67134d520e1def,2021-10,Staffordshire Police,Staffordshire Police,-2.056691,52.630169,On or near FORREST AVENUE,E01029633,South Staffordshire 007B,Unable to prosecute suspect
332871751baf1b887b80bf72bb3d287fadccea4387d549e8fc506c9fa43bbf9e,2021-10,Staffordshire Police,Staffordshire Police,-2.102470,52.979675,On or near MEIR VIEW,E01014321,Stoke-on-Trent 028A,Investigation complete; no suspect identified
08b00627b6712679b1ebbb2d80867284961efd9bf3eac0427d12d3b78351165f,2021-10,Staffordshire Police,Staffordshire Police,-1.867262,52.905592,On or near SLADE FIELDS,E01029461,East Staffordshire 003C,Unable to prosecute suspect
579adb925052d3110127940a990785d3c6b9222cc9646f0cc54f6cf9bddf35dc,2021-10,Staffordshire Police,Staffordshire Police,-1.868761,52.906403,On or near HARVEY PLACE,E01029461,East Staffordshire 003C,Unable to prosecute suspect
7e70a244eaa15b883aacfa83182104d27256f40852891e318327ebff98ff02c9,2021-10,Staffordshire Police,Staffordshire Police,-1.652666,52.621161,On or near CARLCROFT,E01029842,Tamworth 007B,Suspect charged
30ce66c65807e02bae4d1b7af9a3442e4c34cddf58440e6e772eb84cd219f879,2021-10,Staffordshire Police,Staffordshire Police,-1.869946,52.907843,On or near HOWITT CRESCENT,E01029433,East Staffordshire 002D,Unable to prosecute suspect
f07c639da12074923067753cb53d15bdfea2bd110e52fc32c29dc33a54804fcb,2021-10,Staffordshire Police,Staffordshire Police,-2.195745,52.536742,On or near GREENLANDS,E01029671,South Staffordshire 012A,Investigation complete; no suspect identified
f62876c291a1d8a3ba718cbd8381a0a4387fee6314627d6d4ba5561cec3e87d5,2021-10,Staffordshire Police,Staffordshire Police,-2.116625,52.987636,On or near FARNWORTH ROAD,E01014303,Stoke-on-Trent 025C,Further action is not in the public interest
25be6e374a492271f6d799de71ec9b850e4f68734eb9c0fa61b1fc1cac7b59ea,2021-10,Staffordshire Police,Staffordshire Police,-2.125592,53.007699,On or near Petrol Station,E01014229,Stoke-on-Trent 017F,Investigation complete; no suspect identified
2de381ada5c2c3a4046d0bda86b4a92ca990527f138c463e7987a017d1615056,2021-10,Staffordshire Police,Staffordshire Police,-2.199837,53.058997,On or near QUEEN'S AVENUE,E01014242,Stoke-on-Trent 006B,Unable to prosecute suspect
f67dee56c0daa2cafa72fc1e377f9251502f70933bf07b99f63fb9519252420c,2021-10,Staffordshire Police,Staffordshire Police,-2.227815,53.008410,On or near Supermarket,E01029602,Newcastle-under-Lyme 011C,Investigation complete; no suspect identified
09a84144ed4b8849e32c32e47c68f4a1777e67ecca6ed23edce12e732aa20cf3,2021-10,Staffordshire Police,Staffordshire Police,-2.186380,53.021337,On or near MOUNT PLEASANT,E01014287,Stoke-on-Trent 015D,Investigation complete; no suspect identified
b0b9340eafd7ad596d789a6b00fd065df013981b24b23336ab1704df9aa194e0,2021-10,Staffordshire Police,Staffordshire Police,,,No location,,,Further investigation is not in the public interest
c3bd8c048948ed7887d3b999b7fef984145715c0289db472402e59d763317a5b,2021-10,Staffordshire Police,Staffordshire Police,-2.164440,52.998905,On or near Supermarket,E01014276,Stoke-on-Trent 020C,Unable to prosecute suspect
eb0fce040ba4c86e2d91d26d93cfae7a388c90c990d27d575b2e4d3da0140619,2021-10,Staffordshire Police,Staffordshire Police,-2.025277,52.675173,On or near WALSALL ROAD,E01029359,Cannock Chase 012A,Further action is not in the public interest
408a836edb1c87a891fb2e5d09f2dcec9949627b21d2cb86fb61e7b09aabf6a3,2021-10,Staffordshire Police,Staffordshire Police,-2.010849,52.700643,On or near SHERWOOD DRIVE,E01029351,Cannock Chase 008C,Unable to prosecute suspect
36a5375d4150b3b16ce495b3aef2cebdac24aee722546254e45d3f7b8db5a215,2021-10,Staffordshire Police,Staffordshire Police,-2.184583,53.016000,On or near HOWARD PLACE,E01014281,Stoke-on-Trent 015A,Investigation complete; no suspect identified
289573c986d87bdc50a2bd07c02ddde9c1bf62617af35b3b9daa2c794e50c78a,2021-10,Staffordshire Police,Staffordshire Police,-2.190712,53.033358,On or near GREYHOUND WAY,E01014255,Stoke-on-Trent 009E,Unable to prosecute suspect
cff8fff5ccc876d409530a5e2c9b2b48187bfdd1efa18ba541678c29a4eadcea,2021-10,Staffordshire Police,Staffordshire Police,-2.229323,52.994906,On or near LANGDALE ROAD,E01029607,Newcastle-under-Lyme 014F,Investigation complete; no suspect identified
8426b64440ae79e3e65f6d0d0cbc7624e977b3b1ee600515bbe23f40cdd3a53b,2021-10,Staffordshire Police,Staffordshire Police,-2.168844,53.122868,On or near Petrol Station,E01029770,Staffordshire Moorlands 002C,Investigation complete; no suspect identified
ec65bfb39fb8748e6ee69ae5a3ad6e9e1a2ab2320497105c872eb9ec1cb50913,2021-10,Staffordshire Police,Staffordshire Police,-2.232138,53.008510,On or near BUCKLEY'S ROW,E01029598,Newcastle-under-Lyme 010E,Investigation complete; no suspect identified
de21a39ff079ed93a6b213fb4d87e6a5a618fdc52c8bae9627eb9d4077ccee0b,2021-10,Staffordshire Police,Staffordshire Police,-2.167988,53.029949,On or near LOWER MAYER STREET,E01014328,Stoke-on-Trent 013C,Investigation complete; no suspect identified
de522d38994cbba424aac8935fb1fb20e314cee3c28e0108ff0492cdfd15aab2,2021-10,Staffordshire Police,Staffordshire Police,-1.865215,52.894291,On or near ORIOLE CLOSE,E01029459,East Staffordshire 003A,Unable to prosecute suspect
260b26d749d1c68cdee948957efeeeaffdbb4df0d7d9210f41e273268e10276f,2021-10,Staffordshire Police,Staffordshire Police,-2.184502,53.017816,On or near HAVELOCK PLACE,E01014286,Stoke-on-Trent 015C,Investigation complete; no suspect identified
ffbfd7f06a26b7c14a0809fd7a2035b8de36caad69f2f55be58b60f00f5fc748,2021-10,Staffordshire Police,Staffordshire Police,-2.081559,52.971556,On or near MAYFIELD DRIVE,E01029702,Stafford 001A,Investigation complete; no suspect identified
fd938f4862343c0de1dfa3d7d04c0b0ea67e72fd6410c65acf5186fa633e841a,2021-10,Staffordshire Police,Staffordshire Police,-2.143453,52.996434,On or near CARLING GROVE,E01014273,Stoke-on-Trent 021A,Unable to prosecute suspect
84e3244384dc65451558980245f9cd10354979d4fac0aa80a809010b1e655414,2021-10,Staffordshire Police,Staffordshire Police,-1.745151,52.732877,On or near EXCHANGE ROAD,E01029477,Lichfield 002A,Investigation complete; no suspect identified
1f9ba04d5684982ec573ffa34c8c72e8ffbc4ffc8cc177ee704dd7447be16c49,2021-10,Staffordshire Police,Staffordshire Police,-2.159337,52.968574,On or near SELBY WALK,E01014238,Stoke-on-Trent 032D,Investigation complete; no suspect identified
1c1bd0ffaa6fc249480c55937d916114c545f0f6d1a6cfd06611e2411783d226,2021-10,Staffordshire Police,Staffordshire Police,-1.634207,52.788745,On or near WATERSIDE ROAD,E01029450,East Staffordshire 014B,Unable to prosecute suspect
a4d3d3d81930b3f3600e7fc412d9445ce54c2858d37dc05dd725f8efa091761d,2021-10,Staffordshire Police,Staffordshire Police,-2.262748,53.015709,On or near BRIDGE STREET,E01029567,Newcastle-under-Lyme 010D,Unable to prosecute suspect
71866e35182f3b85a60459dc8794711cb8442742459976c1527f730404f06dd6,2021-10,Staffordshire Police,Staffordshire Police,-2.196282,52.541488,On or near Parking Area,E01029674,South Staffordshire 013D,Investigation complete; no suspect identified
2e3f70d5e7125fc8bf7c6cdc7275cfd7e4ba0e66feceb5ddcebd2f79492a982c,2021-10,Staffordshire Police,Staffordshire Police,-1.639408,52.805346,On or near GRANTS YARD,E01032896,East Staffordshire 011F,Unable to prosecute suspect
fa7be64759ba053fbb790da9aac489f64764d03962e2c3844eb0139e0ee51ace,2021-10,Staffordshire Police,Staffordshire Police,-2.223633,52.709395,On or near SOWDLEY GREEN,E01029669,South Staffordshire 003D,Unable to prosecute suspect
123d2d45cdcd6c94fa49fc29147fc550157b2e78ccccab386891ef40c94d216f,2021-10,Staffordshire Police,Staffordshire Police,-1.820988,52.693272,On or near WALKERS CROFT,E01029525,Lichfield 005G,Investigation complete; no suspect identified
307d5622e6ffce46113e250a683a0b28bbc7b2011db9e22cf4e8f4cfc71cf728,2021-10,Staffordshire Police,Staffordshire Police,-2.196820,52.979628,On or near DIARMID ROAD,E01014353,Stoke-on-Trent 030D,Offender given a caution
015b33aa3fd7a0955a9e757dcecbb80166bbf59560877c62ae1ffa94e8a63d55,2021-10,Staffordshire Police,Staffordshire Police,-2.341545,52.997396,On or near LAVEROCK GROVE,E01029575,Newcastle-under-Lyme 013D,Investigation complete; no suspect identified
38bb03b309f17487dde0492b363e1d57c4e77704e2f14e891090286d8e0a71a1,2021-10,Staffordshire Police,Staffordshire Police,-2.073180,52.982924,On or near THE SQUARE,E01029778,Staffordshire Moorlands 012A,Unable to prosecute suspect
59b80cac2e585cf3023dc3eb1090bd4f8813ce846b6e8bf1599fd5304abda523,2021-10,Staffordshire Police,Staffordshire Police,-1.834743,52.694470,On or near COLLINS HILL,E01029492,Lichfield 004A,Unable to prosecute suspect
306338bcf5dea4a44c41b665740dabb2198f9cba90f999eac69bb6d55f3a209a,2021-10,Staffordshire Police,Staffordshire Police,-2.179119,53.028270,On or near Parking Area,E01014287,Stoke-on-Trent 015D,Unable to prosecute suspect
540c19cdfc2f44a6c25f311d8fbb4cf721b400ae3fa75d06089484cb1c17369c,2021-10,Staffordshire Police,Staffordshire Police,-2.231376,53.022058,On or near Pedestrian Subway,E01029553,Newcastle-under-Lyme 010A,Suspect charged
93a110c9b22fedc44e65ba7317fa598b6c2eae4b268732404b704b52c2272ded,2021-10,Staffordshire Police,Staffordshire Police,-2.232912,53.022172,On or near DERWENT PLACE,E01029553,Newcastle-under-Lyme 010A,Suspect charged
d03f40081cd919b6439f1ab4ea38e3c9ad5e8a9589583e94ea7a2a29f8b8c43d,2021-10,Staffordshire Police,Staffordshire Police,-2.189031,52.525255,On or near Sports/Recreation Area,E01029677,South Staffordshire 013F,Investigation complete; no suspect identified
e18ab9502ca3ef853e925494809606892a58964df07e9375d9480c14d8497db6,2021-10,Staffordshire Police,Staffordshire Police,-1.870242,52.893388,On or near BUNTING CLOSE,E01029462,East Staffordshire 003D,Unable to prosecute suspect
670a527d86251654fe435f02fbc2cdc0bfbc8f4d2f4a3802c89d932ee4ce66d8,2021-10,Staffordshire Police,Staffordshire Police,-1.882341,53.052672,On or near PORTLAND PLACE,E01029801,Staffordshire Moorlands 007A,Unable to prosecute suspect
0581cef37cb525ccb5fea92476144c415bfa4bcafecce8a0b2c3ccc6df85f523,2021-10,Staffordshire Police,Staffordshire Police,-2.189019,53.058799,On or near DENCY GROVE,E01014243,Stoke-on-Trent 006C,Investigation complete; no suspect identified
123acb661e3091d50a3dbdbe246858686037c9d9fb9d55b278820502142b7ace,2021-10,Staffordshire Police,Staffordshire Police,-2.221687,52.975890,On or near Parking Area,E01029748,Stafford 002D,Investigation complete; no suspect identified
2d865b0f05d55c0a9f78e112a0c844df233583d85eb71013c7dd52caf8902de3,2021-10,Staffordshire Police,Staffordshire Police,-1.683203,52.630695,On or near MANOR ROAD,E01029831,Tamworth 004B,Investigation complete; no suspect identified
f58368da31129329ae59b6be1cdabd9d3806367a2e7fef86bcea1fa1562fb4db,2021-10,Staffordshire Police,Staffordshire Police,-2.116739,52.808901,On or near Parking Area,E01029701,Stafford 010E,Investigation complete; no suspect identified
0df06e3d645767a03e6f291fbf9bcdd76e68adbe07274468338ee32388900a69,2021-10,Staffordshire Police,Staffordshire Police,-2.207053,52.511803,On or near THE BROOKLANDS,E01029645,South Staffordshire 013A,Investigation complete; no suspect identified
9dbeb33b66a461ae8f31997b404e29242efaf2c371dd7298f45367d269a2c1d1,2021-10,Staffordshire Police,Staffordshire Police,-2.020179,52.652772,On or near NORFOLK GROVE,E01029640,South Staffordshire 005C,Investigation complete; no suspect identified
ed503dfc5e56b5565df06022cdb89dd5f1be62c0b50041caa851ab7ee4432cdc,2021-10,Staffordshire Police,Staffordshire Police,-2.025646,52.673771,On or near BRIDGE STREET,E01029359,Cannock Chase 012A,Unable to prosecute suspect
373b701f0f7803a64a7afe6367c26df160aae6f1dda662371194e6545de30ddf,2021-10,Staffordshire Police,Staffordshire Police,-2.167585,53.018246,On or near FRANKLYN STREET,E01033216,Stoke-on-Trent 016G,Action to be taken by another organisation
b9ca36189d743b7b66a1d9b97eb1c0bdc948f991f00a3472ad0b7fb99c4c2d0f,2021-10,Staffordshire Police,Staffordshire Police,-1.632808,52.801676,On or near Shopping Area,E01032896,East Staffordshire 011F,Investigation complete; no suspect identified
0459487498164b568b950b14ce634c82f668715d6f24bb8bfc744fcfa86ec2cc,2021-10,Staffordshire Police,Staffordshire Police,-2.177415,53.027185,On or near NEW HALL STREET,E01014287,Stoke-on-Trent 015D,Unable to prosecute suspect
8cd58f549188ba9e2142b00582c88b5996dcc60cc18119367e456ab776399740,2021-10,Staffordshire Police,Staffordshire Police,-2.188999,53.006627,On or near ST ANDREW'S SQUARE,E01014293,Stoke-on-Trent 019A,Investigation complete; no suspect identified
a2121e2b0520ea1475f576650cdef94284dd9e4c8c373560051c38de5649fc2f,2021-10,Staffordshire Police,Staffordshire Police,-1.826190,52.679975,On or near Parking Area,E01029526,Lichfield 004E,Investigation complete; no suspect identified
c7c065a02d4b63b7c0c61b3fa19e4c190639efe8988b6fc5881d6f29973c99a2,2021-10,Staffordshire Police,Staffordshire Police,-2.175776,53.027421,On or near Shopping Area,E01014287,Stoke-on-Trent 015D,Unable to prosecute suspect
77ed559b9b027994c514859787afbc8824423b05a9cbdb51e896ed0c098cc4c2,2021-10,Staffordshire Police,Staffordshire Police,-2.161317,52.984563,On or near CEMLYN AVENUE,E01014240,Stoke-on-Trent 026D,Suspect charged
d5688555bc184720f987f79f6fb184fa61723f90e4526cb5ae4123d7c65ed153,2021-10,Staffordshire Police,Staffordshire Police,-2.111446,52.804474,On or near Petrol Station,E01029701,Stafford 010E,Investigation complete; no suspect identified
27a09aae7fb7141505c2da887a53f4cf0bed5e7e4aee76087ab847949da0eef0,2021-10,Staffordshire Police,Staffordshire Police,-2.098863,52.978375,On or near KINGSLEY STREET,E01014368,Stoke-on-Trent 028D,Unable to prosecute suspect
52b463f38321af8b25c423feebc4027883ea9d2d558780d01c57ab3d1d3dd918,2021-10,Staffordshire Police,Staffordshire Police,-1.654068,52.784282,On or near JACKLIN CLOSE,E01029414,East Staffordshire 013B,Investigation complete; no suspect identified
163f437396e67bc0e93108899cdf9634ab2fb03471962c9a72a315a12959224b,2021-10,Staffordshire Police,Staffordshire Police,-2.208835,53.025120,On or near DORRIDGE GROVE,E01029579,Newcastle-under-Lyme 009B,Unable to prosecute suspect
6c0fc2c3d1aa3f2a7076d8b4df128a45ce7f873012120320d2cfd9279182de97,2021-10,Staffordshire Police,Staffordshire Police,-2.191122,52.997940,On or near SHEPPARD STREET,E01014340,Stoke-on-Trent 019D,Investigation complete; no suspect identified
41b9f348b0ae33aea57f2c7c8e07bd41e71e717dda571083a669b8a558ee0f37,2021-10,Staffordshire Police,Staffordshire Police,-2.103707,52.793766,On or near OLD RICKERSCOTE LANE,E01029734,Stafford 016C,Investigation complete; no suspect identified
72ad5accee53534561eedc3381bb1cd54fb558ca137ac882de4ff6c68c88c5f5,2021-10,Staffordshire Police,Staffordshire Police,-1.706559,52.626700,On or near VENTURA PARK ROAD,E01029837,Tamworth 005B,Investigation complete; no suspect identified
81bf8f58ee3d30bc6dabe7b8e5f54f28172597eca7e8473c61b2e6d087ab9b4c,2021-10,Staffordshire Police,Staffordshire Police,-1.698922,52.624461,On or near A5,E01029837,Tamworth 005B,Investigation complete; no suspect identified
d47cf59ce0a0018b0adc730f2efe036145828fd8a02b7db26026c100b440884b,2021-10,Staffordshire Police,Staffordshire Police,-2.175776,53.027421,On or near Shopping Area,E01014287,Stoke-on-Trent 015D,Investigation complete; no suspect identified
901f716654af61ab89becb999b36988c15b541c4f2d3e4a9f98c75c5e0b6cb8b,2021-10,Staffordshire Police,Staffordshire Police,-2.062114,53.024263,On or near KINGSLEY ROAD,E01029778,Staffordshire Moorlands 012A,Unable to prosecute suspect
69e1c3f02d085f8390ca96b3a3eaf6008677faf2a0042824bed8022f0191a44d,2021-10,Staffordshire Police,Staffordshire Police,,,No location,,,Unable to prosecute suspect
a52d81153b0df47af72cdf9e38f803c5ac88bdd455faf10b9b50ca0ea46fedc2,2021-10,Staffordshire Police,Staffordshire Police,-1.738412,52.732943,On or near BURTON ROAD,E01029478,Lichfield 002B,Suspect charged
0cd7c40e63b4e946c4aa9562ee8978a33c163752a85d81cb2104f6229f37653a,2021-10,Staffordshire Police,Staffordshire Police,-2.208918,53.030001,On or near Petrol Station,E01029611,Newcastle-under-Lyme 008E,Investigation complete; no suspect identified
a24fe725a6ca2990e09404067fca862a8ff1844d153f11956b5f9efd4b485318,2021-10,Staffordshire Police,Staffordshire Police,-2.243008,53.004200,On or near THE THISTLES,E01029599,Newcastle-under-Lyme 010F,Unable to prosecute suspect
8237cfb6f8f769cbb0375359734fcf7b105024eea80fbb889021db406c071ad2,2021-10,Staffordshire Police,Staffordshire Police,-2.113657,52.991675,On or near RANSOME PLACE,E01014362,Stoke-on-Trent 025E,Unable to prosecute suspect
441a595b4eb485412c85722d7132e5532275bf9e6fa0bb17a4af5896789cb554,2021-10,Staffordshire Police,Staffordshire Police,-2.186063,53.003089,On or near LONDON ROAD,E01014345,Stoke-on-Trent 019E,Investigation complete; no suspect identified
34ce74f67b705b811c88c1dd0897a554bd8d7010b851fd1f691dfe4d300e89ff,2021-10,Staffordshire Police,Staffordshire Police,-2.114633,52.803680,On or near LICHFIELD ROAD,E01029701,Stafford 010E,Unable to prosecute suspect
60043ccc5b3bbd5ced5ebfee42666f4b556339021e6674e1a66366c131b4c732,2021-10,Staffordshire Police,Staffordshire Police,-1.652125,52.616628,On or near ERINGDEN,E01029859,Tamworth 007E,Further action is not in the public interest
1e48fa5ac0623f279fff17929f5b049699aabf5dff32ce231d88179845a2d076,2021-10,Staffordshire Police,Staffordshire Police,-2.130538,52.790045,On or near SOMERSET ROAD,E01029716,Stafford 013B,Unable to prosecute suspect
11d3054f3367ca9cf8f1c83dc147bf30c80c20c543818482c26a433221489b64,2021-10,Staffordshire Police,Staffordshire Police,,,No location,,,Unable to prosecute suspect
08f7297c202cb3e5701be300ddc19ef519fccff3ef7bb80e1174ace2952efeb0,2021-10,Staffordshire Police,Staffordshire Police,-2.241068,53.089223,On or near BOURNE ROAD,E01029564,Newcastle-under-Lyme 002C,Investigation complete; no suspect identified
adf4d21d8a74b441793dbca58f2b439aa171e453e4641c678789dc800cbb963c,2021-10,Staffordshire Police,Staffordshire Police,-1.919979,52.681028,On or near Supermarket,E01029489,Lichfield 009C,Investigation complete; no suspect identified
5a10fcc624962a3f74c5075d3f4f17215823f1a73580a44e9196fc7a0b101969,2021-10,Staffordshire Police,Staffordshire Police,-2.185968,53.050328,On or near JACKFIELD STREET,E01014245,Stoke-on-Trent 006E,Investigation complete; no suspect identified
039541851313dde41bc791561c6578601942dddca8f85f177e946ecd8b7db712,2021-10,Staffordshire Police,Staffordshire Police,-2.237019,53.007242,On or near HILLSIDE,E01029600,Newcastle-under-Lyme 014D,Investigation complete; no suspect identified
263bd8814f962956cfc48307444f238e1356a2231528a09752a6edcce7ecb4b0,2021-10,Staffordshire Police,Staffordshire Police,-2.254626,53.046326,On or near BIRCH HOUSE ROAD,E01029547,Newcastle-under-Lyme 007A,Further action is not in the public interest
f8fafce98dc88997f1781c7378ee4fd03d70fcf04d2094d551ae497c1fcf6ceb,2021-10,Staffordshire Police,Staffordshire Police,-2.175320,53.010738,On or near DARNLEY STREET,E01014284,Stoke-on-Trent 016F,Investigation complete; no suspect identified
d5c997de475da9eeed7300abbce77c88928d78fb5de2811f5ba1755d5c748375,2021-10,Staffordshire Police,Staffordshire Police,-2.203474,53.020176,On or near GARNER STREET,E01029580,Newcastle-under-Lyme 009C,Unable to prosecute suspect
d4a9dd0e89fbeca2290cfcfbfe88b8a9c6230c9e320480ea303a24ba9a114b4f,2021-10,Staffordshire Police,Staffordshire Police,-1.621508,52.789487,On or near SAXON CLOSE,E01029449,East Staffordshire 014A,Unable to prosecute suspect
1c22d5abd53b198d003ba75b1bdf87bcccc91f0089ea09fd910d5afde954b20a,2021-10,Staffordshire Police,Staffordshire Police,-2.189512,52.980719,On or near PRIMROSE HILL,E01014346,Stoke-on-Trent 030A,Investigation complete; no suspect identified
c8911092bc2a74a4d33ba2d98f5de9214a198d64993a522f7a57714ef9126804,2021-10,Staffordshire Police,Staffordshire Police,-2.228409,53.010782,On or near Supermarket,E01029604,Newcastle-under-Lyme 011E,Investigation complete; no suspect identified
e1e1ebe2b9b824373138107b0e69402a1536a3abeddbdf11ff1a87fdca9d95ea,2021-10,Staffordshire Police,Staffordshire Police,-2.089448,53.027724,On or near MOUNT CLOSE,E01029780,Staffordshire Moorlands 009B,Investigation complete; no suspect identified
bdbc6f9cde9351378f36535b7b47e142e79609bfee0f6faa18db8c411072a796,2021-10,Staffordshire Police,Staffordshire Police,-2.016149,52.667120,On or near Petrol Station,E01029642,South Staffordshire 004G,Further investigation is not in the public interest
704dedff75bb08dcf732bb6b4e44173a13a2eed977ec719ee4b5f2b5f7e04c23,2021-10,Staffordshire Police,Staffordshire Police,-1.659967,52.609145,On or near BRAMBLING,E01029867,Tamworth 010C,Unable to prosecute suspect
4ccdd680b40baddd031fc7bd8e37c23f44b6eb9d1818fe296cc121883473eaf0,2021-10,Staffordshire Police,Staffordshire Police,-2.198518,52.781626,On or near RECTORY LANE,E01029688,Stafford 015A,Investigation complete; no suspect identified
734d0886ff1f929899cc991a400f5bd292423019d4d7a7dd8e180c6a0b8a6761,2021-10,Staffordshire Police,Staffordshire Police,-2.126284,53.010036,On or near HOUSEFIELD ROAD,E01014224,Stoke-on-Trent 017E,Unable to prosecute suspect
996b681a264a292dc897bf209cb2d58f325d4d4efcfeccdf767c1c87dca6b60d,2021-10,Staffordshire Police,Staffordshire Police,-1.750077,52.606708,On or near SUTTON ROAD,E01029488,Lichfield 012A,Investigation complete; no suspect identified
d073ef1c9c0c0bc3e4377788f04eab82d175488da437fba9fcb3f81cc2c0e9f8,2021-10,Staffordshire Police,Staffordshire Police,-2.215113,53.043393,On or near LONGSHAW STREET,E01014252,Stoke-on-Trent 009D,Investigation complete; no suspect identified
3dcb0f8d0b1aa8ecf1e427641077e8385cffca9ef6a163af3daa25dc493a6f37,2021-10,Staffordshire Police,Staffordshire Police,-2.199546,53.086253,On or near SAMUEL STREET,E01014264,Stoke-on-Trent 001E,Unable to prosecute suspect
0db4f6cf6b9839a9503ab1675b8d9b8680a738e0fca41b602487017d165a6b97,2021-10,Staffordshire Police,Staffordshire Police,-2.141135,52.993866,On or near FOLEY STREET,E01014273,Stoke-on-Trent 021A,Further investigation is not in the public interest
5ad263cb30c377a34cc00c5139b49378568966028d788e48988c4b75cd8e6e74,2021-10,Staffordshire Police,Staffordshire Police,-2.164003,53.033011,On or near OAK STREET,E01014327,Stoke-on-Trent 013B,Formal action is not in the public interest
955be42ca7f57fb542b9d2b477d459147fa0e01c48814b7f58a3fb0d852092de,2021-10,Staffordshire Police,Staffordshire Police,-1.717148,52.611228,On or near Theme/Adventure Park,E01029504,Lichfield 012D,Investigation complete; no suspect identified
c7d781a556de56f5baf99744f0282372d49724181af714e09f69722c63a784b8,2021-10,Staffordshire Police,Staffordshire Police,-1.635366,52.820346,On or near SHAKESPEARE ROAD,E01029427,East Staffordshire 008B,Investigation complete; no suspect identified
10c851f20a3f87c58b2a1bd1cdb99e1952ef2e849e67b4d973f5e2396bfbc4d7,2021-10,Staffordshire Police,Staffordshire Police,-1.693480,52.633805,On or near Supermarket,E01029835,Tamworth 002A,Unable to prosecute suspect
e65a3c23622df68aeb9d1cef9ba8e37f245ec0a619999fd643c6a335c1bc3872,2021-10,Staffordshire Police,Staffordshire Police,-2.165589,53.018869,On or near BRENTLEIGH WAY,E01033216,Stoke-on-Trent 016G,Further action is not in the public interest
e65a3c23622df68aeb9d1cef9ba8e37f245ec0a619999fd643c6a335c1bc3872,2021-10,Staffordshire Police,Staffordshire Police,-2.165589,53.018869,On or near BRENTLEIGH WAY,E01033216,Stoke-on-Trent 016G,Further action is not in the public interest
2db5d00c28b50dd5c394c658202ce7c63dca9380c7954e6e8f6715f7919b631a,2021-10,Staffordshire Police,Staffordshire Police,-2.189972,53.071976,On or near CHORLEY AVENUE,E01014262,Stoke-on-Trent 003B,Unable to prosecute suspect
f1fce92b14b2a56cf03d685cf6cf256957688b70c38b2199e430c7b1a064ccb6,2021-10,Staffordshire Police,Staffordshire Police,-1.633082,52.804356,On or near WYLLIE MEWS,E01032896,East Staffordshire 011F,Unable to prosecute suspect
f6e86f0011a9c0653449caad2f7d633e81739ee0062ddcbf9aad0dca325e3306,2021-10,Staffordshire Police,Staffordshire Police,-2.136891,52.796654,On or near TUDOR WAY,E01029714,Stafford 012A,Investigation complete; no suspect identified
1595db3c559d7c909ff68734a4e70bc437eae32dcf20b561d4cb5d15f49ca982,2021-10,Staffordshire Police,Staffordshire Police,-2.186298,52.967582,On or near THE DREYS,E01014350,Stoke-on-Trent 034B,Unable to prosecute suspect
b10d72d1ac286c3612e679e104dbdde6623dc74d1025f5c1c31095a0dc91d490,2021-10,Staffordshire Police,Staffordshire Police,-2.075333,51.886984,On or near NAUNTON CRESCENT,E01022118,Cheltenham 014D,Unable to prosecute suspect
88922de9cb426b222cce6fd30297c9ec5b726be745d7a3ce20c0ccd78e93925c,2021-10,Staffordshire Police,Staffordshire Police,-1.803992,52.682350,On or near CORNFIELD DRIVE,E01029484,Lichfield 005B,Investigation complete; no suspect identified
e5aef84ef59bbf238e23afa0efdbaeef37eaab55164d88c7e76a4e971e54561b,2021-10,Staffordshire Police,Staffordshire Police,-2.225244,53.009773,On or near Nightclub,E01029604,Newcastle-under-Lyme 011E,Suspect charged
423b9bd631f1dd84ea83739519794ab59570bbc131307a8a8912e755cb5b3535,2021-10,Staffordshire Police,Staffordshire Police,-2.186737,53.007376,On or near LEWIS STREET,E01014293,Stoke-on-Trent 019A,Investigation complete; no suspect identified
3bfa46b68ce162fb551787f4352d319a991bc99fd187052bf192f43ac0e8f20a,2021-10,Staffordshire Police,Staffordshire Police,-1.746036,52.728420,On or near TURTON CLOSE,E01029478,Lichfield 002B,Unable to prosecute suspect
5df8071bd99b7c639d2da0531c8d64fdc62037473b88aca51130bca3765604d3,2021-10,Staffordshire Police,Staffordshire Police,-2.123875,52.892531,On or near UTTOXETER ROAD,E01029741,Stafford 004C,Unable to prosecute suspect
b4c006cc9f3e7bf54cf8f7cf44942ee6f1b45b4bb30b86c11a04712883667814,2021-10,Staffordshire Police,Staffordshire Police,-2.145812,52.993482,On or near OLDFIELD STREET,E01014273,Stoke-on-Trent 021A,Unable to prosecute suspect
28c223f9f75b8c67c03cc4e1582eefbe57a07a005fa8edf5e1a597f845b11b21,2021-10,Staffordshire Police,Staffordshire Police,-1.799055,52.807243,On or near Park/Open Space,E01029473,East Staffordshire 006E,Investigation complete; no suspect identified
bc7ba7ab083bfdfd2a5647fbe7405397fe877af3dcd30ab07cc0b7384a755c3d,2021-10,Staffordshire Police,Staffordshire Police,-1.833095,52.692148,On or near FRIDAY ACRE,E01029492,Lichfield 004A,Unable to prosecute suspect
edd653b21e175a11fb56d19ba7facca0a0307989f7802304857cb95d5c061010,2021-10,Staffordshire Police,Staffordshire Police,-2.172659,52.986264,On or near DENNIS VIOLLET AVENUE,E01014234,Stoke-on-Trent 026B,Local resolution
edd653b21e175a11fb56d19ba7facca0a0307989f7802304857cb95d5c061010,2021-10,Staffordshire Police,Staffordshire Police,-2.172659,52.986264,On or near DENNIS VIOLLET AVENUE,E01014234,Stoke-on-Trent 026B,Local resolution
e888243f9e002b4db1cfed2d1a83049b6fa9498ddb400138e243e6e82a3253b2,2021-10,Staffordshire Police,Staffordshire Police,-1.683528,52.859984,On or near BRIDGE STREET,E01029465,East Staffordshire 004E,Local resolution
b212bb677e702e426365aa59b736679c70590b30404ae445a82f6de230646d5f,2021-10,Staffordshire Police,Staffordshire Police,-2.189373,52.996792,On or near SUMMER STREET,E01014340,Stoke-on-Trent 019D,Further action is not in the public interest
c45733bdc1a9027d698dc11c2a982b6a7467daa7604f5b865b96ed5caa1ab815,2021-10,Staffordshire Police,Staffordshire Police,-2.128902,52.978319,On or near BELGRAVE CRESCENT,E01014312,Stoke-on-Trent 029D,Unable to prosecute suspect
0301e37cf9376551a5539b7995df0ff712a41e1a10c439cd6fb259684a567779,2021-10,Staffordshire Police,Staffordshire Police,-2.240826,53.091318,On or near SUSSEX DRIVE,E01029564,Newcastle-under-Lyme 002C,Suspect charged
fd9a9a11218cf5d8bc26d03b088684265c53d8d932b7f0afba01b06f6cbc7aa1,2021-10,Staffordshire Police,Staffordshire Police,-2.031721,52.689663,On or near MARKET PLACE,E01029364,Cannock Chase 011B,Unable to prosecute suspect
a4e4547815450eaf1e6d78c60e714dee4dd575a74e04859c37efb4e6fe256205,2021-10,Staffordshire Police,Staffordshire Police,-2.099680,52.964765,On or near JUNIPER CLOSE,E01014320,Stoke-on-Trent 033D,Formal action is not in the public interest
912484f2f5cd6561bffec26fed952c51e8541aa2e76bf942fdac7912bc4cfd14,2021-10,Staffordshire Police,Staffordshire Police,-1.948107,52.761159,On or near MARCH BANKS,E01029403,Cannock Chase 002D,Investigation complete; no suspect identified
7ea824e866fded07766f28034f58080bc7814570da1967fd2e4660e9a2cde4a6,2021-10,Staffordshire Police,Staffordshire Police,-1.668062,52.612755,On or near TARRANT,E01029829,Tamworth 010A,Unable to prosecute suspect
f2db43f7c9d0d51f80c67d977842eb5b975365b2b8b9cbcafaa1b2dbbabb3e9d,2021-10,Staffordshire Police,Staffordshire Police,-2.183448,53.053954,On or near STEELE AVENUE,E01014245,Stoke-on-Trent 006E,Unable to prosecute suspect
39581c27ef748ad22612a317235ae68db6fa0d5c0ac95da081396ad04ee6665d,2021-10,Staffordshire Police,Staffordshire Police,-2.120930,52.982337,On or near A5007,E01014302,Stoke-on-Trent 022D,Investigation complete; no suspect identified
8a733fb75e3f90714aa43c7994ab6195498fa3edb6d4992bb9395210c51461e0,2021-10,Staffordshire Police,Staffordshire Police,-1.920487,52.743785,On or near Petrol Station,E01029347,Cannock Chase 003C,Investigation complete; no suspect identified
830b5de53b4eff49dcdf983175995b48b4e909970b3eb3a5e8ac68f0f1defda8,2021-10,Staffordshire Police,Staffordshire Police,-2.130324,52.896884,On or near CRANMORE GROVE,E01029739,Stafford 004B,Unable to prosecute suspect
12fd3a4d98b12f3653756fd54498facd008da523c84b88c6c3a9c71402fe60a7,2021-10,Staffordshire Police,Staffordshire Police,-2.208688,52.527272,On or near B4176,E01029680,South Staffordshire 012E,Investigation complete; no suspect identified
fa767e36826e93268b731d9a0eec3e0564fe4018282561f6d3e1f8696de8d3ae,2021-10,Staffordshire Police,Staffordshire Police,-2.202902,53.044457,On or near BILLINGE STREET,E01014251,Stoke-on-Trent 009C,Unable to prosecute suspect
5862633d65dd7dd5527839e67b6d3201938bfd79a221e02b57ed29ef6cdd10f9,2021-10,Staffordshire Police,Staffordshire Police,-2.143404,53.022080,On or near Police Station,E01014219,Stoke-on-Trent 014B,Investigation complete; no suspect identified
3ef52289e6da9fb1ca5551925e5df058bb6dd99eec3afd9af15039b9a9d05611,2021-10,Staffordshire Police,Staffordshire Police,-2.029812,52.688171,On or near Supermarket,E01029360,Cannock Chase 012B,Unable to prosecute suspect
83a4422eedc5ee62fc6f17dad514a6fd298b0b0358a515659356f047bd26f11c,2021-10,Staffordshire Police,Staffordshire Police,-1.693480,52.633805,On or near Supermarket,E01029835,Tamworth 002A,Investigation complete; no suspect identified
249f27ca589391274febf8a82b9799c24029b4fdc93a1819686c49ebd785878a,2021-10,Staffordshire Police,Staffordshire Police,-2.217295,53.011747,On or near YORK STREET,E01029603,Newcastle-under-Lyme 011D,Investigation complete; no suspect identified
ca8a31cd4f643f5189d8dc5d050517947fdb5289e80a7a15cd2b203058c40aa6,2021-10,Staffordshire Police,Staffordshire Police,-1.953496,52.765530,On or near HURSTBOURNE CLOSE,E01029369,Cannock Chase 001B,Unable to prosecute suspect
0bc08fba2cd5b94d20fab4d04a52e0b3ca48366a64a0b62fed8838e7a54dc67c,2021-10,Staffordshire Police,Staffordshire Police,-2.014270,52.709228,On or near MERCURY ROAD,E01029384,Cannock Chase 005A,Further action is not in the public interest
0f69451e50e176990da7a798773a47a8e4e4d3f21aa104a42173705c3ff1f98b,2021-10,Staffordshire Police,Staffordshire Police,-2.167128,53.023505,On or near WATERLOO STREET,E01014231,Stoke-on-Trent 016B,Suspect charged
0f69451e50e176990da7a798773a47a8e4e4d3f21aa104a42173705c3ff1f98b,2021-10,Staffordshire Police,Staffordshire Police,-2.167128,53.023505,On or near WATERLOO STREET,E01014231,Stoke-on-Trent 016B,Suspect charged
849468d5b7ce13f98e087d9a966a780e2686076a355582e2fa2a64ca1b00d888,2021-10,Staffordshire Police,Staffordshire Police,-2.178153,53.025323,On or near GITANA STREET,E01014287,Stoke-on-Trent 015D,Unable to prosecute suspect
fae32b8ff1fc55c4b3d40d027a24bf9263c32e886a056cf6c0bb3b7f3b9234f5,2021-10,Staffordshire Police,Staffordshire Police,-2.021010,52.690771,On or near WOOTTONS COURT,E01029353,Cannock Chase 011A,Investigation complete; no suspect identified
1dffbfe581ccfc1b45aeb86bcea036f33f10e6768a87a97e33d7c5965eb04c45,2021-10,Staffordshire Police,Staffordshire Police,-1.983048,52.998254,On or near DOVEDALE CLOSE,E01029782,Staffordshire Moorlands 010B,Unable to prosecute suspect
52738acb4aec6dd1e633c7e78d3c20339161eebd7e028c4b87cc77f43907f127,2021-10,Staffordshire Police,Staffordshire Police,-1.930629,52.765025,On or near RIVERSIDE,E01029402,Cannock Chase 001E,Investigation complete; no suspect identified
015453a6c44cc38db0b91b79b9dfe4cccd903c4e3bcb8ec3b056de23d420df78,2021-10,Staffordshire Police,Staffordshire Police,-1.930629,52.765025,On or near RIVERSIDE,E01029402,Cannock Chase 001E,Investigation complete; no suspect identified
7347d6281bca9cdf02c3eed30ec6f433137b12e46d84b2194120be8b947d890b,2021-10,Staffordshire Police,Staffordshire Police,-2.118386,52.814724,On or near SHEPHERDS BUSH STREET,E01029689,Stafford 010A,Unable to prosecute suspect
dd2ebb8d7013173f53a03b98f4374bc57124df0e029ea654989b3fc817f3aa0e,2021-10,Staffordshire Police,Staffordshire Police,,,No location,,,Local resolution
b1f3101e1616381ec150f7883f36cfb62bede7266560f7dd65963605e7398ab9,2021-10,Staffordshire Police,Staffordshire Police,,,No location,,,Formal action is not in the public interest
817f9f319868ac63f47524e32a9cc4c16cc8a4a5e23c7b5f34be49712d38d81e,2021-10,Staffordshire Police,Staffordshire Police,-2.107833,52.782894,On or near CHURCH CLOSE,E01029735,Stafford 016D,Investigation complete; no suspect identified
959461984923b6f1973c5fe0e75cc88e9c5b1f40c03949b33cb8b394e011485f,2021-10,Staffordshire Police,Staffordshire Police,-1.691830,52.633046,On or near BOLEBRIDGE STREET,E01029838,Tamworth 005C,Investigation complete; no suspect identified
34a17dd75d68921f93e8b82368379dd0ab828636b3cfa3b92a25c81ee9ac0427,2021-10,Staffordshire Police,Staffordshire Police,-2.218187,53.034910,On or near GEORGE STREET,E01029609,Newcastle-under-Lyme 008D,Unable to prosecute suspect
44476ad5ba6b0f4ef741beb697ac8a8bc500da151620f8fd87569400ae54b606,2021-10,Staffordshire Police,Staffordshire Police,-1.834743,52.694470,On or near COLLINS HILL,E01029492,Lichfield 004A,Investigation complete; no suspect identified
7d0ce7a1471742d1713c97638b573844ec23ea43183dc66a76b102bd26c3a97c,2021-10,Staffordshire Police,Staffordshire Police,-2.129736,52.809651,On or near EBONY CLOSE,E01029750,Stafford 007D,Investigation complete; no suspect identified
d75037cb2c00233fd9e65425e623db5984996753f4aa07c4594c09adf2728ca7,2021-10,Staffordshire Police,Staffordshire Police,-2.179469,53.040746,On or near LEEK NEW ROAD,E01014253,Stoke-on-Trent 011B,Unable to prosecute suspect
6413c4a1f35b94c6e8447ec867d2e05690f0ed058d37118f76c16bbfa1b034a0,2021-10,Staffordshire Police,Staffordshire Police,-1.834743,52.694470,On or near COLLINS HILL,E01029492,Lichfield 004A,Unable to prosecute suspect
21771fd683c3d78a0a5992b69f4543d25056a4141d40a8821bbc863120ccdacd,2021-10,Staffordshire Police,Staffordshire Police,-2.018254,52.714810,On or near VIEWFIELD AVENUE,E01029385,Cannock Chase 004B,Further action is not in the public interest
916a27546ce2f1632c21fff9c80bf1d1af213998b8690a376fac37e061e5ea34,2021-10,Staffordshire Police,Staffordshire Police,-1.832423,52.697613,On or near GILES ROAD,E01029500,Lichfield 005D,Unable to prosecute suspect
4a33b1a2c5d19a8ed6ea09b72414c67779e53e1c8be78ccd7326f4b0f1d4c5e7,2021-10,Staffordshire Police,Staffordshire Police,-2.164351,53.030278,On or near Supermarket,E01014329,Stoke-on-Trent 013D,Investigation complete; no suspect identified
903fbb1adce15424b6718faa120b49272cad471ba92e4169d9d623bf2b527628,2021-10,Staffordshire Police,Staffordshire Police,-2.172803,53.052154,On or near FORD GREEN ROAD,E01014268,Stoke-on-Trent 008C,Investigation complete; no suspect identified
6df1753dfaa34555e2ff246f44726f0781711f3ba4d9ec801fb47d9df2594b60,2021-10,Staffordshire Police,Staffordshire Police,-1.675878,52.628257,On or near Parking Area,E01029830,Tamworth 006E,Investigation complete; no suspect identified
fd6b24e0e64e69427adedad30ced41b8f846eb35a93e4f3cec78d037850e84f3,2021-10,Staffordshire Police,Staffordshire Police,-2.242505,53.039358,On or near BEASLEY PLACE,E01029558,Newcastle-under-Lyme 006E,Unable to prosecute suspect
3f3c7ee290ff39e355afd80f7563d07801a15af9e1e50fcd2f62c786217ada64,2021-10,Staffordshire Police,Staffordshire Police,-2.193857,53.036472,On or near DRYDEN ROAD,E01014255,Stoke-on-Trent 009E,Further action is not in the public interest
39ba3ff107054bdda3dd5e3c462dc85de76c770ec450b1e9eeb013cad0563afc,2021-10,Staffordshire Police,Staffordshire Police,-2.124540,53.015126,On or near KIPLING WAY,E01014220,Stoke-on-Trent 017A,Investigation complete; no suspect identified
d4c2ea7a92cef4c4f9674129ccf91d60f2fe94c5fc676dd0a9a99682ac58f074,2021-10,Staffordshire Police,Staffordshire Police,-2.161331,53.000258,On or near HITCHMAN STREET,E01014275,Stoke-on-Trent 020B,Investigation complete; no suspect identified
57cf173d20f7ed6a87863f56a73c3f7b4434f0011b299496475258cbcad543b4,2021-10,Staffordshire Police,Staffordshire Police,-1.643306,52.820200,On or near CRAVEN STREET,E01029436,East Staffordshire 007C,Unable to prosecute suspect
918244af02cae95642e6505ddc88db7349280efbda6c2114c935c415f0148143,2021-10,Staffordshire Police,Staffordshire Police,-2.171753,52.941894,On or near ORCHARD PLACE,E01029682,Stafford 002B,Further action is not in the public interest
4ae0e26c76352525994dfdf50ffe0c48141caef607c7ea1ae84b94f66a27a39b,2021-10,Staffordshire Police,Staffordshire Police,-1.645768,52.831399,On or near ROLLESTON ROAD,E01029466,East Staffordshire 004F,Unable to prosecute suspect
2e451b9e83d389d2e0fabf0b864143f1390b34114bd43d6d7bcd3d96101bcb2b,2021-10,Staffordshire Police,Staffordshire Police,-2.233354,53.095684,On or near MARYHILL CLOSE,E01029561,Newcastle-under-Lyme 002A,Unable to prosecute suspect
14161ac07cd53e6bd2562d1d6ff414c97aaae893216d11d63c07706a74b1fda3,2021-10,Staffordshire Police,Staffordshire Police,-2.235520,52.989266,On or near DART PLACE,E01029590,Newcastle-under-Lyme 015C,Unable to prosecute suspect
f317aebcae0b1c93450902bcd7e8e3c170f77d252fdc3c5742599b3e56d12226,2021-10,Staffordshire Police,Staffordshire Police,-2.206325,53.008459,On or near ROSEMARY EDMAN CLOSE,E01014290,Stoke-on-Trent 018C,Unable to prosecute suspect
8dcd501b8d680d7136c1673a36060779e5e4700bab2e6e3c2fb8fd26b46688df,2021-10,Staffordshire Police,Staffordshire Police,-2.035262,52.696179,On or near BISHOP CLOSE,E01029367,Cannock Chase 011E,Unable to prosecute suspect
3c06785692fbdc22919850db2bf338959d277f2aca492edf23f13725e8e85489,2021-10,Staffordshire Police,Staffordshire Police,-2.058287,53.182184,On or near Park/Open Space,E01018670,Cheshire East 020D,Investigation complete; no suspect identified
e88d2761324c97e051d3d8170704c4fc24f47b3aa7727ad6b848458e292c9b56,2021-10,Staffordshire Police,Staffordshire Police,-1.826190,52.679975,On or near Parking Area,E01029526,Lichfield 004E,Investigation complete; no suspect identified
d7fcdb0d4d3905787a7b8f467d89f3d64eaa869cef6dca2abcab9d4ea227609e,2021-10,Staffordshire Police,Staffordshire Police,-2.179853,53.021922,On or near Parking Area,E01014287,Stoke-on-Trent 015D,Investigation complete; no suspect identified
a6ecc216ebb1ad44ab808303ee10108323dd927080eceffee05be4dfa61f8b66,2021-10,Staffordshire Police,Staffordshire Police,-2.257102,53.051319,On or near BURFORD AVENUE,E01029546,Newcastle-under-Lyme 004D,Further action is not in the public interest
ff14f1e21001bef19ec2d2b1aeeae55487540c0c7027fa66667748bec0a8c4e1,2021-10,Staffordshire Police,Staffordshire Police,-2.047898,52.681908,On or near SKIPTON PLACE,E01029361,Cannock Chase 012C,Action to be taken by another organisation
6942fed0b48a37e4f0677d3845659c15ba9d401f98d2a4f7ce30587427753b66,2021-10,Staffordshire Police,Staffordshire Police,-2.195962,52.595463,On or near LINGFIELD GROVE,E01029666,South Staffordshire 011C,Investigation complete; no suspect identified
2b728651fc452f91dc7a752fd6f78842333f814f8066d36eaa44c1f59bd4b227,2021-10,Staffordshire Police,Staffordshire Police,-2.001486,52.802091,On or near THE UPLANDS,E01029713,Stafford 008E,Further investigation is not in the public interest
1b29dabc84fba8793f94f8206f90cb31ab348a164af6b6efca4c68fec8748189,2021-10,Staffordshire Police,Staffordshire Police,-2.254791,53.048932,On or near HOLLY ROAD,E01029547,Newcastle-under-Lyme 007A,Unable to prosecute suspect
99faa0695d9299f77c03158d9765c75ed83d86047c006e8815c528cf4f89d283,2021-10,Staffordshire Police,Staffordshire Police,-1.707955,52.634516,On or near CYGNET DRIVE,E01029836,Tamworth 002B,Investigation complete; no suspect identified
63b1676e37933591e5dbfacdf46dd73e7c608f898929a5f3247ac5b01fd5f48c,2021-10,Staffordshire Police,Staffordshire Police,-1.825759,52.684056,On or near Nightclub,E01029526,Lichfield 004E,Investigation complete; no suspect identified
05f534ce81de81a827a8fc753b3d033c41a7287e5f8e56b57be99872f4abcc6a,2021-10,Staffordshire Police,Staffordshire Police,-2.001615,52.710946,On or near Parking Area,E01029389,Cannock Chase 005D,Investigation complete; no suspect identified
8cb995967ebc83be8588e6b557c679ee9464c2d5796735d202b8a6f2c1fbd9e4,2021-10,Staffordshire Police,Staffordshire Police,-2.166017,53.009969,On or near VICTORIA ROAD,E01014282,Stoke-on-Trent 016D,Investigation complete; no suspect identified
ad75f8c7133844f2b2465890a392a28ecbb498be943caf8624966b01a17ba13e,2021-10,Staffordshire Police,Staffordshire Police,-1.659967,52.609145,On or near BRAMBLING,E01029867,Tamworth 010C,Unable to prosecute suspect
2c6d5a59401c2e89cd1964537508ea2c6c22e4add328f70b30ac2f7d0bd3c723,2021-10,Staffordshire Police,Staffordshire Police,-2.109746,53.076464,On or near RAILWAY COURT,E01029776,Staffordshire Moorlands 008C,Unable to prosecute suspect
dd83405ec7f61166cf5d0a95f3faa176ee93c00866b8b36d3dbd4dfc7508c637,2021-10,Staffordshire Police,Staffordshire Police,-1.607640,52.796355,On or near SEFTON CLOSE,E01029419,East Staffordshire 012B,Investigation complete; no suspect identified
89903d54f62b17bb9053aaac5cb9e95ad54e5c8c6eb8517207d28478cf8344d2,2021-10,Staffordshire Police,Staffordshire Police,-1.621929,52.785299,On or near PINEWOOD ROAD,E01029452,East Staffordshire 014D,Investigation complete; no suspect identified
e06219ec05b6cdd752df7e910b03bbd60450e8e4c7e21859d6f3e112fe3c23c6,2021-10,Staffordshire Police,Staffordshire Police,-2.026320,53.101510,On or near CHALLINOR AVENUE,E01029811,Staffordshire Moorlands 005C,Unable to prosecute suspect
8ef062d5a8b8c261d4cb639689c27b7ba812202d8c5493f2f58d3b22b4150187,2021-10,Staffordshire Police,Staffordshire Police,-2.175026,52.996931,On or near MINSHALL STREET,E01014277,Stoke-on-Trent 020D,Unable to prosecute suspect
27fe478220fe41923d4ba6546c19259e00cb9b51d9317e64a20296cd3d28007d,2021-10,Staffordshire Police,Staffordshire Police,-1.771505,52.660429,On or near NOTTINGHAM ROAD,E01029530,Lichfield 008C,Action to be taken by another organisation
673c0733d1d7c450bbc6aa04e9f996fb99e32affb73ff6ce4c073e9337171016,2021-10,Staffordshire Police,Staffordshire Police,-2.199458,53.051169,On or near MARSHALL STREET,E01014247,Stoke-on-Trent 009A,Investigation complete; no suspect identified
ba5c2bbcb0243d01df02fcc56864056ac8ae1982103cce1147e4f936e99f853b,2021-10,Staffordshire Police,Staffordshire Police,-1.697580,52.632764,On or near HOLLOWAY,E01029835,Tamworth 002A,Investigation complete; no suspect identified
11c5328c904a6c1cc98b33382910b42a3d355b6b9219e73e582968af654ae67a,2021-10,Staffordshire Police,Staffordshire Police,-2.082018,52.970001,On or near ADAMTHWAITE CLOSE,E01029702,Stafford 001A,Unable to prosecute suspect
0136b4a861c2c1ebe068c85d01be0adaf3307f466689ffad03b6bd663440b6a5,2021-10,Staffordshire Police,Staffordshire Police,-2.150743,52.997683,On or near DENNIS STREET,E01014274,Stoke-on-Trent 020A,Investigation complete; no suspect identified
c623d30b8a418fe52e5f008d6e39a34cf58043a1fdb2d394e6209408cc00a8de,2021-10,Staffordshire Police,Staffordshire Police,-2.215197,53.072185,On or near WIGNALL ROAD,E01014360,Stoke-on-Trent 002D,Unable to prosecute suspect
fd79b253bba71442fbed8e8733ec220eb16189a872d9c85283eeb69760f11e5d,2021-10,Staffordshire Police,Staffordshire Police,-2.099202,52.989791,On or near NEW KINGSWAY,E01014365,Stoke-on-Trent 024C,Investigation complete; no suspect identified
21aa40cfdb929b3ae55e670c8f2c2ff7fba7d77fc87fe752e51c9a695fcc9b4d,2021-10,Staffordshire Police,Staffordshire Police,-2.047620,53.049250,On or near FOLLY LANE,E01029794,Staffordshire Moorlands 009C,Unable to prosecute suspect
e405db997c13c78bd577e44eb192c54244eb5a02d8185c35baa808b10b2bc012,2021-10,Staffordshire Police,Staffordshire Police,-2.175784,53.018396,On or near BOWER STREET,E01014287,Stoke-on-Trent 015D,Unable to prosecute suspect
74b1070af9b16ec4dc6fa3c50354f2f1eddde1990806ead5ee0c01818cff154b,2021-10,Staffordshire Police,Staffordshire Police,-2.126071,52.977972,On or near Petrol Station,E01014312,Stoke-on-Trent 029D,Suspect charged
1fc6560a16168160fd9ca2c0aeefd02a2011f6defa1f8e2887ce7cfe50071597,2021-10,Staffordshire Police,Staffordshire Police,-2.156196,52.964605,On or near YELDHAM PLACE,E01014238,Stoke-on-Trent 032D,Investigation complete; no suspect identified
2466b47b3329bf80760437efd4fa95c6388b2585f429c0d7f23a5c2983abc26c,2021-10,Staffordshire Police,Staffordshire Police,-2.186693,53.007394,On or near CHARLTON STREET,E01014293,Stoke-on-Trent 019A,Investigation complete; no suspect identified
50ca041b2acf96aad2d67f73e47c1e6887ce554be4b60ce17c8b2835034fdd60,2021-10,Staffordshire Police,Staffordshire Police,-1.843197,52.639375,On or near STATION ROAD,E01029521,Lichfield 011C,Investigation complete; no suspect identified
f62bdaae5d56437075625b83167f5895ea220492d8e5646c05907bff3a93950e,2021-10,Staffordshire Police,Staffordshire Police,-2.190859,53.036225,On or near BARRETT DRIVE,E01014255,Stoke-on-Trent 009E,Further action is not in the public interest
836f28c95ab4a0ce088998e923bb10a42e996141169cb42795f2fc8912472b01,2021-10,Staffordshire Police,Staffordshire Police,-1.892027,52.991573,On or near Theme/Adventure Park,E01029761,Staffordshire Moorlands 010A,Investigation complete; no suspect identified
bcb4716e9a0d1a505df311418f6dd6d480fb6d49aee93dbfe29a1b7b5fa4daf8,2021-10,Staffordshire Police,Staffordshire Police,-1.665372,52.793071,On or near WARWICK CLOSE,E01029413,East Staffordshire 013A,Local resolution
5c033dd1dd5927137277fd7d22f47d2443055df5189eb3c2e38499b698906a98,2021-10,Staffordshire Police,Staffordshire Police,-2.189118,52.846186,On or near A5013,E01029743,Stafford 006C,Formal action is not in the public interest
b9d61f5c141a54f96f412785a79dc6517c17da945b80796e5f30c733d1b1e071,2021-10,Staffordshire Police,Staffordshire Police,-2.190240,52.528660,On or near GREENFIELDS ROAD,E01029675,South Staffordshire 013E,Unable to prosecute suspect
327a65cf82054287fd60eeef0ce1aa4acb816f83cda76bfb8337b3ce559bfcce,2021-10,Staffordshire Police,Staffordshire Police,-1.641164,52.815492,On or near VICTORIA CRESCENT,E01029426,East Staffordshire 008A,Investigation complete; no suspect identified
30a59dfa10b6dbd0e077d3b7f1510027741ab95ed295f53b5910954b46c670db,2021-10,Staffordshire Police,Staffordshire Police,-2.139968,52.789575,On or near CARISBROOKE DRIVE,E01029715,Stafford 013A,Investigation complete; no suspect identified
f391a342204442e63d21d42759441a48566bd959a7fd2488988910d00d4dfc36,2021-10,Staffordshire Police,Staffordshire Police,-1.973257,52.976741,On or near RAKEWAY ROAD,E01029784,Staffordshire Moorlands 013A,Investigation complete; no suspect identified
4c49f41ca0c196a538af32decba8c2962ed45934e608a181b739a8e0abeda795,2021-10,Staffordshire Police,Staffordshire Police,-2.186063,53.003089,On or near LONDON ROAD,E01014345,Stoke-on-Trent 019E,Investigation complete; no suspect identified
9e5da007e43139637f0bc98ced43d33f3f8b62739f22e0500171b782b634f7e2,2021-10,Staffordshire Police,Staffordshire Police,-2.107023,52.965891,On or near GRANGEWOOD AVENUE,E01014319,Stoke-on-Trent 033C,Investigation complete; no suspect identified
8b667bb02e8403e6716aad391afa676146e3e17d3cb3792eea209e0644b2f8f2,2021-10,Staffordshire Police,Staffordshire Police,-2.173288,53.046481,On or near ESPERANTO WAY,E01014270,Stoke-on-Trent 008D,Investigation complete; no suspect identified
9ab3b4a3a6b1622903a61321d8ac55f2b52524586f4b0a9d164d002f7ae19704,2021-10,Staffordshire Police,Staffordshire Police,-1.830498,52.698024,On or near ST HELENS ROAD,E01029500,Lichfield 005D,Further action is not in the public interest
2865be497b331d8f05d3fcf0eba2787f9bc5eb9e2165233afc8281213053ab22,2021-10,Staffordshire Police,Staffordshire Police,-2.115907,52.802843,On or near FRIARS' WALK,E01029701,Stafford 010E,Investigation complete; no suspect identified
2d9802a514da661d95e63b797e7dc0c93b844e62ad25a487abf578658bbe50af,2021-10,Staffordshire Police,Staffordshire Police,-2.146639,53.030831,On or near GREYFRIARS ROAD,E01014210,Stoke-on-Trent 012A,Unable to prosecute suspect
f85ee3a3a414189b390a85ac2e4649d6ca1ed46935babf020b31b45c21ccc5e8,2021-10,Staffordshire Police,Staffordshire Police,-2.103287,52.978866,On or near Supermarket,E01014321,Stoke-on-Trent 028A,Suspect charged
2a9b5dd3cefb8029db82103c8a1daf594531039cb463adfe8bd0702512e2be57,2021-10,Staffordshire Police,Staffordshire Police,-2.186455,53.004222,On or near TRADE STREET,E01014345,Stoke-on-Trent 019E,Investigation complete; no suspect identified
ff86161fa4ee6d3599115dccba7b8312a351095f7f7c6b78c39318f835187b9c,2021-10,Staffordshire Police,Staffordshire Police,-1.776044,52.712425,On or near SHAW DRIVE,E01029479,Lichfield 002C,Unable to prosecute suspect
bf982bc67b58702a0cdf5e069247d1a110eea64e055dd9571978f8eb32b9d8d9,2021-10,Staffordshire Police,Staffordshire Police,-1.694212,52.636855,On or near Petrol Station,E01029851,Tamworth 002E,Formal action is not in the public interest
cf8a18aea3ba9805f06e9aa7979e6016f2069501543afede95d55c5244d8b91c,2021-10,Staffordshire Police,Staffordshire Police,-2.222538,53.022668,On or near HEATH AVENUE,E01029577,Newcastle-under-Lyme 009A,Suspect charged
8c14871696742a85fe815a2165ae52958188b861df42eea62a66a79470c33527,2021-10,Staffordshire Police,Staffordshire Police,-2.033112,52.689941,On or near HIGH GREEN,E01029365,Cannock Chase 011C,Suspect charged
10bb1dc291a2e221aca52650f1ff072bc2106f50458f386444a46756e933028c,2021-10,Staffordshire Police,Staffordshire Police,-2.029753,52.688971,On or near Nightclub,E01029360,Cannock Chase 012B,Investigation complete; no suspect identified
c613e732e46e3313fef88aab433dd6bd69e378d5765e1b3d81c7b1e6aeccdd14,2021-10,Staffordshire Police,Staffordshire Police,-1.628073,52.829924,On or near BEECH DRIVE,E01029456,East Staffordshire 005C,Unable to prosecute suspect
2df43bc04261396f97b19420f775bb9226942efcffa7dafb7db2cc2f2a2aeb7a,2021-10,Staffordshire Police,Staffordshire Police,-2.022049,52.696830,On or near GRESHAM ROAD,E01029367,Cannock Chase 011E,Investigation complete; no suspect identified
d11ec2b20cfe108e362ca37a6d333e1ad6e7dad6d559d58fcab537f9c5de424a,2021-10,Staffordshire Police,Staffordshire Police,-2.197250,53.044529,On or near Further/Higher Educational Building,E01014251,Stoke-on-Trent 009C,Investigation complete; no suspect identified
04b77cd73116e06e19e01cab7bbea5a1c26f6320f780b1d5e41ba1bbb832ba8c,2021-10,Staffordshire Police,Staffordshire Police,-2.191530,52.621640,On or near OAKEN PARK,E01029629,South Staffordshire 009C,Investigation complete; no suspect identified
91af72d3580d0e03cef54590e90266061b887b49313d36f08c261d79903fd7f2,2021-10,Staffordshire Police,Staffordshire Police,-2.010178,53.114025,On or near ARGLES ROAD,E01029810,Staffordshire Moorlands 001E,Unable to prosecute suspect
560ed25e84a65a2c09ab0cc09a909007d57e549e261693151da562ad908ad89c,2021-10,Staffordshire Police,Staffordshire Police,-2.202387,52.599354,On or near OFFA'S DRIVE,E01029661,South Staffordshire 010B,Unable to prosecute suspect
365c92110e161be924db4a42f0f4e5da1230854f0e3d0e65744b1fccefda01fa,2021-10,Staffordshire Police,Staffordshire Police,-2.010178,53.114025,On or near ARGLES ROAD,E01029810,Staffordshire Moorlands 001E,Unable to prosecute suspect
d1b41a832c9a2ed4d58edcd2679318e365727f2735684c52598c77b9c6697b0e,2021-10,Staffordshire Police,Staffordshire Police,-2.190743,53.023568,On or near CAVENDISH STREET,E01014285,Stoke-on-Trent 015B,Unable to prosecute suspect
15f65bea56e3a8fefefe8bae5ba59476dc20f039a2a48e672840c60e7cd09acd,2021-10,Staffordshire Police,Staffordshire Police,-1.837490,52.683992,On or near Sports/Recreation Area,E01032899,Lichfield 004F,Investigation complete; no suspect identified
ea41f404e10bd2fed22eb3db6019fe6b0c833e4a581101432bcd925f50d9bffc,2021-10,Staffordshire Police,Staffordshire Police,-2.222661,52.710269,On or near COACH GARDENS,E01029669,South Staffordshire 003D,Unable to prosecute suspect
fc4c9dc621264b04cdc7a1c6c3aa9f1bdac1803a2220e93a9a1832876df6e320,2021-10,Staffordshire Police,Staffordshire Police,-1.829032,52.683207,On or near Supermarket,E01029526,Lichfield 004E,Offender given a caution
6bb09e1706ff9505a7132b550185b7c270cbfd3d8f39f23c21b6da943dfee9d3,2021-10,Staffordshire Police,Staffordshire Police,-1.829032,52.683207,On or near Supermarket,E01029526,Lichfield 004E,Offender given a caution
e21ee4d780b5eb39e2c83505c7eea43568b5e09d75674d4567b34a448b3780cd,2021-10,Staffordshire Police,Staffordshire Police,-1.829032,52.683207,On or near Supermarket,E01029526,Lichfield 004E,Offender given a caution
c8b5f12dfe0d9db71c5ddb9b5d808c0791ec5d00df60c8cd31664bb0456474b9,2021-10,Staffordshire Police,Staffordshire Police,-2.223814,53.018432,On or near TULIP GROVE,E01029578,Newcastle-under-Lyme 011B,Further action is not in the public interest
3f17d8cf650dc1f957ca75d9fafd3edb0826e5b9b26fb7ea0b4b28077bf4b3ec,2021-10,Staffordshire Police,Staffordshire Police,-2.190743,53.023568,On or near CAVENDISH STREET,E01014285,Stoke-on-Trent 015B,Unable to prosecute suspect
3b05f5c48ec6210f3192e6f2a415590beff3a83c459480d8e4964957e03478d6,2021-10,Staffordshire Police,Staffordshire Police,-1.761019,52.720774,On or near WATSON CLOSE,E01029479,Lichfield 002C,Investigation complete; no suspect identified
2536c68e7a779b659a79faa244e098baf2488b490903c605120d961cd69595b4,2021-10,Staffordshire Police,Staffordshire Police,-2.031721,52.689663,On or near MARKET PLACE,E01029364,Cannock Chase 011B,Further action is not in the public interest
4d8d0c41ec1b1e931ba0562f9ddd03fce562e19a9a9a298abe1e979975b920f3,2021-10,Staffordshire Police,Staffordshire Police,-2.232552,53.019035,On or near HASSAM AVENUE,E01029555,Newcastle-under-Lyme 011A,Further action is not in the public interest
6f7293270a3e193c8b17ee4c163ab64d3743f052bab0aec9813845aaa93fab9f,2021-10,Staffordshire Police,Staffordshire Police,-1.830709,52.681654,On or near Parking Area,E01032899,Lichfield 004F,Unable to prosecute suspect
c68a67d56107999df32b86660e8e614fa67685d8773691d4154a390456f73342,2021-10,Staffordshire Police,Staffordshire Police,-2.164003,53.033011,On or near OAK STREET,E01014327,Stoke-on-Trent 013B,Unable to prosecute suspect
b52b87569effa01dc1d12536f850ebc22024aa256e46e4b01ce563a5a15f8822,2021-10,Staffordshire Police,Staffordshire Police,-2.175634,53.029174,On or near Parking Area,E01014287,Stoke-on-Trent 015D,Suspect charged
d8b92891a3cef3abb0b39429f4ef965a7397641a99742730095f504a5fd1b7bb,2021-10,Staffordshire Police,Staffordshire Police,-2.194510,52.530838,On or near DINGLE ROAD,E01029679,South Staffordshire 012D,Investigation complete; no suspect identified
916e0424fc7c7246569abf6cb2dc80211f5056246917eff6026c2bc337a75179,2021-10,Staffordshire Police,Staffordshire Police,-2.215568,53.012002,On or near BOUNDARY STRET,E01029603,Newcastle-under-Lyme 011D,Unable to prosecute suspect
64cc28ce5b51223ab663031e539ee222cad939f85111133a412e384066e4f607,2021-10,Staffordshire Police,Staffordshire Police,-2.223592,52.990008,On or near Petrol Station,E01029591,Newcastle-under-Lyme 014C,Investigation complete; no suspect identified
572b9cc23d078bdfed3438c92a721f68e24601f1a69722411c55248c69aa037e,2021-10,Staffordshire Police,Staffordshire Police,-2.214545,53.016049,On or near Theatre/Concert Hall,E01029578,Newcastle-under-Lyme 011B,Unable to prosecute suspect
a8868857c208f968b0bb9b7d88459c5197e37948d5a9087005b6e76497f60b71,2021-10,Staffordshire Police,Staffordshire Police,-1.761717,52.674002,On or near LANGTON CRESCENT,E01029531,Lichfield 008D,Unable to prosecute suspect
c66729500e5a8a6d442bcb7c6b621ea028f4199aaa8a9b523edc94e2b31762f6,2021-10,Staffordshire Police,Staffordshire Police,-2.176351,53.025811,On or near STAFFORD STREET,E01014287,Stoke-on-Trent 015D,Unable to prosecute suspect
2b5917b6cf9b577b97552c32339c018c239a9614a53c86c969af8bab7e25e8db,2021-10,Staffordshire Police,Staffordshire Police,-2.016324,52.660881,On or near FIELD LANE,E01029643,South Staffordshire 005D,Further action is not in the public interest
3459875cf9e4d3adf39833796a09cf5f93342a6a353130e6ce15be5e076b348a,2021-10,Staffordshire Police,Staffordshire Police,-2.024124,52.675740,On or near GREEN LANE,E01029359,Cannock Chase 012A,Investigation complete; no suspect identified
7e75e097cc0aa7981ccd6f9b5dff2d83582273935692aff0d081781ac52c3c5a,2021-10,Staffordshire Police,Staffordshire Police,-2.223666,53.038864,On or near BEACONSFIELD,E01029583,Newcastle-under-Lyme 008A,Further investigation is not in the public interest
38fc8e0a5b1d2eb18957e3dba2ffa2e3dca44fe285635c4a851205e716b4c49f,2021-10,Staffordshire Police,Staffordshire Police,-1.685112,52.597294,On or near HIGH STREET,E01029861,Tamworth 009B,Investigation complete; no suspect identified
5f426268f95fcfad91b1f2d7d7cdc876d9496ed15f1e0fb2e2194c935243dcfe,2021-10,Staffordshire Police,Staffordshire Police,-2.137960,52.988692,On or near Parking Area,E01014302,Stoke-on-Trent 022D,Offender given a caution
c80344b745e2cb75d0437f635f2031da086ddf4210c075bcaab9d498500bc073,2021-10,Staffordshire Police,Staffordshire Police,-2.164577,52.999588,On or near Bus/Coach Station,E01014275,Stoke-on-Trent 020B,Suspect charged
1eb2fe706109f6ceaeb396fe50c43cfdcfaae5b3c3a5d3c8d8efc67b48b8bbc3,2021-10,Staffordshire Police,Staffordshire Police,-2.327677,53.009624,On or near SWAN BANK,E01029573,Newcastle-under-Lyme 013B,Investigation complete; no suspect identified
21fefd4be6981ef92955619552f76c00ce6963690eddf553287388941e8cd26f,2021-10,Staffordshire Police,Staffordshire Police,-2.208799,53.066973,On or near GRAYSHOTT ROAD,E01014359,Stoke-on-Trent 002C,Unable to prosecute suspect
97c9f1ec35a266d69f96c02b8650bd2b2d647ea3cf99d871fa58e6e4422506d5,2021-10,Staffordshire Police,Staffordshire Police,-2.163524,53.024553,On or near HOMER STREET,E01033216,Stoke-on-Trent 016G,Unable to prosecute suspect
ccc57515a9d597963f3242024a2bdbb936774fba02747e36753fbd66f9dbd018,2021-10,Staffordshire Police,Staffordshire Police,-2.015359,52.649932,On or near ALPHA WAY,E01029638,South Staffordshire 005A,Offender given a caution
a3a419336d840ddd49b35e3c4fa78eb4283489327b124f828c7c2e7c7b2145b7,2021-10,Staffordshire Police,Staffordshire Police,-2.187397,53.080430,On or near WENLOCK CLOSE,E01014257,Stoke-on-Trent 001A,Unable to prosecute suspect
83e63357081474e8573ee2a0351e90385faf51972fee808b575125002b130dfc,2021-10,Staffordshire Police,Staffordshire Police,-2.095858,52.966431,On or near RUBENS WAY,E01014318,Stoke-on-Trent 033B,Suspect charged
a3adb5120ed28dc9b88cc26b17244def388800cf009a22c780e1a6451de256d4,2021-10,Staffordshire Police,Staffordshire Police,-1.653848,52.632267,On or near WOODLAND ROAD,E01029824,Tamworth 003D,Unable to prosecute suspect
ff87eabd71a6c90045db1b8a212adc704c37bd304ad97c80748b39c1c498a821,2021-10,Staffordshire Police,Staffordshire Police,-2.196119,53.005734,On or near MOUNT AVENUE,E01014292,Stoke-on-Trent 018E,Investigation complete; no suspect identified
1aaac5cf64bcc61dfb0071609e6950d1b1cb2cdd917bbd94c7a96cef347c172b,2021-10,Staffordshire Police,Staffordshire Police,-2.189651,53.073630,On or near MEIKLEJOHN PLACE,E01014260,Stoke-on-Trent 001D,Further action is not in the public interest
30bd98673c9b187cce8c32a39536c7a07cdaf347ff82475c9d6c4aa35bc22c17,2021-10,Staffordshire Police,Staffordshire Police,-2.122135,52.807745,On or near Parking Area,E01029701,Stafford 010E,Unable to prosecute suspect
d8853d86b7c07198dbc8583e0102791b9e06e09af3c0740efdeffdd5c1d2258a,2021-10,Staffordshire Police,Staffordshire Police,-2.192901,53.056132,On or near CROSSLEY ROAD,E01014244,Stoke-on-Trent 006D,Unable to prosecute suspect
03a136b8602c25ec6ce160cbd529ff923eefdc2ce54ab3110fd0c5a1dcde8db1,2021-10,Staffordshire Police,Staffordshire Police,-2.169772,53.036302,On or near CHELL STREET,E01014256,Stoke-on-Trent 011D,Unable to prosecute suspect
ba0924105e0f9ec5e0783b3bb599c4d722facddd453f7d511c546323c320f056,2021-10,Staffordshire Police,Staffordshire Police,-1.873461,52.588007,On or near HARDWICK ROAD,E01029514,Lichfield 011B,Unable to prosecute suspect
053e52ddce82422be193a2b22036bdd996cbe2225b6a4a59e7fbdce792dd5294,2021-10,Staffordshire Police,Staffordshire Police,-1.851251,52.626080,On or near FOOTHERLEY LANE,E01029522,Lichfield 011D,Investigation complete; no suspect identified
1fc7e1424aa3763727f72d2ab5a9aabdfa23d0293a86164defe9053de85366aa,2021-10,Staffordshire Police,Staffordshire Police,-2.195537,52.998984,On or near ELLASTONE GROVE,E01014295,Stoke-on-Trent 019B,Further investigation is not in the public interest
3453ff51435b11c3480b71a7ffe863222daec3f118cddb2733ed2dc4d7d0582d,2021-10,Staffordshire Police,Staffordshire Police,-1.676585,52.610585,On or near Petrol Station,E01029829,Tamworth 010A,Investigation complete; no suspect identified
7bda4c5ea73b286d4eb505b2761aaaa96ec2d6103fe62e9c4cdf569c6d3f6ed4,2021-10,Staffordshire Police,Staffordshire Police,-1.892027,52.991573,On or near Theme/Adventure Park,E01029761,Staffordshire Moorlands 010A,Investigation complete; no suspect identified
5766a90799f93326445679b72882c799c525a190c2306b668e22477cdc8071d3,2021-10,Staffordshire Police,Staffordshire Police,-1.985463,52.992358,On or near VICTORY CRESCENT,E01029782,Staffordshire Moorlands 010B,Local resolution
c39eb2219161d813ef47ceec3656ad5e21995f9aa35b35d75bcdaf9f44a5bd86,2021-10,Staffordshire Police,Staffordshire Police,-2.173475,53.026139,On or near Shopping Area,E01014287,Stoke-on-Trent 015D,Suspect charged
1081a6a1b1913ee84f64379957eeb023eb5ea03561c6c33fd4feddb77aeea91b,2021-10,Staffordshire Police,Staffordshire Police,-2.126284,53.010036,On or near HOUSEFIELD ROAD,E01014224,Stoke-on-Trent 017E,Unable to prosecute suspect
be8816fe86436e230d9d9d9665d57a67c4bb38a00f30934a502ab5b6cfda8f39,2021-10,Staffordshire Police,Staffordshire Police,-2.013284,53.110133,On or near CARLTON TERRACE,E01029808,Staffordshire Moorlands 001C,Unable to prosecute suspect
b2e60ae50bd71525a5f8278a689fd66b10a19c66037b4284bd82a7f6a0c3eaa5,2021-10,Staffordshire Police,Staffordshire Police,-2.222661,52.710269,On or near COACH GARDENS,E01029669,South Staffordshire 003D,Unable to prosecute suspect
8c6065ccaec8a6a07f855a2b35a8894edf2c2b5a363a1995b2dbe3566b1c0cf8,2021-10,Staffordshire Police,Staffordshire Police,-2.025277,52.675173,On or near WALSALL ROAD,E01029359,Cannock Chase 012A,Investigation complete; no suspect identified
9105d7be6f2cfae971724ffd31404b38c7f59937490405ce004276a27beb2e2e,2021-10,Staffordshire Police,Staffordshire Police,-2.011964,52.667201,On or near HUT HILL LANE,E01029642,South Staffordshire 004G,Investigation complete; no suspect identified
029c07b280d61228dab2c51864bf9e888fc7bf560ee75659ca36c427ae29d923,2021-10,Staffordshire Police,Staffordshire Police,-2.166308,53.062294,On or near PEASCROFT ROAD,E01014331,Stoke-on-Trent 004A,Suspect charged
f2aad9a0ec806a85aede562ea570d08a193da34aaa2f597937dafd651632b4e3,2021-10,Staffordshire Police,Staffordshire Police,-1.943280,52.688890,On or near LEA HALL DRIVE,E01029493,Lichfield 006B,Investigation complete; no suspect identified
9907179dfc37454f336d72706a84eea501563645ef2c1a1efae217730ee7b5ad,2021-10,Staffordshire Police,Staffordshire Police,-2.110738,52.974805,On or near LABURNUM PLACE,E01014322,Stoke-on-Trent 031E,Further action is not in the public interest
0ce51dec0125586e4df31b2f06f6afdac0b6a61cebd88d0d89e4e30b4cecfc1f,2021-10,Staffordshire Police,Staffordshire Police,-2.171591,52.885891,On or near Motorway Service Area,E01029695,Stafford 005A,Local resolution
b53ada4ee7b8ee214f452b231ae74733dd0e4c7d220499e21dd9a416f0b434d5,2021-10,Staffordshire Police,Staffordshire Police,-1.826944,52.683752,On or near CONDUIT STREET,E01029526,Lichfield 004E,Investigation complete; no suspect identified
5b752cc2fd8a4d41ec09356ba3450b30235990c163cf0de313594ffd7eaa0193,2021-10,Staffordshire Police,Staffordshire Police,-2.176282,52.968883,On or near FERNWOOD GREEN,E01014347,Stoke-on-Trent 034A,Investigation complete; no suspect identified
131a3bd69f1737bae64f8506031a00a4c1f2cd73f6b8a3cf041e3d301d93e743,2021-10,Staffordshire Police,Staffordshire Police,,,No location,,,Further action is not in the public interest
57fec4e002cd14329d1fb403f3d1b2754894ab7358e930be3d39aaa2cfa8dc25,2021-10,Staffordshire Police,Staffordshire Police,-2.012792,53.111059,On or near MILNER TERRACE,E01029808,Staffordshire Moorlands 001C,Unable to prosecute suspect
9bc9a8a56600ae63c48601983286a38e9e245b46e954f06b8aa9fa53ff497c02,2021-10,Staffordshire Police,Staffordshire Police,-2.231245,53.039488,On or near LONGSHAW AVENUE,E01029538,Newcastle-under-Lyme 006B,Unable to prosecute suspect
84a48771d28d162e478fa0ef5679c5748e6aea4b7c9b653dcdb98eee5dcfd84a,2021-10,Staffordshire Police,Staffordshire Police,-1.985004,52.983998,On or near BADDELEY STREET,E01029783,Staffordshire Moorlands 011B,Unable to prosecute suspect
7b3cdf255d3ea76734082e63e3140070d1c183d734e0daf0b1290671b2d2a735,2021-10,Staffordshire Police,Staffordshire Police,-1.658937,52.625764,On or near BRIAR,E01029841,Tamworth 003E,Unable to prosecute suspect
206bf0a7508067cf0da5b16ed893b5c85ed266922f5187b7c7bc6e97c83b1532,2021-10,Staffordshire Police,Staffordshire Police,-2.211470,53.030410,On or near GRANGE LANE,E01029611,Newcastle-under-Lyme 008E,Investigation complete; no suspect identified
443e98662713aae7b208e5e6ad49d1405ec67bfbf796f6150a7ad63d2caf4300,2021-10,Staffordshire Police,Staffordshire Police,-2.130063,53.012791,On or near BRACKENFIELD AVENUE,E01014222,Stoke-on-Trent 017C,Unable to prosecute suspect
6fc9d3a8e934331c314d79d27c1224bfd763456dd352d736e1bfe7b8b0c7f89a,2021-10,Staffordshire Police,Staffordshire Police,-2.128902,52.978319,On or near BELGRAVE CRESCENT,E01014312,Stoke-on-Trent 029D,Unable to prosecute suspect
a3b3cb4b19e78ab89936f7dd317406d7e9a62cea770f46f0d48e791160035f09,2021-10,Staffordshire Police,Staffordshire Police,-2.198100,52.565353,On or near MARKET LANE,E01029672,South Staffordshire 013C,Action to be taken by another organisation
c67efc8af14b727a500dd5b6969a327c820b3fb970b160b1bfb8fbb9b10cb844,2021-10,Staffordshire Police,Staffordshire Police,-2.167731,53.040521,On or near MILTON ROAD,E01014270,Stoke-on-Trent 008D,Investigation complete; no suspect identified
410ff27fbfbc59fcb0dc3caff82b0975bdb5a776427aaa0963968a348a7be139,2021-10,Staffordshire Police,Staffordshire Police,-2.126274,52.807507,On or near JERNINGHAM STREET,E01029701,Stafford 010E,Investigation complete; no suspect identified
18addae1d63e8bf1d437137bd5645849e1f1bb12267a712c8f496762f113cce5,2021-10,Staffordshire Police,Staffordshire Police,-2.155372,52.971564,On or near RIPON ROAD,E01014235,Stoke-on-Trent 032A,Investigation complete; no suspect identified
b55776c00d19bc4a675c13cf3c344df8e58420f3cccbf426063a60d0cdc62df9,2021-10,Staffordshire Police,Staffordshire Police,-2.120977,52.807305,On or near Parking Area,E01029701,Stafford 010E,Investigation complete; no suspect identified
3cf33232a982103c1bc80cfecfb41adb803f2addcd9b3f3136e04eed89296eb1,2021-10,Staffordshire Police,Staffordshire Police,-2.134063,53.019331,On or near MAIDSTONE GROVE,E01014221,Stoke-on-Trent 017B,Further action is not in the public interest
7fc799cb8cee4e1ce4cc68cbec43b01e36ef2c65032b87697275ef1d7d5dfc74,2021-10,Staffordshire Police,Staffordshire Police,-2.188593,53.053622,On or near CURZON ROAD,E01014245,Stoke-on-Trent 006E,Formal action is not in the public interest
27bc50a6be82b8250064913d4e8f4272a18fbfbb1b615ccc32e9d32cb739531b,2021-10,Staffordshire Police,Staffordshire Police,-2.178589,53.011838,On or near CAULDON ROAD,E01014282,Stoke-on-Trent 016D,Further action is not in the public interest
b3ddc7c66b32421bae49a1b7934d1d086a348265b1c41b904688ffdd0a209c8e,2021-10,Staffordshire Police,Staffordshire Police,-1.977156,52.810017,On or near MORETON LANE,E01029711,Stafford 008C,Unable to prosecute suspect
95252e84c9cde1cd6bcf1006306382e66155ad478dd9c60bdb505731a10c10de,2021-10,Staffordshire Police,Staffordshire Police,-2.013388,53.108326,On or near VICTORIA STREET,E01029810,Staffordshire Moorlands 001E,Investigation complete; no suspect identified
10013c76dd6b38d6627c015189d48a321b62eec37ff8dab2c87e02984ddfb7d0,2021-10,Staffordshire Police,Staffordshire Police,-2.223666,53.038864,On or near BEACONSFIELD,E01029583,Newcastle-under-Lyme 008A,Offender given a caution
89aed88b9aeb806c4d110bdb386085582c62cc930076f2667ade50569bcdea9a,2021-10,Staffordshire Police,Staffordshire Police,-2.183519,52.996954,On or near NICHOLLS STREET,E01014339,Stoke-on-Trent 019C,Unable to prosecute suspect
3bd4499839bbf11a907090339f4f35a6f63f96795daa9bee00fcd7b3808d589d,2021-10,Staffordshire Police,Staffordshire Police,-2.207821,53.003539,On or near OLIVER ROAD,E01014294,Stoke-on-Trent 018F,Unable to prosecute suspect
fe64b22f9a693ed83238e416fce6ac5579b4babaa4688f6727b455ac635a98ac,2021-10,Staffordshire Police,Staffordshire Police,-2.169203,53.020329,On or near EASTWOOD ROAD,E01014231,Stoke-on-Trent 016B,Investigation complete; no suspect identified
f3851db1cc5ec884b68c46266c65448983cc6d4406767d046568c0b1e928f9a0,2021-10,Staffordshire Police,Staffordshire Police,-2.173840,53.028008,On or near HILLCHURCH STREET,E01014287,Stoke-on-Trent 015D,Unable to prosecute suspect
5bb499d631608bcc376ed4e3395013896edf6d237844fd1a2292a58cf042bfe8,2021-10,Staffordshire Police,Staffordshire Police,-2.172411,53.028675,On or near ARBOUR STREET,E01014330,Stoke-on-Trent 013E,Unable to prosecute suspect
fbd50219910b6c60656b096512a8e3917133af1f154765559e13873d138c0406,2021-10,Staffordshire Police,Staffordshire Police,-2.024952,52.701684,On or near VICTORIA STREET,E01029355,Cannock Chase 007B,Investigation complete; no suspect identified
e2ecc48d8337e8b7985770687ca75bd8e64ce02db48eb9d9d778dc658f508995,2021-10,Staffordshire Police,Staffordshire Police,-2.159497,52.983712,On or near ASH GROVE,E01014240,Stoke-on-Trent 026D,Unable to prosecute suspect
1db1820fbf931a9cad9d449e8c4c56070ee77aaefdf8f96741ebc970afe77b5a,2021-10,Staffordshire Police,Staffordshire Police,-1.630219,52.790341,On or near WATERSIDE,E01029451,East Staffordshire 014C,Action to be taken by another organisation
a0436b7e2406935542ce44997a88798deeb67e38956e3136e91d0acf40f600f7,2021-10,Staffordshire Police,Staffordshire Police,-2.186063,53.003089,On or near LONDON ROAD,E01014345,Stoke-on-Trent 019E,Suspect charged
a0436b7e2406935542ce44997a88798deeb67e38956e3136e91d0acf40f600f7,2021-10,Staffordshire Police,Staffordshire Police,-2.186063,53.003089,On or near LONDON ROAD,E01014345,Stoke-on-Trent 019E,Suspect charged
0dda3b3513dc084de98d6928003c46727b45f0c363fa7c0ca016cf65f3d39645,2021-10,Staffordshire Police,Staffordshire Police,-2.031745,53.105743,On or near Supermarket,E01029812,Staffordshire Moorlands 005D,Investigation complete; no suspect identified
6e3699c6b98cde67252b5b73d5c43877c34e3346cdd08a0815c1ed54673def88,2021-10,Staffordshire Police,Staffordshire Police,-2.220649,53.011669,On or near NORTH STREET,E01029602,Newcastle-under-Lyme 011C,Unable to prosecute suspect
9314108769c7416d38d22da0265a7f2cfc0e9c119018d1043cd0af90b8383e68,2021-10,Staffordshire Police,Staffordshire Police,-1.890142,52.634726,On or near WALL HEATH LANE,E01029523,Lichfield 011E,Investigation complete; no suspect identified
4b4f0c4a53abbbeb1da42d0166b37691c8a39ea8eff2fb69411295d65fe5b83c,2021-10,Staffordshire Police,Staffordshire Police,-2.185960,53.017257,On or near BEDFORD ROAD,E01014281,Stoke-on-Trent 015A,Investigation complete; no suspect identified
c4277a9c94de6eaef39135caea1dc05e905594e0c4656dd9d4eee950a90b3a60,2021-10,Staffordshire Police,Staffordshire Police,-2.199967,52.596392,On or near AUDEN COURT,E01029666,South Staffordshire 011C,Suspect charged
649354839c5c2a0193a36db4d233d031961bad48081a53d3f937934b693dbbbf,2021-10,Staffordshire Police,Staffordshire Police,-2.086858,52.643851,On or near CANNOCK ROAD,E01029635,South Staffordshire 007D,Further action is not in the public interest
0acf714292280c2e1854c6f4b11c1fbc9e496c9e7748cbe7af7fc6075a6feabe,2021-10,Staffordshire Police,Staffordshire Police,-1.658937,52.625764,On or near BRIAR,E01029841,Tamworth 003E,Action to be taken by another organisation
e151942cf6b03183f9c406b332ffd746c981bff9cf92a3b455004b10e0fea93d,2021-10,Staffordshire Police,Staffordshire Police,-1.639916,52.810256,On or near DERBY STREET,E01029447,East Staffordshire 009C,Investigation complete; no suspect identified
db93f6128a344dc3e435365ae6f1e0100d1a9577aae9f673f0ad0f5111eb9c1b,2021-10,Staffordshire Police,Staffordshire Police,-1.756133,52.614308,On or near BANGLEY LANE,E01029488,Lichfield 012A,Further action is not in the public interest
675d98b3c2a97a7f132c3803213e28adb0e2da91d787af3624dec59507f6d30d,2021-10,Staffordshire Police,Staffordshire Police,-2.199352,53.044409,On or near FURLONG PASSAGE,E01014251,Stoke-on-Trent 009C,Unable to prosecute suspect
8a9fd9e8468473644769ad7329f6029973562728c58df2e75f242949c172e31b,2021-10,Staffordshire Police,Staffordshire Police,-2.225935,53.010850,On or near SCARLETT STREET,E01029604,Newcastle-under-Lyme 011E,Investigation complete; no suspect identified
346ce9bd502e923207356adc206c74253cf4937b0118f74dba3068601acc652c,2021-10,Staffordshire Police,Staffordshire Police,-2.014315,53.110618,On or near HAIG ROAD,E01029808,Staffordshire Moorlands 001C,Offender given a caution
54663df08b364724b4052f31b3c920970bdec7370841a210a5d18512b8d9f4c8,2021-10,Staffordshire Police,Staffordshire Police,-2.136555,52.788905,On or near CAPE AVENUE,E01029715,Stafford 013A,Offender given a caution
371a0429288810ad6cf774a779ead89b557fe52d19ecc79b3bb4af14582398c8,2021-10,Staffordshire Police,Staffordshire Police,-2.148296,53.022820,On or near HEMING PLACE,E01014230,Stoke-on-Trent 014F,Investigation complete; no suspect identified
e62c2d7282bce20ff80475d215bba1fedc1756301b13edb00e52d6a7b4b25a09,2021-10,Staffordshire Police,Staffordshire Police,-2.028595,52.683065,On or near HARRISON ROAD,E01029362,Cannock Chase 012D,Unable to prosecute suspect
feb166f7a8f40e7495309cddd1130c56f08063c19b1f9b8cf281aad6294b31e2,2021-10,Staffordshire Police,Staffordshire Police,-2.269681,52.815016,On or near LOWER ROAD,E01029708,Stafford 015D,Unable to prosecute suspect
2ca450ca5032896ad341a7dc62594af060cf52280393a9d79e5ff217f8c40c90,2021-10,Staffordshire Police,Staffordshire Police,-1.880031,52.906550,On or near REDFERN ROAD,E01029431,East Staffordshire 002B,Unable to prosecute suspect
3adcbccab2f2717b8d25d04187585441207cbd966420b0df3b935a1994f493e2,2021-10,Staffordshire Police,Staffordshire Police,-2.257469,53.050230,On or near CEDAR ROAD,E01029547,Newcastle-under-Lyme 007A,Unable to prosecute suspect
69d1ca181789d456ccaa74d0e8c0efaa2a1b3cb545a5663eb8dceeacbf341ffa,2021-10,Staffordshire Police,Staffordshire Police,-2.185366,53.000268,On or near BOOTH STREET,E01014345,Stoke-on-Trent 019E,Further investigation is not in the public interest
4d9307f78d7a58a04ed6a3d007dab04f694ea9217366bda0a908e6de09fb38b6,2021-10,Staffordshire Police,Staffordshire Police,-1.675731,52.610241,On or near WATLING STREET,E01032902,Tamworth 010G,Unable to prosecute suspect
1b00e710ba780609a3ce63c3644c0153d1b7b494489f2c0178274222835570bf,2021-10,Staffordshire Police,Staffordshire Police,-1.840660,52.694864,On or near WOLSEY ROAD,E01029491,Lichfield 007A,Unable to prosecute suspect
7cfe41f83e91d196a990df771ef6e66d5d67635fe3acf25486548a19057cf4bd,2021-10,Staffordshire Police,Staffordshire Police,-2.193324,53.060635,On or near CROUCH AVENUE,E01014242,Stoke-on-Trent 006B,Action to be taken by another organisation
ab8ebd66534bb8a068ab3e11cf3b04193ab92a4c0e6fa012e2253b18b950ed50,2021-10,Staffordshire Police,Staffordshire Police,-2.027444,53.106984,On or near NAYLOR YARD,E01029807,Staffordshire Moorlands 005B,Unable to prosecute suspect
fda50620c894a971d4d8a02f3eb295172ccab7f86e3ed6996cc05383c2e6f9e2,2021-10,Staffordshire Police,Staffordshire Police,-2.254263,53.083326,On or near HARECASTLE AVENUE,E01029543,Newcastle-under-Lyme 003D,Unable to prosecute suspect
94ffa0c0c8174c19a7440df16c051de86d66b9425a9fd0d3de55bf94c6be01b7,2021-10,Staffordshire Police,Staffordshire Police,-2.017207,52.726110,On or near TOWER ROAD,E01029390,Cannock Chase 004D,Investigation complete; no suspect identified
7c46b0bdb51fd32ef5f3bc34c6e76cb5ef37ff930bb63c7b00a7fc3360c011fc,2021-10,Staffordshire Police,Staffordshire Police,-2.027444,53.106984,On or near NAYLOR YARD,E01029807,Staffordshire Moorlands 005B,Unable to prosecute suspect
d008ca54cbbf6a3817cdf33df490589f054fa6202a54363508daa838a82fdd0f,2021-10,Staffordshire Police,Staffordshire Police,-2.173284,53.026894,On or near HUNTBACH STREET,E01014287,Stoke-on-Trent 015D,Suspect charged
9628e82b3c8ed68f415cdae26896a54e78b1f86daa110ef026c5eda71daff04b,2021-10,Staffordshire Police,Staffordshire Police,-2.136237,53.037666,On or near CLEADON PLACE,E01014217,Stoke-on-Trent 012E,Investigation complete; no suspect identified
6d665e1f3be76334c4f19762c4708347b7e3f6e4a624b7c48734debba2f9de26,2021-10,Staffordshire Police,Staffordshire Police,-2.206936,52.986659,On or near GREEN ROAD,E01014344,Stoke-on-Trent 023E,Further investigation is not in the public interest
ad59990e87aae7e947efe1c42d82b52a4a1d0dac9434e3c14a67f9392f20d317,2021-10,Staffordshire Police,Staffordshire Police,-2.174928,53.016842,On or near THE PARKWAY,E01014287,Stoke-on-Trent 015D,Unable to prosecute suspect
543533cf4406f4925217fed7055f6a03e84140b030c026b89d9417477aa33c92,2021-10,Staffordshire Police,Staffordshire Police,-2.121474,52.979783,On or near ROTHESAY ROAD,E01014307,Stoke-on-Trent 029C,Unable to prosecute suspect
e32a9c1fce4c8e5ef304e40069840872ac28334a7c15b5678adc43dcad1bb948,2021-10,Staffordshire Police,Staffordshire Police,-2.187460,53.005604,On or near HARTSHILL ROAD,E01014345,Stoke-on-Trent 019E,Action to be taken by another organisation
b4a4283cc1cc849e232771f896756b8b816407260982d17468fa234a0aecf24d,2021-10,Staffordshire Police,Staffordshire Police,-2.032636,52.687011,On or near VICTORIA STREET,E01029360,Cannock Chase 012B,Investigation complete; no suspect identified
974c00ac1c8a25e533b1510ae6cf79a2783166772a4bd7ddfc19a20f9ceeb212,2021-10,Staffordshire Police,Staffordshire Police,-2.150935,52.894945,On or near Supermarket,E01029753,Stafford 003E,Unable to prosecute suspect
68584579533c5be6a3dd2324768ce2e8680d8b08edb72ef5632a1840b74b2ab7,2021-10,Staffordshire Police,Staffordshire Police,-2.049167,52.679220,On or near WOLVERHAMPTON ROAD,E01029361,Cannock Chase 012C,Investigation complete; no suspect identified
de5924a53467323f4a3773c3d79ea1ebf6c08b21b81ce6d4b1e7d88e9490ed35,2021-10,Staffordshire Police,Staffordshire Police,-1.827251,52.677136,On or near SCOTT CLOSE,E01029519,Lichfield 007E,Investigation complete; no suspect identified
cb54e4df87b529be21a12f4863c4ededf98e92b4424139cf2dc528a58869e3ee,2021-10,Staffordshire Police,Staffordshire Police,,,No location,,,Unable to prosecute suspect
4b8ebacda970d7ac190b77cda447aed522fa0bde84098e740e97a43d262b1a77,2021-10,Staffordshire Police,Staffordshire Police,-2.243643,53.019040,On or near ST BERNARD'S ROAD,E01029566,Newcastle-under-Lyme 010C,Unable to prosecute suspect
59800b00c7f35ffb79c872e9f62243fcff44152a58ad2c4e90199b6dcd6a7f12,2021-10,Staffordshire Police,Staffordshire Police,-2.190622,53.009572,On or near CONVENT COURT CLOSE,E01014291,Stoke-on-Trent 018D,Further action is not in the public interest
87d214443566d16be216ce9b0ba425f594695132d2348862c6183ff808f3e10c,2021-10,Staffordshire Police,Staffordshire Police,-1.664262,52.624862,On or near BANCROFT,E01029845,Tamworth 007D,Investigation complete; no suspect identified
7770c943c68043a354a110709c563a53ec3772ff453e2f377ad2ec4217506067,2021-10,Staffordshire Police,Staffordshire Police,-2.214219,53.040617,On or near Petrol Station,E01014250,Stoke-on-Trent 009B,Investigation complete; no suspect identified
1a43cc5d7ba0c44d6b3db74f37626e6465b26a679339136d6857f1f44e5a616a,2021-10,Staffordshire Police,Staffordshire Police,-1.700409,52.633841,On or near LICHFIELD STREET,E01029835,Tamworth 002A,Unable to prosecute suspect
9605bc634c2cd67918a55c698aab0e558ec5354bbb9e5fff7149e7396d4dd7cd,2021-10,Staffordshire Police,Staffordshire Police,-1.690764,52.645862,On or near BOROUGH ROAD,E01029853,Tamworth 001E,Further action is not in the public interest
eb2c3efa20e5aee98709b7be228405b5efebaacbb3db885544081722093f6002,2021-10,Staffordshire Police,Staffordshire Police,-1.922109,52.672463,On or near MANOR RISE,E01029529,Lichfield 010D,Investigation complete; no suspect identified
bbee282243b28661d63b7eda98e4651060c73a21bd8fccd085d1ad7ad5368e89,2021-10,Staffordshire Police,Staffordshire Police,-1.711998,52.648810,On or near BROWNING CLOSE,E01029846,Tamworth 001A,Further action is not in the public interest
c6c2abe4dfebed5963d0282bb2e921dd3bffbff2830044845bb3c6f9bcb16b9b,2021-10,Staffordshire Police,Staffordshire Police,-1.960176,52.998995,On or near LOCKWOOD ROAD,E01029782,Staffordshire Moorlands 010B,Unable to prosecute suspect
e5035a81a2d6808d76d8e18eeabcd7681c3462aa903003266190e06850e49526,2021-10,Staffordshire Police,Staffordshire Police,-2.033543,52.673661,On or near WALKMILL LANE,E01029359,Cannock Chase 012A,Investigation complete; no suspect identified
c98b2f8af64a6c67e0426070867a1428c3ccbfdc92729e2f7282ab3894a90a92,2021-10,Staffordshire Police,Staffordshire Police,-2.098863,52.978375,On or near KINGSLEY STREET,E01014368,Stoke-on-Trent 028D,Unable to prosecute suspect
75dd4a9f49f4be7f94b9cda1e74ec066c50822d61c26421acd087c1a12ecdfef,2021-10,Staffordshire Police,Staffordshire Police,-2.160589,53.005005,On or near MORVILLE CLOSE,E01014275,Stoke-on-Trent 020B,Unable to prosecute suspect
a2f64b188cd56badcec5adfd577036fee64cb730f23ece1b080441ba036ab917,2021-10,Staffordshire Police,Staffordshire Police,-2.080561,52.971341,On or near PINE COURT,E01029702,Stafford 001A,Investigation complete; no suspect identified
92f9f45dfb62e292fe52722ece57500d77cd88089b84da52d754e02c94ddd828,2021-10,Staffordshire Police,Staffordshire Police,-2.175776,53.027421,On or near Shopping Area,E01014287,Stoke-on-Trent 015D,Investigation complete; no suspect identified
79309b1d9f6c5b6ac128c079c72e113eca2d3398943bbd883e0513242a3ab632,2021-10,Staffordshire Police,Staffordshire Police,-1.960176,52.998995,On or near LOCKWOOD ROAD,E01029782,Staffordshire Moorlands 010B,Unable to prosecute suspect
b29b98a488e992cf1524409a40295fcdfdf93c28d68fc31207bbdc23f222be1b,2021-10,Staffordshire Police,Staffordshire Police,-1.965618,52.672573,On or near PARK ROAD,E01029397,Cannock Chase 013D,Unable to prosecute suspect
29ff0d0faa9adb8ac920fc7e80310493f125f1c19c59c08d9bb4f56db9f006b2,2021-10,Staffordshire Police,Staffordshire Police,-2.180929,53.011781,On or near BERESFORD STREET,E01014283,Stoke-on-Trent 016E,Unable to prosecute suspect
b61035d2de9e169bd1af1c48981e0f1210470e3e81f5499045b8089b475a2586,2021-10,Staffordshire Police,Staffordshire Police,-1.960176,52.998995,On or near LOCKWOOD ROAD,E01029782,Staffordshire Moorlands 010B,Further action is not in the public interest
948d616770f3a7fd746bbc755bf365b2d484b804163ac1417ca3de33dbb6b018,2021-10,Staffordshire Police,Staffordshire Police,-2.194056,53.004434,On or near STONE STREET,E01014295,Stoke-on-Trent 019B,Investigation complete; no suspect identified
0e94dc37ac7f15d72496c20a53c683c6ce1bb7a2d0f0e262fadb6565eb92f830,2021-10,Staffordshire Police,Staffordshire Police,-2.033543,52.673661,On or near WALKMILL LANE,E01029359,Cannock Chase 012A,Investigation complete; no suspect identified
94122a73f64ff2c58c6143dab590723004f6ce6bf8c9646bcc730507f059a193,2021-10,Staffordshire Police,Staffordshire Police,-1.728309,52.764519,On or near FALLOWFIELD DRIVE,E01029439,East Staffordshire 015A,Unable to prosecute suspect
c4882186f7617e2cc592236be6cecf011c9561f4d12e6ba04656dde12da4db47,2021-10,Staffordshire Police,Staffordshire Police,-1.642993,52.613491,On or near MILBURN,E01029855,Tamworth 008A,Unable to prosecute suspect
c7cdf08d2c4af66ec791a52b6506ba8bc713c8e97dc2e0822a108b595c515808,2021-10,Staffordshire Police,Staffordshire Police,-1.960176,52.998995,On or near LOCKWOOD ROAD,E01029782,Staffordshire Moorlands 010B,Unable to prosecute suspect
1ed303afd230c5c2284d61fd0baaa1c49e34ff6767dcd242836268248ce87a8f,2021-10,Staffordshire Police,Staffordshire Police,-2.174396,53.025418,On or near Shopping Area,E01014287,Stoke-on-Trent 015D,Suspect charged
0feef7b751f1ea5b0ff055bfaf49a017e25f23e4095a99e480bb1e878423bdf2,2021-10,Staffordshire Police,Staffordshire Police,-2.128456,53.013629,On or near Supermarket,E01014222,Stoke-on-Trent 017C,Investigation complete; no suspect identified
30f94378ec074d0974b4d288363d1cdf3f97925e6eeb8b15cbb2d2ea1e07c30e,2021-10,Staffordshire Police,Staffordshire Police,-2.166616,53.114781,On or near MOORLAND HEIGHTS,E01029764,Staffordshire Moorlands 003B,Unable to prosecute suspect
806e06f767867bfec997f3edec7e0ba7e5c9435f96b87f03f0187dcf3007bd53,2021-10,Staffordshire Police,Staffordshire Police,-2.180929,53.011781,On or near BERESFORD STREET,E01014283,Stoke-on-Trent 016E,Suspect charged
806e06f767867bfec997f3edec7e0ba7e5c9435f96b87f03f0187dcf3007bd53,2021-10,Staffordshire Police,Staffordshire Police,-2.180929,53.011781,On or near BERESFORD STREET,E01014283,Stoke-on-Trent 016E,Suspect charged
806e06f767867bfec997f3edec7e0ba7e5c9435f96b87f03f0187dcf3007bd53,2021-10,Staffordshire Police,Staffordshire Police,-2.180929,53.011781,On or near BERESFORD STREET,E01014283,Stoke-on-Trent 016E,Suspect charged
c26b7dd72209e569f21cbded912332918433313b4ec728978901ce025e97ad76,2021-10,Staffordshire Police,Staffordshire Police,-2.174856,52.998980,On or near TITTERTON STREET,E01014276,Stoke-on-Trent 020C,Investigation complete; no suspect identified
d4d6c05879b0fb308f3dd149ec20f54a5407a214ffe5b43ee5ca9401fed5bd83,2021-10,Staffordshire Police,Staffordshire Police,-1.661794,52.634573,On or near FLORENDINE STREET,E01029823,Tamworth 004A,Investigation complete; no suspect identified
6a5f218c063055a76b1de4d7abd2b2c14433d095e5f062818208cd70ca1824b9,2021-10,Staffordshire Police,Staffordshire Police,-2.141123,52.990315,On or near Petrol Station,E01014302,Stoke-on-Trent 022D,Investigation complete; no suspect identified
08ba9afe08679f2bbfeebbbbeb25c01e75892c9d8dfab37d368c6932c193c4e0,2021-10,Staffordshire Police,Staffordshire Police,-1.670557,52.614865,On or near Pedestrian Subway,E01029829,Tamworth 010A,Investigation complete; no suspect identified
1f912764ba1137e71ffcef78ad49d3054033a52f3687fbf3815ecaf88433ab88,2021-10,Staffordshire Police,Staffordshire Police,-1.670557,52.614865,On or near Pedestrian Subway,E01029829,Tamworth 010A,Investigation complete; no suspect identified
ebf925384a1374be83dd21693a69a16f22c545d84c63441e82e3f495d95c7655,2021-10,Staffordshire Police,Staffordshire Police,-2.186063,53.003089,On or near LONDON ROAD,E01014345,Stoke-on-Trent 019E,Investigation complete; no suspect identified
37109f42d905b0cc8f701253cfadc414061edb25a68cc1a86e7be30170b18ca1,2021-10,Staffordshire Police,Staffordshire Police,-2.188091,53.006835,On or near SWAN STREET,E01014293,Stoke-on-Trent 019A,Investigation complete; no suspect identified
f4651c4e19069895dc7d53410df45c59b70c7106cf86e229d30c53ac7c0ea149,2021-10,Staffordshire Police,Staffordshire Police,-2.188091,53.006835,On or near SWAN STREET,E01014293,Stoke-on-Trent 019A,Investigation complete; no suspect identified
afb6370bba9fed334031dde7da41ed3a03a6358da6ced8758ea6e190428a80ec,2021-10,Staffordshire Police,Staffordshire Police,-2.231727,53.093026,On or near MOSS PLACE,E01029561,Newcastle-under-Lyme 002A,Unable to prosecute suspect
afba678c2d0a9f1d02fcbf9f34a1e7bf0abc88d1d92a6526a2d4fe11b3aaf5e0,2021-10,Staffordshire Police,Staffordshire Police,-2.140104,53.034336,On or near HULTON ROAD,E01014211,Stoke-on-Trent 012B,Unable to prosecute suspect
98abafc2aa5a72331da08a4e7c97721945a6a589c33e8e48cd1c61b7ce7ddd8b,2021-10,Staffordshire Police,Staffordshire Police,-2.103287,52.978866,On or near Supermarket,E01014321,Stoke-on-Trent 028A,Investigation complete; no suspect identified
d6a3a4b45929f460a04f5c9acdeb8b8c50e2ea4c3585ac0a060cc5b62873cc43,2021-10,Staffordshire Police,Staffordshire Police,-2.205341,53.105542,On or near MOORVIEW GARDENS,E01029582,Newcastle-under-Lyme 001D,Formal action is not in the public interest
5239268ca2c019c73cae7f56287b36b2d0b5fc5756836bd50fbcef8767ffaa10,2021-10,Staffordshire Police,Staffordshire Police,-2.090731,52.814974,On or near MELBOURNE CRESCENT,E01029724,Stafford 011D,Unable to prosecute suspect
73d0365c35afdc2507c183db2cf31627950388015e951f3d93eb4ab9044107db,2021-10,Staffordshire Police,Staffordshire Police,-2.218417,53.071433,On or near MARLDON PLACE,E01014358,Stoke-on-Trent 002B,Investigation complete; no suspect identified
4802260feb80d915a111fdf9e93b21ad8fd5d657281e9dddfe9a3a522975f7c8,2021-10,Staffordshire Police,Staffordshire Police,-1.666586,52.604884,On or near LYNDALE,E01032902,Tamworth 010G,Further action is not in the public interest
e90547c4856b93ea13faf08583b9eace3ba332b4e9175e2bc166e1b32e200311,2021-10,Staffordshire Police,Staffordshire Police,-2.339821,53.001724,On or near NEWCASTLE ROAD,E01029573,Newcastle-under-Lyme 013B,Investigation complete; no suspect identified
2660d744600b66cb56277cce3a7032f29e17b895a1f98e24c5a2c0c6c18c89a3,2021-10,Staffordshire Police,Staffordshire Police,-2.139837,52.790429,On or near OXLEATHERS COURT,E01029715,Stafford 013A,Unable to prosecute suspect
8713b6688c16d01666a8873467298ce3461099d92321c0b6aebe91701864f63b,2021-10,Staffordshire Police,Staffordshire Police,-2.029753,52.688971,On or near Nightclub,E01029360,Cannock Chase 012B,Investigation complete; no suspect identified
90a260ad6d4cba7f36442e206ec88217eea72826addcf0f9d3273b964e6e9973,2021-10,Staffordshire Police,Staffordshire Police,-1.668803,52.630017,On or near CANNING ROAD,E01029832,Tamworth 004C,Investigation complete; no suspect identified
e3e629b8a8aa000e7f615a38a3702659b65fbb43a2a1a947b959a1cf3b554efc,2021-10,Staffordshire Police,Staffordshire Police,-2.234281,53.040938,On or near Supermarket,E01029538,Newcastle-under-Lyme 006B,Unable to prosecute suspect
c3e231ecf3657bbea786a3a2899ed0ae47272687bd845b6abee1788e9a8b1a0d,2021-10,Staffordshire Police,Staffordshire Police,-2.122485,53.010750,On or near BITTERNE PLACE,E01014223,Stoke-on-Trent 017D,Investigation complete; no suspect identified
cb410d260e3f38ae4189e2a7d41cd5fb1d00acf38467a192666b929540805f59,2021-10,Staffordshire Police,Staffordshire Police,-1.624785,52.808438,On or near BLYTHFIELD,E01032897,East Staffordshire 011G,Unable to prosecute suspect
c3910680c5feb0a7ed324e8c562ee2af335d3234ec4c17fa445fe0065d704337,2021-10,Staffordshire Police,Staffordshire Police,-1.652666,52.621161,On or near CARLCROFT,E01029842,Tamworth 007B,Investigation complete; no suspect identified
822dcabca125ee78268fb17ceae24d32638268645e8484b3ad0e74d87cd205be,2021-10,Staffordshire Police,Staffordshire Police,-1.930409,52.689350,On or near NORTH STREET,E01029487,Lichfield 006A,Investigation complete; no suspect identified
b3086537b9c32aee2c787b96666a84667844e4b08fd4e96ed15462a29c2f0892,2021-10,Staffordshire Police,Staffordshire Police,-1.807590,52.688271,On or near HOB'S ROAD,E01029524,Lichfield 005F,Unable to prosecute suspect
dccece221e2fecfefca3e2ead16b63ab02e901d769fb3be3f909a7ca45eebd85,2021-10,Staffordshire Police,Staffordshire Police,-2.101542,52.799961,On or near ST LEONARD'S AVENUE,E01029699,Stafford 010D,Investigation complete; no suspect identified
8b7d6125df6a997f7ee76691c205c8aeb237605cd42152519c3331ac19ad2d6a,2021-10,Staffordshire Police,Staffordshire Police,-1.642359,52.819909,On or near BALFOUR STREET,E01029436,East Staffordshire 007C,Unable to prosecute suspect
545156eb80316759c809219d568ab1e9b5df6ff622562eca4da68329b4481b36,2021-10,Staffordshire Police,Staffordshire Police,-2.250817,53.037615,On or near COOPER STREET,E01029559,Newcastle-under-Lyme 007C,Unable to prosecute suspect
da0ac2eb706a46e987e8e6aa0f3db83ad42bd0b9595561661b06199bfdb9c650,2021-10,Staffordshire Police,Staffordshire Police,-2.109580,52.811353,On or near CORPORATION STREET,E01029725,Stafford 009D,Action to be taken by another organisation
73f4f5bf13540e85735f23f75e17a16eb7944363a23f8a0585651a1cda83aa0f,2021-10,Staffordshire Police,Staffordshire Police,-2.194004,53.075763,On or near LOWHURST DRIVE,E01014260,Stoke-on-Trent 001D,Suspect charged
f6482fb0ac502e83c44328b10ee22a4fa627ebba5512017c0d80b43dec174fa9,2021-10,Staffordshire Police,Staffordshire Police,-2.251179,53.020364,On or near SILVERDALE STREET,E01029568,Newcastle-under-Lyme 007E,Investigation complete; no suspect identified
21768f73317ae4c65b2743126d6458ea96f9f7e6e1e64cb865f0aa32cd83d52d,2021-10,Staffordshire Police,Staffordshire Police,-2.136038,53.040489,On or near UPLANDS ROAD,E01014217,Stoke-on-Trent 012E,Unable to prosecute suspect
de1cfb67cc0ec50d1233ca5a491fa03f5dc63b2198d946eb0c1da744760af2b7,2021-10,Staffordshire Police,Staffordshire Police,,,No location,,,Suspect charged
3a759cb509b7cf2a41ccde5fe2fa67a8f0da7568538f809397d1130b5bfcd9f4,2021-10,Staffordshire Police,Staffordshire Police,-2.216338,53.061665,On or near HAWES STREET,E01014354,Stoke-on-Trent 005A,Unable to prosecute suspect
369ae99c4184303f648efc5b1871cc89c23881db182b376966c5ac4f2d27d1f8,2021-10,Staffordshire Police,Staffordshire Police,-2.115620,52.801036,On or near PARK STREET,E01029701,Stafford 010E,Formal action is not in the public interest
e5d0b7ce8777d251789907a964b631ab1a200238bbac4fcba6e2b004b5ae8492,2021-10,Staffordshire Police,Staffordshire Police,-1.621646,52.783725,On or near SYCAMORE ROAD,E01029452,East Staffordshire 014D,Unable to prosecute suspect
82f17a529f6ae6814127202be1b6321235a51d62b765dc6f6310807719023446,2021-10,Staffordshire Police,Staffordshire Police,-2.206999,53.058904,On or near THE BOULEVARD,E01014355,Stoke-on-Trent 005B,Further action is not in the public interest
e3886f5aeb0ea5b81e8bbdce229eac61ce9296431f6238bf87b81378bff2631b,2021-10,Staffordshire Police,Staffordshire Police,-2.001704,52.709543,On or near Parking Area,E01029389,Cannock Chase 005D,Investigation complete; no suspect identified
a7f378c5eb3924a14d431fec155b8d0d9deae46eb18593e1f8db788b6bc996f0,2021-10,Staffordshire Police,Staffordshire Police,-2.186405,53.051262,On or near KELSALL STREET,E01014245,Stoke-on-Trent 006E,Investigation complete; no suspect identified
8234a785df912b069b830f4235acfbc3b733ac37d9b73efc014c787abc354f82,2021-10,Staffordshire Police,Staffordshire Police,-2.214363,53.060482,On or near ATHELSTAN STREET,E01014354,Stoke-on-Trent 005A,Suspect charged
057750c4a333184881d4d3c280a2b6489ca08065ba244388db7c555714ab9b2a,2021-10,Staffordshire Police,Staffordshire Police,-2.187452,53.007105,On or near FLOYD STREET,E01014293,Stoke-on-Trent 019A,Unable to prosecute suspect
35b8731e6615aa08c6eb3b796ce0c2833695aa7dfaad03761999bdeb1333d2c1,2021-10,Staffordshire Police,Staffordshire Police,-2.210927,53.059751,On or near HAYMARKET,E01014361,Stoke-on-Trent 005D,Investigation complete; no suspect identified
7b99daea734787af478af246fe9f260cdf3d8066565e05d3156c54dc0e8aa986,2021-10,Staffordshire Police,Staffordshire Police,-2.021857,52.697963,On or near SHORT STREET,E01029367,Cannock Chase 011E,Local resolution
129fc4cc6923da6509ac8f05c200076fd4bd64b02b803abb78824ddbf976ecc2,2021-10,Staffordshire Police,Staffordshire Police,-1.639560,52.812053,On or near VICTORIA STREET,E01029447,East Staffordshire 009C,Investigation complete; no suspect identified
71db4d36bfee2576dc225ff74e3b749f0edbc0327791354b3f83bea66bb8648f,2021-10,Staffordshire Police,Staffordshire Police,-2.236235,53.087399,On or near VINE BANK ROAD,E01029588,Newcastle-under-Lyme 002D,Unable to prosecute suspect
d661a6084bfef2f20f7c888bd674f549a4b6b77bbce98b09fc84eae9f1514c27,2021-10,Staffordshire Police,Staffordshire Police,-2.186711,53.015053,On or near CEMETERY ROAD,E01014283,Stoke-on-Trent 016E,Unable to prosecute suspect
fbf7c6513ba584932505fe6f3718499cce7e7d0f65e27a812f18db8da5771fe3,2021-10,Staffordshire Police,Staffordshire Police,-1.880961,52.919729,On or near THE ORCHARD,E01029405,East Staffordshire 001A,Local resolution
473cd94cc69d1fd444fe92941625986ced18490795a99a8ce0df8288cf4a1b70,2021-10,Staffordshire Police,Staffordshire Police,-2.039216,52.961879,On or near DRAYCOTT OLD ROAD,E01029789,Staffordshire Moorlands 012B,Unable to prosecute suspect
2cbe532aa02a4240db0be83d25c302e5b1ffb4ccbb6a811e37d613bb6c21325b,2021-10,Staffordshire Police,Staffordshire Police,-1.643324,52.808981,On or near WATERLOO STREET,E01029445,East Staffordshire 009A,Investigation complete; no suspect identified
4e5d5bfdb90e635827d2de0a190a3b63be1052a79a2a0975f88a61c82185468f,2021-10,Staffordshire Police,Staffordshire Police,-2.168844,53.122868,On or near Petrol Station,E01029770,Staffordshire Moorlands 002C,Investigation complete; no suspect identified
f208f3d6f97ffc15bae6caeec917f308736d49bc02280c8dd4a68319e9fa9dca,2021-10,Staffordshire Police,Staffordshire Police,-2.217295,53.011747,On or near YORK STREET,E01029603,Newcastle-under-Lyme 011D,Investigation complete; no suspect identified
1c7e5d073ad9e43e7a6568862472db43d43a1a50156bdcfadc81d8831dafe95a,2021-10,Staffordshire Police,Staffordshire Police,-2.049723,52.621964,On or near UPPER SNEYD ROAD,E01029632,South Staffordshire 007A,Investigation complete; no suspect identified
44b6d47b3a1e5e4b8f07d55e5cd6cbe0994c05fd38255f4751cbb8123f6f6eaa,2021-10,Staffordshire Police,Staffordshire Police,-1.700009,52.649158,On or near BEECH ROAD,E01029852,Tamworth 001D,Further action is not in the public interest
6d2598e9c1be81a8ea6c8715bc56a999a064f38a7350453b79bfc366754faaf4,2021-10,Staffordshire Police,Staffordshire Police,-1.878940,52.742411,On or near TARGATE COURT,E01029481,Lichfield 001B,Unable to prosecute suspect
e816db7486c4c9b4991fdf991181cebd5ce6b41abdb670d93556a67a74e22acb,2021-10,Staffordshire Police,Staffordshire Police,-2.164673,52.993476,On or near BEECH TREE GROVE,E01014279,Stoke-on-Trent 020E,Action to be taken by another organisation
6601846326ae5e73237eff08d6cefd5bc76eba6923a0339347b87198fed87079,2021-10,Staffordshire Police,Staffordshire Police,-2.055453,52.643933,On or near Motorway Service Area,E01029635,South Staffordshire 007D,Formal action is not in the public interest
9116ee9cc9cb42bb3a88684cb70269d30d246448a26d54c1fe9065cfd9481b3c,2021-10,Staffordshire Police,Staffordshire Police,-1.989330,52.959089,On or near WENTLOWS ROAD,E01029790,Staffordshire Moorlands 013D,Further action is not in the public interest
71298c64548cfe376a2da720d081eb4d16c0e4e5b90a1700d4318c7e52dea2a7,2021-10,Staffordshire Police,Staffordshire Police,-2.249169,53.018282,On or near HOWE GROVE,E01029567,Newcastle-under-Lyme 010D,Investigation complete; no suspect identified
5d288a8b6fbc227c6fff4854a3c500e6075cef178fc75c19c79a638d1964918e,2021-10,Staffordshire Police,Staffordshire Police,-1.674111,52.605553,On or near Pedestrian Subway,E01032902,Tamworth 010G,Investigation complete; no suspect identified
c11bb9ee8d9505cb4cfb8f4e76e9b516977dceacd281a1c9d4b9c4241e81e823,2021-10,Staffordshire Police,Staffordshire Police,-1.762800,52.673420,On or near Supermarket,E01029530,Lichfield 008C,Unable to prosecute suspect
b70f0ef882af0a14c969636117f204164968739610a87653833ccc0a9ad49b00,2021-10,Staffordshire Police,Staffordshire Police,-2.185739,53.017877,On or near THORNDYKE STREET,E01014286,Stoke-on-Trent 015C,Investigation complete; no suspect identified
1b2078d65bf40ebd18059a31179eb0af759339b24c4d04579db0d3696a8da8b5,2021-10,Staffordshire Police,Staffordshire Police,-2.172126,52.679698,On or near ORAM'S LANE,E01029618,South Staffordshire 003B,Investigation complete; no suspect identified
2150fd5b83150c4577e2796be8121e77355af88278680335b2424344b8e9062f,2021-10,Staffordshire Police,Staffordshire Police,-2.150547,52.984137,On or near LONGTON HALL ROAD,E01014308,Stoke-on-Trent 027A,Investigation complete; no suspect identified
351fb60c77fcf45d807598f2922ad80f94d13a469026c157c13eb9ffb78186bd,2021-10,Staffordshire Police,Staffordshire Police,-2.164673,52.993476,On or near BEECH TREE GROVE,E01014279,Stoke-on-Trent 020E,Unable to prosecute suspect
fa30950a2df7be0d2fc44b4c8e16c253e246f7bb65c9c93004fdafb065b3d6a9,2021-10,Staffordshire Police,Staffordshire Police,-2.183603,52.999264,On or near GABLE STREET,E01014339,Stoke-on-Trent 019C,Unable to prosecute suspect
0da457b255a4a64950f677b5bebb1cefe4679736ceaffd565d8d4095c9ce2ab5,2021-10,Staffordshire Police,Staffordshire Police,-2.171696,52.551046,On or near LLOYD DRIVE,E01029673,South Staffordshire 012B,Unable to prosecute suspect
e2a0644caf709dde33cf7f49e1088731267396ad8d147aa94f1c777294e26645,2021-10,Staffordshire Police,Staffordshire Police,-2.006219,53.115446,On or near PRINCESS AVENUE,E01029809,Staffordshire Moorlands 001D,Action to be taken by another organisation
1a89145dca0ef37b45da805afd1f7c1b4a6e56bc9cd2ddd2cb850887f5e874a3,2021-10,Staffordshire Police,Staffordshire Police,-2.000209,52.707602,On or near ESKRETT STREET,E01029389,Cannock Chase 005D,Unable to prosecute suspect
5ddb8bfec95b92d2b358b1d066e93a275dd8c7fffdbd8bad3fd9402488a1a904,2021-10,Staffordshire Police,Staffordshire Police,-2.119480,52.791495,On or near RISING BROOK,E01029738,Stafford 012D,Unable to prosecute suspect
e224201e780520e742b2d3de243ae050efb7de28986d4802d0c99a07843ce558,2021-10,Staffordshire Police,Staffordshire Police,-1.746036,52.728420,On or near TURTON CLOSE,E01029478,Lichfield 002B,Unable to prosecute suspect
ef51b8b2aad07ca21f1307f66eb5e3c6a19c3fb52161fa1bac74939d0e9ad193,2021-10,Staffordshire Police,Staffordshire Police,-2.243589,52.855903,On or near STAFFORD ROAD,E01029695,Stafford 005A,Investigation complete; no suspect identified
e37550835bf6a4acff2e10c8c4f02014386e3820e194377cdfcb22952ba65d25,2021-10,Staffordshire Police,Staffordshire Police,-2.315489,52.834248,On or near PARK LANE,E01029708,Stafford 015D,Investigation complete; no suspect identified
41013feb1808e0cc2f1319e2dd5857d2f2b051e0c481a15f2ad80526fc2f00cc,2021-10,Staffordshire Police,Staffordshire Police,-2.023724,53.105223,On or near Parking Area,E01029804,Staffordshire Moorlands 005A,Investigation complete; no suspect identified
de3bfc1546ea25bc1c83aea81fd618a25e56c9101b074460060aa779c8e91b3a,2021-10,Staffordshire Police,Staffordshire Police,-2.104685,52.805811,On or near WEST CLOSE,E01029725,Stafford 009D,Unable to prosecute suspect
588030cea86ac715f84f75ed36ed4f836e587167ed603464d0c28053b3f037c8,2021-10,Staffordshire Police,Staffordshire Police,-2.176601,53.116034,On or near Supermarket,E01029774,Staffordshire Moorlands 003E,Investigation complete; no suspect identified
46f66bef04fdaf8dd72247b40805b40b7e2d4c87f4658c0fe8a8b59f9d3a7b76,2021-10,Staffordshire Police,Staffordshire Police,-2.194468,52.973349,On or near TURNBERRY DRIVE,E01014348,Stoke-on-Trent 030B,Unable to prosecute suspect
dde52ed96dbaa286b0fea60709bdbc52827a9ddcadc18275a35f92980b7a6310,2021-10,Staffordshire Police,Staffordshire Police,-1.953048,52.769198,On or near PINE VIEW,E01029371,Cannock Chase 001D,Unable to prosecute suspect
3a4adb36031db7cae0067542aa7de983c1104d1b05187699433fe83c6447e53e,2021-10,Staffordshire Police,Staffordshire Police,-1.690586,52.633429,On or near MILL LANE,E01029838,Tamworth 005C,Unable to prosecute suspect
a6a276c76a8798298e6b7558a3d0beaf7efdf0871b7b3b34a790386e92da19f9,2021-10,Staffordshire Police,Staffordshire Police,-2.119200,53.008308,On or near SPALDING PLACE,E01014223,Stoke-on-Trent 017D,Further action is not in the public interest
71e7a4ea7209d31e542e93737d765e7c32907bc41ceea3c2f46c078998c2c631,2021-10,Staffordshire Police,Staffordshire Police,-2.003392,52.719657,On or near WOODLAND CLOSE,E01029386,Cannock Chase 005B,Unable to prosecute suspect
216cc3c85ce992300b0b4f7e8832cd99b8399f2acb83d173ceca5872a4ee30bc,2021-10,Staffordshire Police,Staffordshire Police,-2.016975,52.699914,On or near SMILLIE PLACE,E01029351,Cannock Chase 008C,Further action is not in the public interest
947cf07da1c3383317ada171d4670b0622e7fa7d244de9f37880b8fc82810845,2021-10,Staffordshire Police,Staffordshire Police,-1.721924,52.726865,On or near Park/Open Space,E01029516,Lichfield 008A,Investigation complete; no suspect identified
ff6d48eca8e2a3978c469a4a66bfc2a6a2633641ba46ad468598e9ec3b9705c6,2021-10,Staffordshire Police,Staffordshire Police,-1.626287,52.806196,On or near Parking Area,E01032896,East Staffordshire 011F,Unable to prosecute suspect
23936ed3d390bb800e264012d4475b728777ee2ad6bb9d66ef563ee38ffa0af4,2021-10,Staffordshire Police,Staffordshire Police,-2.258276,53.080387,On or near COVERT GARDENS,E01029540,Newcastle-under-Lyme 003A,Investigation complete; no suspect identified
ec5ef92449c0029770e3cf5064578d91ecd8f30b1766ae3a2f06095f9854e045,2021-10,Staffordshire Police,Staffordshire Police,-2.200648,52.999084,On or near THISTLEY HOUGH,E01014341,Stoke-on-Trent 023B,Further action is not in the public interest
899bc5f6f019bb9d4cef95e11085f436f9e907ddbcaa87debebb81e04121f08c,2021-10,Staffordshire Police,Staffordshire Police,-1.951031,52.704050,On or near SUMMERSIDE AVENUE,E01029398,Cannock Chase 006B,Formal action is not in the public interest
9139924ed459dae5a2e19a4ca75a510487f943d560d6cc8010c22f9e845f9461,2021-10,Staffordshire Police,Staffordshire Police,-2.165290,53.065352,On or near HOLLOWOOD PLACE,E01014336,Stoke-on-Trent 004D,Suspect charged
7c8e4e43e854537503aa6fe2fcef46c4745e80eda2b240c4802d58f636271c7c,2021-10,Staffordshire Police,Staffordshire Police,-2.231927,53.085817,On or near KINGSWOOD,E01029565,Newcastle-under-Lyme 001B,Investigation complete; no suspect identified
25aa0b3f1dfb88c2603116f56da5d21b37827dfef3148e8a1dbaad4f3c67428f,2021-10,Staffordshire Police,Staffordshire Police,-2.200648,52.999084,On or near THISTLEY HOUGH,E01014341,Stoke-on-Trent 023B,Further action is not in the public interest
43ef6809226340040e951f7cb78709a8d3b98c760a5d8fb57f1894ed05fc0c84,2021-10,Staffordshire Police,Staffordshire Police,-1.626652,52.813811,On or near WHARF ROAD,E01032896,East Staffordshire 011F,Investigation complete; no suspect identified
acffd56893d16dde43152ce3d2410516cc3cad756b8b2b19e5bafdfb1e54928c,2021-10,Staffordshire Police,Staffordshire Police,-2.029911,52.982125,On or near THE COMMON,E01029778,Staffordshire Moorlands 012A,Investigation complete; no suspect identified
a550f6dc3e41261b9995770a8838268bb151bce5ec89a937607efe913e7085c1,2021-10,Staffordshire Police,Staffordshire Police,-1.636803,52.815308,On or near PARKER STREET,E01029426,East Staffordshire 008A,Unable to prosecute suspect
772e72b525a878819235d23c7990ae9589095c0a9aa30787e3a6d757f0f5689f,2021-10,Staffordshire Police,Staffordshire Police,-2.004762,52.915869,On or near HILL LANE,E01029406,East Staffordshire 001B,Unable to prosecute suspect
420685e6b56a1c59d2bfd2bfdc84677c2bdc1b544d57223f1cb5f5c09581e95d,2021-10,Staffordshire Police,Staffordshire Police,-2.099430,52.978842,On or near WOODGATE STREET,E01014368,Stoke-on-Trent 028D,Unable to prosecute suspect
89ae75bca4908cf1573c9546eee87826b57c639421f2d96685ddb0cb37fb9ca4,2021-10,Staffordshire Police,Staffordshire Police,-2.099430,52.978842,On or near WOODGATE STREET,E01014368,Stoke-on-Trent 028D,Offender given a caution
18d86eaa193251a326dad0233e46f23e5449a9cbb50fc55c55032fb0f8f6f032,2021-10,Staffordshire Police,Staffordshire Police,-2.099430,52.978842,On or near WOODGATE STREET,E01014368,Stoke-on-Trent 028D,Offender given a caution
1c6b4027fcfb8ef428d5064f56e9ed6ee9f2f6697614b5f3d00621ee6b51bf3c,2021-10,Staffordshire Police,Staffordshire Police,-1.839398,52.950145,On or near EATON ROAD,E01029423,East Staffordshire 001D,Unable to prosecute suspect
859d49206912c5544192894c359ff59bc1c4fd948c70aa7e76548b81498571c4,2021-10,Staffordshire Police,Staffordshire Police,-2.091517,52.983649,On or near LASKI CRESCENT,E01014366,Stoke-on-Trent 028B,Further action is not in the public interest
23a0257c2f748ca72ea9ca40d58e09a01ff839e0cdd0357508c3fb7accb6395c,2021-10,Staffordshire Police,Staffordshire Police,-2.299222,53.043480,On or near WYNBANK CLOSE,E01029556,Newcastle-under-Lyme 005E,Unable to prosecute suspect
f5de49507f7285a21ad8aecf431254b8038555e47ce75ab8a71539c264898c5e,2021-10,Staffordshire Police,Staffordshire Police,-1.635149,52.803814,On or near Supermarket,E01032896,East Staffordshire 011F,Suspect charged
abca59d17944b71cd2ae2d593fc12ab58caba17e637d37ef53dbaab4c5cf8508,2021-10,Staffordshire Police,Staffordshire Police,-1.635822,52.813785,On or near Supermarket,E01029426,East Staffordshire 008A,Unable to prosecute suspect
a756911c443184d965994182f69512096593d7f2037d66336f611076785f4f25,2021-10,Staffordshire Police,Staffordshire Police,-2.225725,53.007686,On or near Petrol Station,E01029602,Newcastle-under-Lyme 011C,Investigation complete; no suspect identified
b41c13ec0549b0d2651fe8cf0f7b3deeb9444adf818bd5254f187e24b094afbc,2021-10,Staffordshire Police,Staffordshire Police,-2.192404,53.028195,On or near RIDGEHOUSE DRIVE,E01014285,Stoke-on-Trent 015B,Suspect charged
8881bf7716b08cbafa628173974e7b04be32f6af39db7f543e6d58a25f29cda0,2021-10,Staffordshire Police,Staffordshire Police,-2.219597,53.071637,On or near BURNABY ROAD,E01014358,Stoke-on-Trent 002B,Formal action is not in the public interest
310c93104e09dd09f31e397871a5f3c594b6115bde2e8535ac3ded6cf8925625,2021-10,Staffordshire Police,Staffordshire Police,-2.143479,52.995445,On or near HOLLINGS STREET,E01014278,Stoke-on-Trent 021B,Unable to prosecute suspect
b021b2e6e6ec4d46541b948bd7ebf395797df6bf09959b2a093f3ef0ff1103a5,2021-10,Staffordshire Police,Staffordshire Police,-1.656774,52.847334,On or near HALL GROUNDS,E01029444,East Staffordshire 004B,Investigation complete; no suspect identified
1ecc9e3e9362804fccd29b8fa5aea8c9fb560c15281b11d0496ef85c9569dfa3,2021-10,Staffordshire Police,Staffordshire Police,-2.196820,52.979628,On or near DIARMID ROAD,E01014353,Stoke-on-Trent 030D,Investigation complete; no suspect identified
177921b492371b8fd32caa3e750cf687855c4daf571d6516e86048b0059b2e79,2021-10,Staffordshire Police,Staffordshire Police,-1.722070,52.692210,On or near THE SQUARE,E01029517,Lichfield 008B,Further action is not in the public interest
74766b7f1280f08a8d383912ec98785405833f94b23631705a774aebc557f670,2021-10,Staffordshire Police,Staffordshire Police,-2.128143,53.018933,On or near RUTHIN ROAD,E01014220,Stoke-on-Trent 017A,Unable to prosecute suspect
d677c88adc3755a84f71569b5b5ff46ee647fa7ba537f77050de4ab7103976a9,2021-10,Staffordshire Police,Staffordshire Police,-2.206466,53.044163,On or near ST PAUL STREET,E01014250,Stoke-on-Trent 009B,Investigation complete; no suspect identified
93870880afab76f322d89953e397ba6289f8722aa2e814ae865cde0c4423f793,2021-10,Staffordshire Police,Staffordshire Police,-2.169674,52.999815,On or near EDISON STREET,E01014276,Stoke-on-Trent 020C,Unable to prosecute suspect
4d95a6a1498cec22c477d7587adc982fc0c09f5441955100d83441cb8f84af72,2021-10,Staffordshire Police,Staffordshire Police,-2.181228,53.008616,On or near STATION ROAD,E01014284,Stoke-on-Trent 016F,Action to be taken by another organisation
3248deb678a86a72548768e5d4f18cbd5893322bb678de73103f56edb1622e01,2021-10,Staffordshire Police,Staffordshire Police,-2.203160,53.083424,On or near WOODPECKER DRIVE,E01014264,Stoke-on-Trent 001E,Investigation complete; no suspect identified
133dc8c94829222279d5e1ac6769f872c13b86ad3e82ba35f0db65ecd356c8c3,2021-10,Staffordshire Police,Staffordshire Police,-1.673261,52.600759,On or near HEDGING LANE,E01032901,Tamworth 010F,Unable to prosecute suspect
83fe741190f940196b34b2f38b4e8c456e714497f60d3034ca1f70da6e361757,2021-10,Staffordshire Police,Staffordshire Police,-2.029904,52.672394,On or near LAKESIDE BOULEVARD,E01029359,Cannock Chase 012A,Investigation complete; no suspect identified
de37b1ef5f1585bd2f8ebd2b19707df7ad2e4d17ee8dba928b6b06df39deab55,2021-10,Staffordshire Police,Staffordshire Police,-2.235314,53.014373,On or near KNUTTON LANE,E01029604,Newcastle-under-Lyme 011E,Investigation complete; no suspect identified
d12a015b6d77486327816942c8e218cf069c046347648d54049da92ea7f32d2e,2021-10,Staffordshire Police,Staffordshire Police,-2.077148,53.028092,On or near WITHYSTAKES ROAD,E01029779,Staffordshire Moorlands 009A,Investigation complete; no suspect identified
49c635dae5a97835bf33d85a7dd281500fae82c233b80fd1046f8055766edfc7,2021-10,Staffordshire Police,Staffordshire Police,-2.222538,53.022668,On or near HEATH AVENUE,E01029577,Newcastle-under-Lyme 009A,Suspect charged
089dc2d79518838b2b3ac650b16db8e0c061464278c9373719b232e0034d45cb,2021-10,Staffordshire Police,Staffordshire Police,-2.210522,53.013305,On or near HADRIAN GROVE,E01014288,Stoke-on-Trent 018A,Unable to prosecute suspect
2e12dacf3c22e68c9f828d8b40df7cf5c4c3fddafc70f9f27bd33ea07717b9f2,2021-10,Staffordshire Police,Staffordshire Police,-2.181184,53.022927,On or near MORLEY STREET,E01014287,Stoke-on-Trent 015D,Investigation complete; no suspect identified
fba5c627296f5a2e87be5cf22ab428822d2608bf1c00d0d89f37ab7eed33158e,2021-10,Staffordshire Police,Staffordshire Police,-2.130538,52.790045,On or near SOMERSET ROAD,E01029716,Stafford 013B,Unable to prosecute suspect
30deb30619041b00c9cddad5e1866f792cfd532f1fe27e04491c927be32ea749,2021-10,Staffordshire Police,Staffordshire Police,-1.829400,52.694894,On or near REYNOLDS CLOSE,E01029499,Lichfield 004B,Unable to prosecute suspect
ec90c1afbc3490d6d8c7a57caa9c9ef7a1222e3b5ed11b80cbe99f7ab6a039f7,2021-10,Staffordshire Police,Staffordshire Police,-2.187460,53.005604,On or near HARTSHILL ROAD,E01014345,Stoke-on-Trent 019E,Investigation complete; no suspect identified
f17e52870b472b1bed3b81eb4b5d7953b89a2f411fd16b302af42479a168cdea,2021-10,Staffordshire Police,Staffordshire Police,-1.622063,52.824656,On or near Sports/Recreation Area,E01029428,East Staffordshire 008C,Local resolution
a550bd5c06a14d98ff59037a8349ea24a10eeed8c224ecae6a10b08b47ef02ab,2021-10,Staffordshire Police,Staffordshire Police,-2.181228,53.008616,On or near STATION ROAD,E01014284,Stoke-on-Trent 016F,Investigation complete; no suspect identified
144061287ac831f8b48c232046c9f3b663cdadc2337ce950f0de4635072043e3,2021-10,Staffordshire Police,Staffordshire Police,-2.081006,52.970505,On or near BLYTHE CLOSE,E01029702,Stafford 001A,Unable to prosecute suspect
e1d5d46a0f65fe6694db13f43ff390b1cb6af531cab133f02d098fb3df90167c,2021-10,Staffordshire Police,Staffordshire Police,-2.220709,53.073037,On or near FERNEY PLACE,E01014358,Stoke-on-Trent 002B,Unable to prosecute suspect
a96ecdc97503eea060a7c11e0399fa38a3b0d847f412acbf77e86cef9fb322e2,2021-10,Staffordshire Police,Staffordshire Police,-2.246654,53.000750,On or near LUGANO CLOSE,E01029601,Newcastle-under-Lyme 015E,Unable to prosecute suspect
2504a4f1004cf2b58ff315aa3ba3d6fd7489f75586375a7d231d2ae0a3125024,2021-10,Staffordshire Police,Staffordshire Police,-1.623520,52.838117,On or near PRIORY LANDS,E01029458,East Staffordshire 005E,Formal action is not in the public interest
2e15e5f70e84cb21460eaba6ce21f7edf3dfaff07dcb6ce79d48e72b3adcf75b,2021-10,Staffordshire Police,Staffordshire Police,-2.163547,52.999051,On or near Parking Area,E01014274,Stoke-on-Trent 020A,Investigation complete; no suspect identified
89bd26307c3d3ac8dbbc34fbbc8a3e43685e090f72db56d9991162f33f6e7859,2021-10,Staffordshire Police,Staffordshire Police,-2.244815,53.039065,On or near BEASLEY AVENUE,E01029558,Newcastle-under-Lyme 006E,Investigation complete; no suspect identified
e55b265af8e30d6d8616e6a58a56d73975bd37a644b6425943162b09ab2cf8cd,2021-10,Staffordshire Police,Staffordshire Police,-2.115960,52.806277,On or near ST CHAD'S PLACE,E01029701,Stafford 010E,Investigation complete; no suspect identified
2cf7df33d3332449613c10a21cfa62f371c427eb324823a230bb1f9b308790d7,2021-10,Staffordshire Police,Staffordshire Police,-2.169948,53.005217,On or near Further/Higher Educational Building,E01014276,Stoke-on-Trent 020C,Investigation complete; no suspect identified
3f8a7aba15b4111d12b9806877f4138d996ab661d2b846f5acacb42c34ee9971,2021-10,Staffordshire Police,Staffordshire Police,-1.635822,52.813785,On or near Supermarket,E01029426,East Staffordshire 008A,Unable to prosecute suspect
c0e6537ec173495d1cea0296bcb29e5fd4f5e33b9f64f470aed5487274631a92,2021-10,Staffordshire Police,Staffordshire Police,-1.619410,52.803854,On or near SCALPCLIFFE CLOSE,E01029471,East Staffordshire 010D,Investigation complete; no suspect identified
a0891c57e9998a947e07b75e09f6a20a32fd8c071a190a9ef6697532e7ce848a,2021-10,Staffordshire Police,Staffordshire Police,-2.162868,52.988903,On or near GWENYS CRESCENT,E01014239,Stoke-on-Trent 026C,Investigation complete; no suspect identified
fe39d11844c0aa06f970021169528eb7db9b261f852ea0ec46faff8316d38f26,2021-10,Staffordshire Police,Staffordshire Police,-2.143194,52.994852,On or near BROCKSFORD STREET,E01014273,Stoke-on-Trent 021A,Unable to prosecute suspect
a5c64cd241003bf57fe21039481fde6c0d6904450a43d333ad3c3cc24214296e,2021-10,Staffordshire Police,Staffordshire Police,-1.697272,52.643065,On or near COPE'S DRIVE,E01029851,Tamworth 002E,Investigation complete; no suspect identified
423ebcbf049b9683a3deaeadcb05d001c3dd1854a1f6f25fd007569a037d81b4,2021-10,Staffordshire Police,Staffordshire Police,-2.130662,52.999082,On or near WIGMORE PLACE,E01014296,Stoke-on-Trent 022A,Unable to prosecute suspect
c6adf16b2e79adba7a594bf75f8ffe61da386a8b69318f9ee54b6fdd63175560,2021-10,Staffordshire Police,Staffordshire Police,-2.203027,53.064556,On or near THE TUDORS,E01014355,Stoke-on-Trent 005B,Unable to prosecute suspect
2badc57d7e22986282a16e4bfc354a9617ad1d9c5d2a297ded1a048532bb38db,2021-10,Staffordshire Police,Staffordshire Police,-1.897119,52.816600,On or near YEATSALL ROAD,E01029411,East Staffordshire 006A,Suspect charged
a3ac76e354a239423edbc5b029aa0a13db23a63030658edec8184edfd20eddc3,2021-10,Staffordshire Police,Staffordshire Police,-2.107755,52.727770,On or near LITTLETON CRESCENT,E01029655,South Staffordshire 001A,Investigation complete; no suspect identified
bab2b76dc62c58e93cac7ec58790fd4e5c2da84dadf74a38af910562678484a0,2021-10,Staffordshire Police,Staffordshire Police,-2.010388,53.115931,On or near ROCHE AVENUE,E01029809,Staffordshire Moorlands 001D,Unable to prosecute suspect
afcd3dd278a44eea72b3d88dafd1e64ac7ea8ca5c54491318163e5ae084a402b,2021-10,Staffordshire Police,Staffordshire Police,-2.048132,52.679616,On or near Petrol Station,E01029361,Cannock Chase 012C,Unable to prosecute suspect
3dac1c1e325298cd02cebc5c47d272ff1d4a2c0fff3f46eddcbce003c5a93b4c,2021-10,Staffordshire Police,Staffordshire Police,-2.133831,52.804766,On or near EDWARDS DRIVE,E01029736,Stafford 012B,Unable to prosecute suspect
0d1532baf96945b9c023c212f496b59747a1ea6c02ba0c90212bb684190daecf,2021-10,Staffordshire Police,Staffordshire Police,-1.935648,52.668012,On or near POOL ROAD,E01029497,Lichfield 006E,Action to be taken by another organisation
8aceccd81639f26bb50f8ec5dedc02a83986bc55e1d82c5a9ebdeecb8757f56b,2021-10,Staffordshire Police,Staffordshire Police,-1.839616,52.676983,On or near THROPP CLOSE,E01032900,Lichfield 004G,Unable to prosecute suspect
7fd728022c7529cbfd29d4d32a1fae1f168a87852c88710646bef2a4fc1f29a6,2021-10,Staffordshire Police,Staffordshire Police,-2.173246,52.995288,On or near FENTON HALL CLOSE,E01014277,Stoke-on-Trent 020D,Investigation complete; no suspect identified
e754ff4f64ca051819ad94c1c339397d719c9314fb676df025a45d116b99fb39,2021-10,Staffordshire Police,Staffordshire Police,-2.176566,53.020022,On or near CARDIFF GROVE,E01014287,Stoke-on-Trent 015D,Investigation complete; no suspect identified
aaee6647531f0d936412d1d2f5850a63450f36b0d7b9061be614c0ffa7e4f0e7,2021-10,Staffordshire Police,Staffordshire Police,-2.209408,53.001846,On or near GRINDLEY HILL COURT,E01014294,Stoke-on-Trent 018F,Unable to prosecute suspect
f262e2cdf8243aeffda8da03e6a890f37d3b2f435007e93e9c6f2533285c18ed,2021-10,Staffordshire Police,Staffordshire Police,-1.635872,52.813120,On or near HORNINGLOW STREET,E01029426,East Staffordshire 008A,Unable to prosecute suspect
480dc980e5aaba0ca26450b1ec81322be7ffacd8757d868dedc94d1f0aadf492,2021-10,Staffordshire Police,Staffordshire Police,-2.200801,53.051247,On or near EVANS STREET,E01014252,Stoke-on-Trent 009D,Unable to prosecute suspect
014d166ce60d7f76b472062d53bc46516173c16c31c20281aa581c3c9c46cb33,2021-10,Staffordshire Police,Staffordshire Police,-2.164959,52.986590,On or near LILAC GROVE,E01014240,Stoke-on-Trent 026D,Unable to prosecute suspect
6a4f28e0edf0163f2ecefa76d55ac3aa6816481cf86288a102bab6dd76509136,2021-10,Staffordshire Police,Staffordshire Police,-2.015359,52.649932,On or near ALPHA WAY,E01029638,South Staffordshire 005A,Investigation complete; no suspect identified
5eeae1e0ef802742850fff290a101fc7d7278ec49c51847061cf33707d8499b3,2021-10,Staffordshire Police,Staffordshire Police,-2.107820,52.981019,On or near BOX LANE,E01014364,Stoke-on-Trent 024B,Investigation complete; no suspect identified
675201db42708ab5ed047b7923dbacc27293b149d2edb8fabb72bc98dabf1ffe,2021-10,Staffordshire Police,Staffordshire Police,-2.243244,53.035509,On or near BOOTH STREET,E01029559,Newcastle-under-Lyme 007C,Investigation complete; no suspect identified
956067ec333b3f2ac6bd61bd1a22f7b641eb2cdf9191abd9d9baea08acdeed5d,2021-10,Staffordshire Police,Staffordshire Police,-1.703601,52.635979,On or near MOOR STREET,E01029851,Tamworth 002E,Further action is not in the public interest
ac7a70dfc8fc57229a4ce273e6a518ca0414db4037bee6569f44e3b533647066,2021-10,Staffordshire Police,Staffordshire Police,-2.171730,53.022348,On or near HARLEY STREET,E01014231,Stoke-on-Trent 016B,Suspect charged
58f638ef7bf2429cfa49e00a65236286003c021d7265a7b7f315a6f152cfc584,2021-10,Staffordshire Police,Staffordshire Police,-2.293918,53.046676,On or near MILES GREEN ROAD,E01029534,Newcastle-under-Lyme 005C,Unable to prosecute suspect
9baf520db25740187064e56b504df9fde8462e79194297f77772e3ee96ca3d7f,2021-10,Staffordshire Police,Staffordshire Police,-2.175320,53.010738,On or near DARNLEY STREET,E01014284,Stoke-on-Trent 016F,Further investigation is not in the public interest
e53ae57338ac0dec42591bb14f83477d717612aeda7752ab5521cfbc5f6e24ca,2021-10,Staffordshire Police,Staffordshire Police,-2.015556,52.662814,On or near PADDOCK LANE,E01029643,South Staffordshire 005D,Formal action is not in the public interest
e9ab40d9b2c8c979180eeea12f3466f1e5421945323e48debaed88a43a0606d4,2021-10,Staffordshire Police,Staffordshire Police,-2.136009,53.059789,On or near Petrol Station,E01014272,Stoke-on-Trent 007F,Investigation complete; no suspect identified
8e4a8f83459c72ff972cc8f9e53bc0c9253340f89ba7db8d7d5ae8086704ffa2,2021-10,Staffordshire Police,Staffordshire Police,-2.128456,53.013629,On or near Supermarket,E01014222,Stoke-on-Trent 017C,Investigation complete; no suspect identified
923b68dea8582912b5ecac50cfa10e258a092dbbb9da1bee80288cc0ef725a2e,2021-10,Staffordshire Police,Staffordshire Police,-2.216771,53.011182,On or near CLARENCE STREET,E01029603,Newcastle-under-Lyme 011D,Investigation complete; no suspect identified
c7e544608a69af4bd60f6f9a719038e738f827b635148656ad35a3838967ce0a,2021-10,Staffordshire Police,Staffordshire Police,-1.838983,52.949560,On or near RIVERSFIELD DRIVE,E01029423,East Staffordshire 001D,Unable to prosecute suspect
0c1b834dfb3d1c9a1198f092fb38dddf4c42773183b624b925787ef0fd331acb,2021-10,Staffordshire Police,Staffordshire Police,-2.181123,53.004877,On or near GLEBE STREET,E01014293,Stoke-on-Trent 019A,Unable to prosecute suspect
c72f7b5055c039d7e732a2282bc4cae82cad49c79a6aed36db1e41b5367cd17b,2021-10,Staffordshire Police,Staffordshire Police,-2.172801,53.014211,On or near RIDGEWAY ROAD,E01033216,Stoke-on-Trent 016G,Suspect charged
ce6e1365c315e58f7589c85afdbaabeaedb6215b2d9f428c7023803e90763dc9,2021-10,Staffordshire Police,Staffordshire Police,-2.193844,53.030152,On or near Petrol Station,E01014285,Stoke-on-Trent 015B,Investigation complete; no suspect identified
9cf251d48e7f988a9efa462f622988cff94827491d658e237980fdc7f409c9bb,2021-10,Staffordshire Police,Staffordshire Police,-1.667735,52.622759,On or near MAITLAND,E01029840,Tamworth 007A,Unable to prosecute suspect
bc76d30dbea21b6daa8431343145717bb5f40d36713d2ecb5646cf7f939a4545,2021-10,Staffordshire Police,Staffordshire Police,-1.836521,52.693960,On or near PIPERS CROFT,E01029491,Lichfield 007A,Investigation complete; no suspect identified
05288f0cdb5945d3ce7d4d642afa46a589f62a80476a5c7df4b3d90c3e41421f,2021-10,Staffordshire Police,Staffordshire Police,-2.010849,52.700643,On or near SHERWOOD DRIVE,E01029351,Cannock Chase 008C,Unable to prosecute suspect
fbcabb5e80c1481025d5ce57dc7c6bd5e8c0b3b43be45adc94516af505aa9664,2021-10,Staffordshire Police,Staffordshire Police,-2.155372,52.971564,On or near RIPON ROAD,E01014235,Stoke-on-Trent 032A,Further action is not in the public interest
b31fad0ffda2027c86798d6ca202bcba6cd60bc841e33c82084cc4ed68548065,2021-10,Staffordshire Police,Staffordshire Police,-1.691006,52.636765,On or near ROSY CROSS,E01029851,Tamworth 002E,Investigation complete; no suspect identified
841b81a66d1d0441dfe65dfa6a62855dacfd5e12df6d53fd331e160e0cc3c3bb,2021-10,Staffordshire Police,Staffordshire Police,-2.236264,53.079057,On or near ALDER CLOSE,E01029586,Newcastle-under-Lyme 001E,Unable to prosecute suspect
7aa090ce794b2c7fbb8602982fe3880bce8b03697ea70aeab46e6f6a96cc22bc,2021-10,Staffordshire Police,Staffordshire Police,-2.029487,52.689906,On or near Parking Area,E01029360,Cannock Chase 012B,Unable to prosecute suspect
44f9b16c13b5bd3c6b3f3631b785d056a718d19f662ac748e94ca0c7ebbc7603,2021-10,Staffordshire Police,Staffordshire Police,-2.199892,53.009665,On or near Petrol Station,E01014291,Stoke-on-Trent 018D,Unable to prosecute suspect
9dfe40a25295c166d74fc5c01efe85b7b3225e5ec08b2534cc0eaf8bd02c9695,2021-10,Staffordshire Police,Staffordshire Police,-2.167583,53.110114,On or near EDGELEY ROAD,E01029765,Staffordshire Moorlands 003C,Unable to prosecute suspect
7a71fe37296739ae2a5bf51a7d565dee718483ca59d414fd54109779e9983d38,2021-10,Staffordshire Police,Staffordshire Police,-1.976040,53.115372,On or near EASING LANE,E01029797,Staffordshire Moorlands 001A,Investigation complete; no suspect identified
be81af8ddbe25166356f85573f73be6b78a23147e0d34507da830c9fce6c4da8,2021-10,Staffordshire Police,Staffordshire Police,-1.663494,52.622900,On or near ST CHAD COURT,E01029841,Tamworth 003E,Unable to prosecute suspect
bf5c1ec56ede2f276c48a4a214edf7276bce5a6931bedae51a2502cdb067bd7a,2021-10,Staffordshire Police,Staffordshire Police,-1.673261,52.600759,On or near HEDGING LANE,E01032901,Tamworth 010F,Unable to prosecute suspect
bc12d7d3abe16b2343a793aabc7bb57d5db56f9756a03c5d41b98fea4c8a5c26,2021-10,Staffordshire Police,Staffordshire Police,-2.175805,53.027295,On or near Shopping Area,E01014287,Stoke-on-Trent 015D,Unable to prosecute suspect
8de0251d8af15ee806e9541b7b870e128a53367b8ae88379b8dd134fb514692c,2021-10,Staffordshire Police,Staffordshire Police,-1.828868,52.683467,On or near Shopping Area,E01029526,Lichfield 004E,Local resolution
133786396ac00efceba941b1937c49680c457bc817848e214523f6b8f1b31bd4,2021-10,Staffordshire Police,Staffordshire Police,-1.653816,52.615788,On or near GARRIGILL,E01029859,Tamworth 007E,Suspect charged
fa52f2939d68203c90c78bf925a839751805b9d0f735b214c4e49633ed7da281,2021-10,Staffordshire Police,Staffordshire Police,-2.176253,53.009217,On or near LEEK ROAD,E01014282,Stoke-on-Trent 016D,Investigation complete; no suspect identified
aa02dce9b527ef4d09b5d85808fb7d63ba1efc347ffc26269ef7cd56c6e396ad,2021-10,Staffordshire Police,Staffordshire Police,-1.665372,52.793071,On or near WARWICK CLOSE,E01029413,East Staffordshire 013A,Local resolution
b7ce3ccf3d673f16657d5550e6d3708ad15d0d5e7a2719f093847ade6dfc318e,2021-10,Staffordshire Police,Staffordshire Police,-2.022380,53.106590,On or near FORD STREET,E01029804,Staffordshire Moorlands 005A,Suspect charged
6a8cae8fa1b3d6bb6a50d6bc4d1f47aadb342d078430d033c08bd154fdf2b223,2021-10,Staffordshire Police,Staffordshire Police,-2.123493,53.003315,On or near LAWN FARM CRESCENT,E01014229,Stoke-on-Trent 017F,Unable to prosecute suspect
1b3e0bb053747c0ca3b69a4ca75c27885b0fbbbe624795d49928056a68e15a8f,2021-10,Staffordshire Police,Staffordshire Police,-2.022380,53.106590,On or near FORD STREET,E01029804,Staffordshire Moorlands 005A,Suspect charged
1c3768c29e73622bd1e5529834d778b431ab2c8cfb6f8b561c530b77f6438ebe,2021-10,Staffordshire Police,Staffordshire Police,-2.175962,53.051188,On or near CAMP ROAD,E01014246,Stoke-on-Trent 008A,Unable to prosecute suspect
413ce7db7ecd6bfa83438f9cf310ce0cef9933bf0da7f563a95ca89db6399ace,2021-10,Staffordshire Police,Staffordshire Police,-2.026202,52.712633,On or near MARGARET DRIVE,E01029357,Cannock Chase 007D,Further action is not in the public interest
506c1870572355d3a7d1a42a085d962627fa8c47f2af46b555041559f8d113a7,2021-10,Staffordshire Police,Staffordshire Police,-2.022380,53.106590,On or near FORD STREET,E01029804,Staffordshire Moorlands 005A,Suspect charged
3013b58b21860f606d479c9135dcbe5c24172ac9f8aeb42c1588d94416aabecc,2021-10,Staffordshire Police,Staffordshire Police,-2.192404,53.028195,On or near RIDGEHOUSE DRIVE,E01014285,Stoke-on-Trent 015B,Investigation complete; no suspect identified
5256dd7258112ff9014fdf01467044a84ea5b1437e0f49f13760445b823a8ecf,2021-10,Staffordshire Police,Staffordshire Police,-1.927596,52.690580,On or near BYRON CLOSE,E01029487,Lichfield 006A,Unable to prosecute suspect
aecf9daebb8a0aee2930ab0f9571d07821ec26a391bcbbc750633c62be176cc8,2021-10,Staffordshire Police,Staffordshire Police,-2.210965,53.058232,On or near TOWER SQUARE,E01014355,Stoke-on-Trent 005B,Investigation complete; no suspect identified
ebd23b96ec0d4db34c63f7a022e67a17bd879bb051c58f22d115573b145862f8,2021-10,Staffordshire Police,Staffordshire Police,-2.080589,52.970299,On or near FIELDWAY,E01029702,Stafford 001A,Unable to prosecute suspect
6d60892a06de7b7e5369c3524bb0bad79874e0b89c26d4b9632ad6f962e8a9e3,2021-10,Staffordshire Police,Staffordshire Police,-2.173087,53.048360,On or near ZAMENHOF GROVE,E01014266,Stoke-on-Trent 008B,Unable to prosecute suspect
db81d681c787041c36bf762330ef4ddee6558f56ed7ce725dc11be6c5f1ab1fe,2021-10,Staffordshire Police,Staffordshire Police,-2.120533,52.689902,On or near CROFT LANE,E01029658,South Staffordshire 001D,Action to be taken by another organisation
f96b501d221479a49ad483173aacc24756ad678ae1e9ed6502d664949af6f4a5,2021-10,Staffordshire Police,Staffordshire Police,-2.119698,52.806120,On or near EARL STREET,E01029701,Stafford 010E,Investigation complete; no suspect identified
7d647c74755073b55d37f3d4e9a212df777c25673d19d873293a997ba9c7f2e0,2021-10,Staffordshire Police,Staffordshire Police,-2.199455,53.024768,On or near MEDIA WAY,E01014285,Stoke-on-Trent 015B,Investigation complete; no suspect identified
66402b6c7c2c9d1fdacb7a886dcc999b657ba11173b2a6ce7aba7a46fabe2327,2021-10,Staffordshire Police,Staffordshire Police,-2.143635,52.993000,On or near Petrol Station,E01014273,Stoke-on-Trent 021A,Investigation complete; no suspect identified
4258f45f1474bc789cae31874c2643255a717c513d248db8d48a6a97f6bf1102,2021-10,Staffordshire Police,Staffordshire Police,-2.202232,53.044620,On or near BLAKE STREET,E01014251,Stoke-on-Trent 009C,Investigation complete; no suspect identified
42e8d98047bbd52c5a1842b19507d6db0a7c6cb7f6484021a066a22e13a6e8e6,2021-10,Staffordshire Police,Staffordshire Police,-2.071944,52.786121,On or near SELWORTHY DRIVE,E01029731,Stafford 014D,Unable to prosecute suspect
c48b8ade6792c851813274df70309c8ee44008b5df43c81c61058b5a6b0763ff,2021-10,Staffordshire Police,Staffordshire Police,-1.964288,52.670919,On or near VICTORIA COURT,E01029397,Cannock Chase 013D,Further action is not in the public interest
cabe667da78ac498aa79823be00aafdd07518228bb174d4956250877e4f4ecf5,2021-10,Staffordshire Police,Staffordshire Police,-2.143635,52.993000,On or near Petrol Station,E01014273,Stoke-on-Trent 021A,Investigation complete; no suspect identified
1bfcabe2e5235e5363235581ec9d39e757bbfc7ef619d58c860330bc11dcfe88,2021-10,Staffordshire Police,Staffordshire Police,-2.152530,52.997546,On or near PAYNTER STREET,E01014274,Stoke-on-Trent 020A,Investigation complete; no suspect identified
fd9f9ff2b8f70f214cbee2757daabb521be508a82b33604e5952de6d9b6d490a,2021-10,Staffordshire Police,Staffordshire Police,-1.831625,52.670445,On or near FOXGLOVE CLOSE,E01029518,Lichfield 007D,Investigation complete; no suspect identified
f0a719cc3e872a3a3b1e188ce3670f35a9248a8daa606c0a90bba2c921583811,2021-10,Staffordshire Police,Staffordshire Police,-2.000209,52.707602,On or near ESKRETT STREET,E01029389,Cannock Chase 005D,Unable to prosecute suspect
174f33c28f62511d937926282c6c6b5380460efe7bf9f5164d06f10c94e2a3c2,2021-10,Staffordshire Police,Staffordshire Police,-2.038052,53.109642,On or near THOMAS STREET,E01029814,Staffordshire Moorlands 005E,Investigation complete; no suspect identified
f3463f521fdbe21061b179b7c3a482b320f52b9133796ff2d56bd87bd71017ec,2021-10,Staffordshire Police,Staffordshire Police,-2.173156,53.024692,On or near Pedestrian Subway,E01014287,Stoke-on-Trent 015D,Suspect charged
40e2a1f98c2ddd1cf7ca64654f12c923e337fa5c2567e7c5386588ee91eb2332,2021-10,Staffordshire Police,Staffordshire Police,-2.161042,52.970567,On or near NETLEY PLACE,E01014237,Stoke-on-Trent 032C,Unable to prosecute suspect
51b26e78fb4f8b892315cc68eda552043825dde96a6de6f8870499ce5679324e,2021-10,Staffordshire Police,Staffordshire Police,-2.190233,53.060065,On or near BANK TOP AVENUE,E01014242,Stoke-on-Trent 006B,Unable to prosecute suspect
51a8f15fa8b284890755bf25ff797d90f989045afdffc2bf9048192f010c0b92,2021-10,Staffordshire Police,Staffordshire Police,-1.707989,52.629401,On or near MARSTON PARK,E01029837,Tamworth 005B,Investigation complete; no suspect identified
2af668a050846700c7c82682e5080ed731cae105cbf0ae0a51b075ab84178a38,2021-10,Staffordshire Police,Staffordshire Police,-2.221137,53.011084,On or near Parking Area,E01029602,Newcastle-under-Lyme 011C,Unable to prosecute suspect
8a79241f0d2e3329ae9daa2e6e607adbda942bc27d4221c35e27d99faad2e1f3,2021-10,Staffordshire Police,Staffordshire Police,-2.168766,53.114607,On or near JUBILEE CLOSE,E01029766,Staffordshire Moorlands 003D,Offender given a caution
d7779684fb78add81cb7f7ff4f31da5e8d04f9685843cc759bfc03ff9a004dc9,2021-10,Staffordshire Police,Staffordshire Police,-2.000150,52.710883,On or near Parking Area,E01029389,Cannock Chase 005D,Investigation complete; no suspect identified
b80d84c5543fb3daa61f942fa9d1f173363d9d39fb4eaee5a6c5157f251353f1,2021-10,Staffordshire Police,Staffordshire Police,-2.170306,53.118641,On or near EAST DRIVE,E01029766,Staffordshire Moorlands 003D,Investigation complete; no suspect identified
cb7a44e77db003daa881e2c0a954d2c7af82ecfa0b201f5077e663a86867ceba,2021-10,Staffordshire Police,Staffordshire Police,-1.654068,52.784282,On or near JACKLIN CLOSE,E01029414,East Staffordshire 013B,Investigation complete; no suspect identified
6cf047c413ab44b24c2c572cf2cfbf359d4f7749c12db4f162d687da64859d65,2021-10,Staffordshire Police,Staffordshire Police,-1.701757,52.626769,On or near Shopping Area,E01029835,Tamworth 002A,Investigation complete; no suspect identified
36f6c9253d545212bfd4da59817136a1260406a74abe4e098f9e87ac2716237e,2021-10,Staffordshire Police,Staffordshire Police,-2.129812,52.978983,On or near CHAPLIN ROAD,E01014312,Stoke-on-Trent 029D,Investigation complete; no suspect identified
1d4da4588fc2e03b99d72ab35a82138ada94f2f721a1115c4093d521c278eb73,2021-10,Staffordshire Police,Staffordshire Police,-2.154956,53.025733,On or near ROYDEN AVENUE,E01014213,Stoke-on-Trent 012D,Unable to prosecute suspect
7163f6a3a625c1c2b4d42c5646cfad0d9282cb01c90240c5bfef3135a5d2078e,2021-10,Staffordshire Police,Staffordshire Police,-2.182429,53.010664,On or near QUEEN ANNE STREET,E01014283,Stoke-on-Trent 016E,Unable to prosecute suspect
b70baed682837389caa91a18418c1056cc96da22d69195dc25a655b6712b16b7,2021-10,Staffordshire Police,Staffordshire Police,-2.101654,53.019130,On or near CLOUGH LANE,E01029819,Staffordshire Moorlands 009E,Further investigation is not in the public interest
096175379eefcc173185f5fd76d6ba9bc278cd544e065679b949378b7b8de51c,2021-10,Staffordshire Police,Staffordshire Police,-2.142961,52.987418,On or near HEATHCOTE ROAD,E01014313,Stoke-on-Trent 027D,Investigation complete; no suspect identified
e342e67fc1b4e5de054a5a218a2182fb3481802d71b50c876e6fe6f48539bcde,2021-10,Staffordshire Police,Staffordshire Police,-2.057477,52.968847,On or near BLYTHE MOUNT PARK,E01029798,Staffordshire Moorlands 012C,Unable to prosecute suspect
5ca03ac9f82806131be00271c0f684d893e7f7db9549cdab6ebad69af9862b29,2021-10,Staffordshire Police,Staffordshire Police,-2.199241,53.081696,On or near SCRAGG STREET,E01014264,Stoke-on-Trent 001E,Unable to prosecute suspect
a68f9b60cc9134192de837b04feae85384db176e86b129e25a0b2bb0b730ec14,2021-10,Staffordshire Police,Staffordshire Police,-1.965533,52.781446,On or near Park/Open Space,E01029711,Stafford 008C,Investigation complete; no suspect identified
b171f5a683b30e3a39526a3eac8267707c78538f5e78523a2c7b6785f22eab1b,2021-10,Staffordshire Police,Staffordshire Police,-2.137465,52.987775,On or near GOLD STREET,E01014302,Stoke-on-Trent 022D,Investigation complete; no suspect identified
72d612aac95eeb2772522e6de82797296b5d50cd0d7b4e918960138ecd7c4fe2,2021-10,Staffordshire Police,Staffordshire Police,-2.190743,53.023568,On or near CAVENDISH STREET,E01014285,Stoke-on-Trent 015B,Unable to prosecute suspect
36e3902bfe1401b1da6e3c76296b6188762720824ce83ddcffa261de45d7c4ef,2021-10,Staffordshire Police,Staffordshire Police,-2.141403,53.052897,On or near CHURCH AVENUE,E01014265,Stoke-on-Trent 007D,Investigation complete; no suspect identified
ffd33296be0f6a3d9cd250aea658dae9c494f7e9db914060c8b775280da618ca,2021-10,Staffordshire Police,Staffordshire Police,-2.038052,53.109642,On or near THOMAS STREET,E01029814,Staffordshire Moorlands 005E,Investigation complete; no suspect identified
b7c136d9d4ea02bcf87313f48d5b38912d5516795615a78408408f8a81d7ff92,2021-10,Staffordshire Police,Staffordshire Police,-1.918474,52.679265,On or near MOOR CLOSE,E01029528,Lichfield 010C,Unable to prosecute suspect
9d5a040fa72cf7b151cf89c3c798d0dd84a8e85d83384dc4108ffade3a017e25,2021-10,Staffordshire Police,Staffordshire Police,-2.030701,52.690616,On or near Bus/Coach Station,E01029360,Cannock Chase 012B,Action to be taken by another organisation
1b1ed0335b93cfed20bad05c6bf7800087d6de315878530b839ce55fee4e9b38,2021-10,Staffordshire Police,Staffordshire Police,-1.674895,52.786822,On or near MAIN STREET,E01029416,East Staffordshire 013D,Investigation complete; no suspect identified
c0edd85caedf7b58d1ccd09713f79b63bdc13e9d4ccfed9d3e4ffd81283aca95,2021-10,Staffordshire Police,Staffordshire Police,-2.147170,52.994245,On or near BARON STREET,E01014279,Stoke-on-Trent 020E,Investigation complete; no suspect identified
7d985a318dd592569f8bd5d4fb90fc1e32c6eb68c841dbff32100e1b091fa395,2021-10,Staffordshire Police,Staffordshire Police,-2.169017,53.045193,On or near POMONA RISE,E01014270,Stoke-on-Trent 008D,Investigation complete; no suspect identified
db28fc2e78accdb7a6dc4bcd058f9d116437967a5e8aeb085ceb0ed4386d64eb,2021-10,Staffordshire Police,Staffordshire Police,-2.198884,52.978393,On or near MAYNE STREET,E01014346,Stoke-on-Trent 030A,Investigation complete; no suspect identified
76bf684ea81a18ae03401ba39ba68ed9a472a2333c79634e6dc1197cb2d47688,2021-10,Staffordshire Police,Staffordshire Police,-2.032256,53.109419,On or near HAMIL DRIVE,E01029807,Staffordshire Moorlands 005B,Unable to prosecute suspect
a20250e34a6294f879982b4fb08e73bf15388af9cf4b8077bbf25f89791b5b19,2021-10,Staffordshire Police,Staffordshire Police,-2.177415,53.027185,On or near NEW HALL STREET,E01014287,Stoke-on-Trent 015D,Unable to prosecute suspect
4598c8cbd795e2cd6db331d56044a89b87c18340651eaccd58d48ff4cbe6a3e0,2021-10,Staffordshire Police,Staffordshire Police,-2.127576,52.998564,On or near CHECKLEY GROVE,E01014296,Stoke-on-Trent 022A,Unable to prosecute suspect
34cb0e4b60cc6b865c230df5f992722f5399299d9995bb32f5d7287ae6f47cfc,2021-10,Staffordshire Police,Staffordshire Police,-2.135926,53.033613,On or near GREASLEY ROAD,E01014211,Stoke-on-Trent 012B,Investigation complete; no suspect identified
e4c28fb421e7cf16c4e9da22f8ea2e7155d257fc8ff476c952cf6da6b332f18b,2021-10,Staffordshire Police,Staffordshire Police,-2.131472,52.829103,On or near LEA GREEN,E01029719,Stafford 007A,Unable to prosecute suspect
9d0c642aeef18a9b3f0cdb2cb1160f3c7bf24ee1eb974f2e09a180560173ad07,2021-10,Staffordshire Police,Staffordshire Police,-2.021155,52.683355,On or near WHINYATES RISE,E01029362,Cannock Chase 012D,Investigation complete; no suspect identified
9011d02346cc192990ea6de46f67bfa16d536c16feadbd96988cff2f94bfd7cc,2021-10,Staffordshire Police,Staffordshire Police,-2.132705,53.019036,On or near LEICESTER PLACE,E01014221,Stoke-on-Trent 017B,Investigation complete; no suspect identified
c8797456f545ab250d6ba81eec8d4a712480ca953fc4381139ca84b015817db5,2021-10,Staffordshire Police,Staffordshire Police,-2.034197,52.696539,On or near STAFFORD ROAD,E01029367,Cannock Chase 011E,Unable to prosecute suspect
4825a20843980c10e07c30565f3684b5cf005ac9c9573c583722040ad2381736,2021-10,Staffordshire Police,Staffordshire Police,-2.377956,53.022545,On or near DEN LANE,E01029557,Newcastle-under-Lyme 013A,Unable to prosecute suspect
6c4c0e8bf6646a61f9106d00871b9f25cf2d48ca4f3558cabc3d3031f575f648,2021-10,Staffordshire Police,Staffordshire Police,-2.157200,52.982825,On or near Petrol Station,E01014240,Stoke-on-Trent 026D,Investigation complete; no suspect identified
bbb5d818b633ee9a7e42567851e635f62559d798c29072a901deb9cd88c94c7f,2021-10,Staffordshire Police,Staffordshire Police,-2.180929,53.011781,On or near BERESFORD STREET,E01014283,Stoke-on-Trent 016E,Investigation complete; no suspect identified
0f50a3dd03850d0c61fbb5e447ed422c85969d88bd64513c60fe75fd1227918f,2021-10,Staffordshire Police,Staffordshire Police,-2.144354,52.989646,On or near ASTRO GROVE,E01014313,Stoke-on-Trent 027D,Investigation complete; no suspect identified
6486097a4a59a18cf5562549288bdd937f50370004e6d51a96b4fabde33f0ffd,2021-10,Staffordshire Police,Staffordshire Police,-1.836521,52.693960,On or near PIPERS CROFT,E01029491,Lichfield 007A,Unable to prosecute suspect
9115f5b9ea52416517ec88cf3604822a6bf9b0dac0c96ea7a7ab8e971256dadc,2021-10,Staffordshire Police,Staffordshire Police,-1.969978,52.676188,On or near LEGION CLOSE,E01029396,Cannock Chase 013C,Investigation complete; no suspect identified
15f9304deddb441716a6dfc7e56e425fe62eb9e98f369d4bbaf2daeab47b91de,2021-10,Staffordshire Police,Staffordshire Police,-2.150935,52.894945,On or near Supermarket,E01029753,Stafford 003E,Investigation complete; no suspect identified
ee9e88e9b501c625af9e2445dded1afb1d33c8f5e8463eead2f4fc8c244e71f4,2021-10,Staffordshire Police,Staffordshire Police,-2.229243,53.044283,On or near SOPHIA WAY,E01029536,Newcastle-under-Lyme 004A,Unable to prosecute suspect
7fc00db05b4794c612d038d2ed9b1bd11ea0ee24df650bdafbf1bfb4521fb7ca,2021-10,Staffordshire Police,Staffordshire Police,-2.224345,53.023096,On or near LYME GROVE,E01029555,Newcastle-under-Lyme 011A,Unable to prosecute suspect
6176e249c585667121f1de3af391c0fa34ddf2e1dffe3e90a89b4f7cc577134a,2021-10,Staffordshire Police,Staffordshire Police,-1.933718,52.672506,On or near Police Station,E01029496,Lichfield 010A,Investigation complete; no suspect identified
008ab891d6e875b89ec6fa7be8cdceb5f5e36b29978923e32381594c0181d536,2021-10,Staffordshire Police,Staffordshire Police,-2.228644,53.074883,On or near AUBREY STREET,E01014358,Stoke-on-Trent 002B,Unable to prosecute suspect
40b8ec7efffc1fd0327592ffebcdb5d15bac3314e5713b4267c65491f4c83622,2021-10,Staffordshire Police,Staffordshire Police,-2.196687,53.061708,On or near IRENE AVENUE,E01014242,Stoke-on-Trent 006B,Unable to prosecute suspect
2b2a4d241fd1c55cc7dba39598e5fd2f23c907cc39a13297b0220d29cedc94f2,2021-10,Staffordshire Police,Staffordshire Police,-2.146095,52.812536,On or near SUTTON DRIVE,E01029752,Stafford 007E,Formal action is not in the public interest
424612b8beddaa1e44adac777f5d9d241b575435fdc55247a930021b983a78a1,2021-10,Staffordshire Police,Staffordshire Police,-2.092985,52.980753,On or near BROOKWOOD DRIVE,E01014367,Stoke-on-Trent 028C,Investigation complete; no suspect identified
db033e4bc0ba828fba5c0d05ba45832b8266c94ae0668e9dc48195d78720cb66,2021-10,Staffordshire Police,Staffordshire Police,-2.227815,53.008410,On or near Supermarket,E01029602,Newcastle-under-Lyme 011C,Investigation complete; no suspect identified
54b0550f868cc0fd3e12b71ce1a7d55b83ffd42ce3492bcb56b66494788db837,2021-10,Staffordshire Police,Staffordshire Police,-2.012283,53.107346,On or near SPRINGFIELD COURT,E01029806,Staffordshire Moorlands 001B,Unable to prosecute suspect
55d944290e9fa2ee10b2346089b9adb766a047952b491285b20f1b87e8c31680,2021-10,Staffordshire Police,Staffordshire Police,-1.639990,52.801339,On or near Parking Area,E01032898,East Staffordshire 011H,Unable to prosecute suspect
b3a43deed34746b77b945d199d0e4cae361492b3fff40911bf4417258249ddeb,2021-10,Staffordshire Police,Staffordshire Police,-2.120399,52.812987,On or near BROWNING STREET,E01029701,Stafford 010E,Unable to prosecute suspect
ff462496fa204ebf2de1b8fa42e5995a786fea689bb87b1238f4775d9ae1f380,2021-10,Staffordshire Police,Staffordshire Police,-2.202870,53.062885,On or near VICTORIA PARK ROAD,E01014355,Stoke-on-Trent 005B,Investigation complete; no suspect identified
c9a59bf32c3af0b68527de274613955305d19dff192a257b10e83115f9c94983,2021-10,Staffordshire Police,Staffordshire Police,-2.142822,52.981521,On or near Parking Area,E01014311,Stoke-on-Trent 027C,Unable to prosecute suspect
1b3c0b0fcb58acb8a89647aa93fb399b1329a2ac57121d7679ef42c8f0287566,2021-10,Staffordshire Police,Staffordshire Police,-2.186218,52.536227,On or near WINDMILL BANK,E01029676,South Staffordshire 012C,Investigation complete; no suspect identified
16b4d3e16c65c4ebcddddfbf012982a6c42981d53623c4e233eab9e287f48aab,2021-10,Staffordshire Police,Staffordshire Police,-2.193254,53.064905,On or near GOWAN AVENUE,E01014242,Stoke-on-Trent 006B,Offender given a caution
bf27746e517bb8769a71cf4811d303a4b116ad22449360ffa27f37d651bbc457,2021-10,Staffordshire Police,Staffordshire Police,-2.223715,53.077167,On or near LATEBROOK CLOSE,E01014357,Stoke-on-Trent 002A,Investigation complete; no suspect identified
df13857f912e1f16afb4b675f062b95890430e60ae1d2230796f4740ea4b8e2f,2021-10,Staffordshire Police,Staffordshire Police,-2.107178,52.649363,On or near Sports/Recreation Area,E01029637,South Staffordshire 006D,Suspect charged
4f734f4bbf98de829e3eb593905db866b2f8f0ab9ded2b5b7e9bcc9239c7398c,2021-10,Staffordshire Police,Staffordshire Police,-1.676839,52.618101,On or near MEDWAY,E01029828,Tamworth 006D,Unable to prosecute suspect
c77a6ed84acdb00fb5f10f4ba3b7fbfd37ba7cea98489c4ff655a274c9f6ed9c,2021-10,Staffordshire Police,Staffordshire Police,-1.822335,52.696744,On or near SHEPHERD CLOSE,E01029499,Lichfield 004B,Investigation complete; no suspect identified
4d49068eddcf345c4664833f28854f977761ce7ecb97e28588752ac70ba9c87b,2021-10,Staffordshire Police,Staffordshire Police,-2.236235,53.087399,On or near VINE BANK ROAD,E01029588,Newcastle-under-Lyme 002D,Investigation complete; no suspect identified
3ce17b4134f86e662f03d6bc905a0955dea920e56f88c06b0fe2b0779badc8eb,2021-10,Staffordshire Police,Staffordshire Police,-2.189582,53.023948,On or near JOSIAH WEDGWOOD STREET,E01014285,Stoke-on-Trent 015B,Further action is not in the public interest
facae45cda4c8e781e3265850b1734509d47771406a4ab1e79f7e00a5354b8d2,2021-10,Staffordshire Police,Staffordshire Police,-2.232550,53.013156,On or near GREENSIDE,E01029604,Newcastle-under-Lyme 011E,Investigation complete; no suspect identified
029eb6c9af30298bbdda23d059260cf47daad77d753eb20d32feb51b8dd56230,2021-10,Staffordshire Police,Staffordshire Police,-1.685017,52.616792,On or near TAMWORTH ROAD,E01029826,Tamworth 006B,Unable to prosecute suspect
ae3e4064b26eafe1b8b7f3cd1752a07bf22acba60ece6fb1b72ffec154681679,2021-10,Staffordshire Police,Staffordshire Police,-2.244820,53.005725,On or near ROTHESAY AVENUE,E01029599,Newcastle-under-Lyme 010F,Investigation complete; no suspect identified
d581de251ca0146321eaaaa183564c65eb6079e072d50c10416e28da41ca1827,2021-10,Staffordshire Police,Staffordshire Police,-2.035319,52.675287,On or near Shopping Area,E01029359,Cannock Chase 012A,Investigation complete; no suspect identified
af747ac8374e6eec99d70d9b0204969ccf72e786b16ce00c04a1c36e0d67a06d,2021-10,Staffordshire Police,Staffordshire Police,-1.932877,52.748836,On or near SUTTON CLOSE,E01029346,Cannock Chase 003B,Investigation complete; no suspect identified
2e0662acf3d7b1d7507e66a843edc1b00686d6d0cc2aa8b1a2b7d87a61a16998,2021-10,Staffordshire Police,Staffordshire Police,-2.168668,53.055252,On or near Parking Area,E01014331,Stoke-on-Trent 004A,Suspect charged
00cb57f82ab4999904f5f1bb249fef74af2de16a48b5ce85bb6c34be5ae80748,2021-10,Staffordshire Police,Staffordshire Police,-1.941039,52.683774,On or near GRIFFIN CLOSE,E01029494,Lichfield 006C,Further action is not in the public interest
aaba1fce352b86f393995a6add35561c5261be028d8c9f5318148e356c9b6358,2021-10,Staffordshire Police,Staffordshire Police,-2.020901,53.106401,On or near BALL HAYE STREET,E01029805,Staffordshire Moorlands 006C,Investigation complete; no suspect identified
a12bd1cd4a0d504ae32c738796b74e939e91231f94b465cf39c4370e64e8c5d9,2021-10,Staffordshire Police,Staffordshire Police,-2.028175,52.697062,On or near LYSANDER WAY,E01029367,Cannock Chase 011E,Investigation complete; no suspect identified
bd1b42a80624d19a57e8e20b0d7bbec99ef68fea21499e82542e37d3042f936e,2021-10,Staffordshire Police,Staffordshire Police,-1.979003,52.701118,On or near ARTHUR STREET,E01029379,Cannock Chase 006A,Unable to prosecute suspect
e594a1feb254e7a4002ecb226c15a309dbda4071ce46cafd15e416c25962f39a,2021-10,Staffordshire Police,Staffordshire Police,-2.184502,53.017816,On or near HAVELOCK PLACE,E01014286,Stoke-on-Trent 015C,Further investigation is not in the public interest
28cfcd03aefb94ab69fce8f07290c641924c24bf75f9285a70c211ecb1a7f2c5,2021-10,Staffordshire Police,Staffordshire Police,-2.233034,53.014333,On or near BAILEY STREET,E01029604,Newcastle-under-Lyme 011E,Investigation complete; no suspect identified
be0140156abf15dc7b7835d48d5d3a4f7d1da829b5e2d10a14aab54b02d82240,2021-10,Staffordshire Police,Staffordshire Police,-2.178373,53.049818,On or near FELL STREET,E01014246,Stoke-on-Trent 008A,Unable to prosecute suspect
91ce75ba2f3af63f80b53443b14f27e8dcd74dcde9302b67092ecaad259e51a0,2021-10,Staffordshire Police,Staffordshire Police,-1.640779,52.804523,On or near MOSLEY STREET,E01032896,East Staffordshire 011F,Offender given a caution
d02c2264bc882773b704a3bb00aee14d126b09cf8795eae6b14127bf70a65d4f,2021-10,Staffordshire Police,Staffordshire Police,-2.113339,52.791024,On or near MAPLE GROVE,E01029727,Stafford 013D,Investigation complete; no suspect identified
c483e0a68bfc7961593f39973c1b33bb05e7cd690ce68a0903152ffd6a4a636a,2021-10,Staffordshire Police,Staffordshire Police,-1.668066,52.789905,On or near FESTIVAL ROAD,E01029413,East Staffordshire 013A,Unable to prosecute suspect
5873b78925900cca041587fc125228a98b1998c81ae1cd6796fb7e20558a0e39,2021-10,Staffordshire Police,Staffordshire Police,-1.981487,52.953587,On or near GREAT WOOD ROAD,E01029790,Staffordshire Moorlands 013D,Investigation complete; no suspect identified
25c2cfb388be449cff2481a6d15183dc99fe6a266eaa9cca4436f6b38f050fce,2021-10,Staffordshire Police,Staffordshire Police,-2.030133,52.959391,On or near CHURCH LANE,E01029789,Staffordshire Moorlands 012B,Investigation complete; no suspect identified
1d118ae3390afbd720c986b791559c382a1295a471afc637a921759767bdda65,2021-10,Staffordshire Police,Staffordshire Police,-2.225856,53.089765,On or near WINGHAY ROAD,E01029565,Newcastle-under-Lyme 001B,Further action is not in the public interest
ce20489a0554aa765150e443f9c4aaab08a1f3890e47496bfcc02cf1e90780c0,2021-10,Staffordshire Police,Staffordshire Police,-2.236283,53.077089,On or near BEESTON VIEW,E01029586,Newcastle-under-Lyme 001E,Unable to prosecute suspect
5e6c97f1eaeb95f202a471292c6be376adc1300862f29449af2cd55b8017c079,2021-10,Staffordshire Police,Staffordshire Police,-2.183953,53.011525,On or near Petrol Station,E01014283,Stoke-on-Trent 016E,Investigation complete; no suspect identified
9d403381755a0859b4304027fad3219d955820bb5d4e21ec32a1c5dba45aefaa,2021-10,Staffordshire Police,Staffordshire Police,-2.119019,52.980667,On or near SPRING ROAD,E01014310,Stoke-on-Trent 031A,Unable to prosecute suspect
a3ebe6fb5f2f82a2441e3905b28ef4deeb8ef6b7fbf8269a4beb4b1dc4f4bdea,2021-10,Staffordshire Police,Staffordshire Police,-2.184668,53.007955,On or near Pedestrian Subway,E01014293,Stoke-on-Trent 019A,Unable to prosecute suspect
5a54316b29be823eb39fcc7f6958c8a906ed5aaf75bb4b3dabc1d9c7b4f4e726,2021-10,Staffordshire Police,Staffordshire Police,-2.003851,52.716726,On or near MOUNT AVENUE,E01029386,Cannock Chase 005B,Action to be taken by another organisation
a483810ad9bf1dbe0836a8bb4ac3437590d2aa6967ebe2fec2009c5e53830333,2021-10,Staffordshire Police,Staffordshire Police,,,No location,,,Action to be taken by another organisation
0643d827285f07baa34676f415476c6cde3bc4cdadf4af9dca8bfd5b9da1ed67,2021-10,Staffordshire Police,Staffordshire Police,-2.174869,53.024330,On or near ALBION SQUARE,E01014287,Stoke-on-Trent 015D,Suspect charged
7babd69fe1e2448eed1f52a35285b4604a62d2545dcfe74b150457ac378985b3,2021-10,Staffordshire Police,Staffordshire Police,-1.649017,52.791046,On or near QUEENS COURT,E01029415,East Staffordshire 013C,Unable to prosecute suspect
0d8d1e257237d8463a8cf34245769e6d4856947a6471b15ce7eac5a0d6ff5db8,2021-10,Staffordshire Police,Staffordshire Police,-2.170342,53.036984,On or near BELLINGHAM GROVE,E01014256,Stoke-on-Trent 011D,Unable to prosecute suspect
497775d590572020f469a2c40ba3368fed9e0d8b8c880f0e02b43e7b0ed32c91,2021-10,Staffordshire Police,Staffordshire Police,-2.106452,52.976004,On or near CHARNWOOD ROAD,E01014316,Stoke-on-Trent 031C,Further action is not in the public interest
3859aebd92ef708d9c5f8b491880e1df433f60b907fce230c21063bf6a58552a,2021-10,Staffordshire Police,Staffordshire Police,-1.887112,53.094017,On or near HILLSDALE LANE,E01029817,Staffordshire Moorlands 007C,Unable to prosecute suspect
07c314bb96e18eafc5cb8ec77da3b67be7f65a11e25a5dfb3bb48a9fee29e334,2021-10,Staffordshire Police,Staffordshire Police,-2.106452,52.976004,On or near CHARNWOOD ROAD,E01014316,Stoke-on-Trent 031C,Further action is not in the public interest
79cc74cf71bffbb70e3f1669a10b457b919f02e3c138aa2c01592573ff833f2a,2021-10,Staffordshire Police,Staffordshire Police,-2.006797,52.718308,On or near LOMAX ROAD,E01029386,Cannock Chase 005B,Unable to prosecute suspect
236964dd05438e34cf2b3de40241463ea9518d95b696c7e59992cd5f5896a227,2021-10,Staffordshire Police,Staffordshire Police,-2.136597,52.976944,On or near MERCER STREET,E01014309,Stoke-on-Trent 027B,Unable to prosecute suspect
e19fe870dd767db370394869af4f230e833d74ab6d4f528d62a8572fcaeebb67,2021-10,Staffordshire Police,Staffordshire Police,-2.179643,53.093251,On or near CHILDERPLAY ROAD,E01029771,Staffordshire Moorlands 004B,Further action is not in the public interest
7474d7a9bdded83f86b96a999db7f3df782ebf0b2b9db07212b08ab3e2e48f6d,2021-10,Staffordshire Police,Staffordshire Police,-2.194341,52.772436,On or near ALSTONE LANE,E01029688,Stafford 015A,Formal action is not in the public interest
611a8bc55f5bc5b269de1b823c2087e49238b6b30e8cd64233bc9fb2ab107134,2021-10,Staffordshire Police,Staffordshire Police,-1.597029,52.805156,On or near KIMBERLEY DRIVE,E01029468,East Staffordshire 010A,Unable to prosecute suspect
8bd78e58ce6ac862161b26253bfad50243ed0e50bd2a65cfacc241271897f13c,2021-10,Staffordshire Police,Staffordshire Police,-2.184441,53.049018,On or near MACCLESFIELD STREET,E01014248,Stoke-on-Trent 006F,Investigation complete; no suspect identified
55111df9ef1b4953d54ed26e203490bceee224e68455166b8ce2bd8bed289645,2021-10,Staffordshire Police,Staffordshire Police,-2.107023,52.965891,On or near GRANGEWOOD AVENUE,E01014319,Stoke-on-Trent 033C,Investigation complete; no suspect identified
18af492c8eb4c23cafdd79380db2d517da07dc16ee3b60172c97d3068f435e41,2021-10,Staffordshire Police,Staffordshire Police,-2.209382,53.042675,On or near NEPHEW STREET,E01014250,Stoke-on-Trent 009B,Investigation complete; no suspect identified
d66a659e5a07d0e75ca57719f9c380e73ccba85d2a5789f07101d4c879a0f113,2021-10,Staffordshire Police,Staffordshire Police,-1.972414,52.706699,On or near LITTLEWORTH ROAD,E01029399,Cannock Chase 006C,Unable to prosecute suspect
2ea53c860f7223c7ab6bf227bed87cb24dcbadf83f74d50be18a9e83820248fe,2021-10,Staffordshire Police,Staffordshire Police,-2.176535,53.049083,On or near ORION STREET,E01014266,Stoke-on-Trent 008B,Investigation complete; no suspect identified
5be41183c347379ecf3550b60d92396fc822c2931cfcb85c2810a487611b628d,2021-10,Staffordshire Police,Staffordshire Police,-2.214860,53.070459,On or near WALLEY DRIVE,E01014360,Stoke-on-Trent 002D,Investigation complete; no suspect identified
7b53e1f7c7cf8c227ff0f61d12fc52177becbb67066adfb5732e2b997beae942,2021-10,Staffordshire Police,Staffordshire Police,-2.038485,52.693104,On or near OLD PENKRIDGE ROAD,E01029364,Cannock Chase 011B,Investigation complete; no suspect identified
7be7ef228c8a5e0f02d0d5ecfcc9d4dee13daa1fa789521c2f7dde5e25370e7a,2021-10,Staffordshire Police,Staffordshire Police,-2.216772,52.525630,On or near SMESTOW LANE,E01029645,South Staffordshire 013A,Suspect charged
44a9b5bf322b155cf946cf8f784cb2d56c532db94777b628f0da89183ccbb0e1,2021-10,Staffordshire Police,Staffordshire Police,-2.216772,52.525630,On or near SMESTOW LANE,E01029645,South Staffordshire 013A,Suspect charged
e6c58a8d0a52a14c6512d76bf3f4cf4b6a792d0ee64817b0247511751b4bb055,2021-10,Staffordshire Police,Staffordshire Police,-2.176566,53.020022,On or near CARDIFF GROVE,E01014287,Stoke-on-Trent 015D,Investigation complete; no suspect identified
4db4dfb8232b573fa8b450b72597a903440311c4c7653dadd23a4edc76fa77c3,2021-10,Staffordshire Police,Staffordshire Police,-1.662166,52.626582,On or near ABELIA,E01029845,Tamworth 007D,Local resolution
8d6d14448f185c89a22ae212235c8624cd74d88e8bd116e886184c96b3f006d8,2021-10,Staffordshire Police,Staffordshire Police,-2.185191,53.049807,On or near GORDON STREET,E01014248,Stoke-on-Trent 006F,Investigation complete; no suspect identified
2523278983505043c55bd53ca3327978772d002f3af70d087f3e7b2ec8158abd,2021-10,Staffordshire Police,Staffordshire Police,-2.213588,53.063702,On or near Petrol Station,E01014361,Stoke-on-Trent 005D,Action to be taken by another organisation
9f338ff8537d94f2d901227c5a8e2b0c0502d54217463fa346661d03859b861b,2021-10,Staffordshire Police,Staffordshire Police,-2.018493,52.686232,On or near SURREY CLOSE,E01029362,Cannock Chase 012D,Suspect charged
940be37ac4e9bb286411609c76b90d96565403a093df2b6e28a834be542f707b,2021-10,Staffordshire Police,Staffordshire Police,-2.109580,52.811353,On or near CORPORATION STREET,E01029725,Stafford 009D,Investigation complete; no suspect identified
e963dc69051194ad55a0a2f51b8cfa65e7d5def6f1f2b7fd66a74f7e891151b0,2021-10,Staffordshire Police,Staffordshire Police,-2.108062,52.970600,On or near QUEENSMEAD ROAD,E01014319,Stoke-on-Trent 033C,Investigation complete; no suspect identified
78856dcec625d9e496791f0ace22fe2424f87e5da5838c73ff0a277ce5e01c65,2021-10,Staffordshire Police,Staffordshire Police,-2.145296,52.813400,On or near BURNETT COURT,E01029752,Stafford 007E,Unable to prosecute suspect
cda6501ca9a20680e9ac82c144e562988057f20e411423264b61dbeb5859cb8d,2021-10,Staffordshire Police,Staffordshire Police,-2.211276,52.562615,On or near Park/Open Space,E01029672,South Staffordshire 013C,Investigation complete; no suspect identified
96d7fcd98328203a71bf0c414b9d1331046b9853889931117673fa4780a8233c,2021-10,Staffordshire Police,Staffordshire Police,-2.141123,52.990315,On or near Petrol Station,E01014302,Stoke-on-Trent 022D,Investigation complete; no suspect identified
50950e2a6feb068e759ebc25ae7cc1acd9b0a0f9c4167ef402a27a19c850fa96,2021-10,Staffordshire Police,Staffordshire Police,-2.234993,53.023804,On or near POPLAR COURT,E01029553,Newcastle-under-Lyme 010A,Investigation complete; no suspect identified
3e9d2e406b48e1a3d37b7e009e0b9f463faf9dccb1007e41a06690f8f2c5c1ee,2021-10,Staffordshire Police,Staffordshire Police,-2.210927,53.059751,On or near HAYMARKET,E01014361,Stoke-on-Trent 005D,Unable to prosecute suspect
23ca11e19649fd2fc16d0ee18fe5e43ec06e6c837d13beb7fff95b8b87cce169,2021-10,Staffordshire Police,Staffordshire Police,-2.184912,52.998633,On or near KEARY STREET,E01014339,Stoke-on-Trent 019C,Further action is not in the public interest
f093879ead6fa6ca7f2441afe64bd44420a7631d1c092e9221c6d74421e38ee0,2021-10,Staffordshire Police,Staffordshire Police,-2.124540,53.015126,On or near KIPLING WAY,E01014220,Stoke-on-Trent 017A,Unable to prosecute suspect
eb17648ed46131c8780278ce62b6542fc1ce55564960debe6bc6460aeb82e459,2021-10,Staffordshire Police,Staffordshire Police,-2.015883,53.106932,On or near OSBORNE STREET,E01029806,Staffordshire Moorlands 001B,Investigation complete; no suspect identified
5d11d7b70a4817c6b3ef4700b79373b2abfc96aef4096c8b59a20cdcc4c4453c,2021-10,Staffordshire Police,Staffordshire Police,-2.231100,53.081926,On or near GILL BANK ROAD,E01029587,Newcastle-under-Lyme 001F,Unable to prosecute suspect
ccfb7ea64e64011d4f8198bb5921d18b0ab21f27d453b571ce93e2c17609c265,2021-10,Staffordshire Police,Staffordshire Police,-1.700009,52.649158,On or near BEECH ROAD,E01029852,Tamworth 001D,Unable to prosecute suspect
d968c6347d385603edae9af0d767bf3041a410b1cb631d0218a9b0158ddaf644,2021-10,Staffordshire Police,Staffordshire Police,-1.704724,52.646941,On or near CLIFTON AVENUE,E01029849,Tamworth 002C,Investigation complete; no suspect identified
b2b4014c9a551d70007935a5373af5d03fdeb52a5ea6dba270d9f27d30cc4b0d,2021-10,Staffordshire Police,Staffordshire Police,-1.597504,52.808367,On or near JACOBEAN COURT,E01029472,East Staffordshire 010E,Unable to prosecute suspect
9b5489d46cf0562d80e7f81df888dd776cc2472864c1de7c6db9a690026a132e,2021-10,Staffordshire Police,Staffordshire Police,-2.232912,53.022172,On or near DERWENT PLACE,E01029553,Newcastle-under-Lyme 010A,Investigation complete; no suspect identified
2ce7bcca2b00fe54534d34cacfb5bb5c9967530b4fe9f8c5f915145e1ddc7a6d,2021-10,Staffordshire Police,Staffordshire Police,-2.043685,52.684634,On or near FILEY CLOSE,E01029363,Cannock Chase 012E,Unable to prosecute suspect
d0e25b7a40bfb5024cbd3f9bb9ae83d614d13b0b5c2dbee436f04d5fe5abd653,2021-10,Staffordshire Police,Staffordshire Police,-2.130002,52.992629,On or near CAPEWELL STREET,E01014300,Stoke-on-Trent 022C,Suspect charged
96d8cfb1f1b6a4ec19b75a7433f4f83936ad78f6146f3cd0d111d13fd9e61009,2021-10,Staffordshire Police,Staffordshire Police,-2.237761,53.036482,On or near MOORTHORNE CRESCENT,E01029539,Newcastle-under-Lyme 006C,Unable to prosecute suspect
6c7e1c1e1280e04eeadce16c64b88a31d263581e239964f5015e42754f81235a,2021-10,Staffordshire Police,Staffordshire Police,-2.022156,52.704076,On or near WOODFORD END,E01029358,Cannock Chase 007E,Investigation complete; no suspect identified
7804b4b55259bea8496e5f25177a889c36b2ca327cb93d7abae4b1f4cbe4a4ac,2021-10,Staffordshire Police,Staffordshire Police,-2.107755,52.727770,On or near LITTLETON CRESCENT,E01029655,South Staffordshire 001A,Unable to prosecute suspect
fff8b896971b91cd78bdc8ff72ff531e576093e2967135588c7a73f5dbe6937a,2021-10,Staffordshire Police,Staffordshire Police,-2.093811,52.997391,On or near JINNY STREET,E01014369,Stoke-on-Trent 024D,Investigation complete; no suspect identified
52703a3ad9fc2383bcc5907874db2eed00c01ae5d2fb9066c6552a482607aaaa,2021-10,Staffordshire Police,Staffordshire Police,-2.134812,53.015681,On or near FARLEIGH GROVE,E01014221,Stoke-on-Trent 017B,Unable to prosecute suspect
4a05d2e3422facd9630819e9d34f25ebb97544df06d99628031e8ce80b9afbed,2021-10,Staffordshire Police,Staffordshire Police,-1.962158,52.671322,On or near HIGH STREET,E01029397,Cannock Chase 013D,Investigation complete; no suspect identified
006ca525280f0a534af26caa795e9d431980af6af0612d4d407fb32b669040bc,2021-10,Staffordshire Police,Staffordshire Police,-2.191627,52.546008,On or near CONNAUGHT DRIVE,E01029674,South Staffordshire 013D,Investigation complete; no suspect identified
2c262c086e2cf6f1e49c617a5f4fe539af4dfff4fce911e41cbd3e36c7b53d73,2021-10,Staffordshire Police,Staffordshire Police,-1.625952,52.807318,On or near WETMORE ROAD,E01032896,East Staffordshire 011F,Suspect charged
6c757a7970547e59d56f24a93f729c564e2ef76be3949dd31c2352c154e07d51,2021-10,Staffordshire Police,Staffordshire Police,-2.181424,53.001892,On or near WOODHOUSE STREET,E01014345,Stoke-on-Trent 019E,Investigation complete; no suspect identified
6a3963102e387031026dfcf7045798cd00ed3240667ed64f3ad110c53bb95760,2021-10,Staffordshire Police,Staffordshire Police,-1.987857,52.954513,On or near OLD ROAD,E01029791,Staffordshire Moorlands 013E,Investigation complete; no suspect identified
e7dbb15987ea2befb82388e7bfb3e59e41f8ab3af30d7b22c29332342f66f513,2021-10,Staffordshire Police,Staffordshire Police,-2.098887,52.995320,On or near ENGLESEA AVENUE,E01014369,Stoke-on-Trent 024D,Investigation complete; no suspect identified
85a55769f0db2a447b71c5332cb63a0cc14a52865324f9e21b1a5f0156afa95e,2021-10,Staffordshire Police,Staffordshire Police,-2.139601,52.984941,On or near EDENSOR ROAD,E01014311,Stoke-on-Trent 027C,Unable to prosecute suspect
69f0539560ba05709217f0017335b6394ad86875435a64a48b006cfa90ec14ea,2021-10,Staffordshire Police,Staffordshire Police,-2.141123,52.990315,On or near Petrol Station,E01014302,Stoke-on-Trent 022D,Investigation complete; no suspect identified
fa3634a2ef608996836a6f416df0c463a8ef9ceb53760fc0ede2ef4105c0d75f,2021-10,Staffordshire Police,Staffordshire Police,-2.136555,52.788905,On or near CAPE AVENUE,E01029715,Stafford 013A,Offender given a caution
3348be0222d61816f49b7041f7afdd1e934e307c0cc118ffd44965ae4e46c292,2021-10,Staffordshire Police,Staffordshire Police,-2.138591,53.097054,On or near LADYMOOR LANE,E01029771,Staffordshire Moorlands 004B,Investigation complete; no suspect identified
5c99ade68e8cc57b7719190888b79f5d2172df7b56429a781f5e5a2cc580510c,2021-10,Staffordshire Police,Staffordshire Police,-2.130651,53.014903,On or near BRASSINGTON WAY,E01014222,Stoke-on-Trent 017C,Further action is not in the public interest
00ece0ca39a91cf93d439cb283a1d1d8a23e5ff69ac499bda15aca160e70fefc,2021-10,Staffordshire Police,Staffordshire Police,-2.186987,53.020356,On or near COMPTON STREET,E01014286,Stoke-on-Trent 015C,Unable to prosecute suspect
e88f9acf3d9b1d254f8623c3e6b607cc7f7f06f41a6fb3d1a0e661af3fcbf23c,2021-10,Staffordshire Police,Staffordshire Police,-2.233108,52.989388,On or near CLYDE PLACE,E01029591,Newcastle-under-Lyme 014C,Action to be taken by another organisation
a8409247d708a4d1861e6642d94b158af096e2b93155d4ce0343efe89f95717b,2021-10,Staffordshire Police,Staffordshire Police,-1.946026,52.766228,On or near FERNWOOD DRIVE,E01029401,Cannock Chase 002C,Unable to prosecute suspect
715f419840011765c4375dae43d486a9c60d0426299db53a1ba777301a8acb6e,2021-10,Staffordshire Police,Staffordshire Police,-2.221508,52.990282,On or near DERBY PLACE,E01029549,Newcastle-under-Lyme 014A,Unable to prosecute suspect
d985d8ee4c1e5fb43cf4497ac17fdef4c0e80bd34f9ad7a85275e5858b4f724f,2021-10,Staffordshire Police,Staffordshire Police,-1.962158,52.671322,On or near HIGH STREET,E01029397,Cannock Chase 013D,Unable to prosecute suspect
27c520fb3fa9b9391f40594d1af603f5571bc48630ce1ea2572313fa5d3101f9,2021-10,Staffordshire Police,Staffordshire Police,-2.079282,52.907096,On or near SANDON ROAD,E01029733,Stafford 004A,Investigation complete; no suspect identified
8501fc0b348db3648a38be0a5f729345ee68c187558ac63b67555f74f28a4382,2021-10,Staffordshire Police,Staffordshire Police,-2.116739,52.808901,On or near Parking Area,E01029701,Stafford 010E,Suspect charged
e50083d9b1d8e34eaec386a16f92d1fec276c9d8cba1b90305508e56e504d33d,2021-10,Staffordshire Police,Staffordshire Police,-2.139594,52.991953,On or near Shopping Area,E01014302,Stoke-on-Trent 022D,Unable to prosecute suspect
c4f4a12cbc5c7fea4cd637fa11fbe55e3683e26b6724cb13aed14805ddc34092,2021-10,Staffordshire Police,Staffordshire Police,-2.121298,52.986049,On or near STOCKWELL GROVE,E01014302,Stoke-on-Trent 022D,Unable to prosecute suspect
60f85e557b6d9074609427aca0e40bc54125cd9dc473463afa12b7c7d60690b3,2021-10,Staffordshire Police,Staffordshire Police,-2.189242,53.116455,On or near AKESMOOR LANE,E01029773,Staffordshire Moorlands 004D,Investigation complete; no suspect identified
5941a5c0d2373ba9b1cf1f0fbd29423354dd41217a3eb40d80ed287ef85d482f,2021-10,Staffordshire Police,Staffordshire Police,-2.205812,52.784670,On or near STEPS GARDENS,E01029688,Stafford 015A,Unable to prosecute suspect
eb9d23819d96c1dc701eb91189a1f0bcad33f1d9851a24fba45987fc52a99074,2021-10,Staffordshire Police,Staffordshire Police,-2.105932,52.812102,On or near SMALLMAN STREET,E01029692,Stafford 009A,Investigation complete; no suspect identified
d5a727406be6a362f47a2b4adda3405cc0c17205a96757b41ef1f7aefb405d9c,2021-10,Staffordshire Police,Staffordshire Police,-2.077935,52.968197,On or near RIDGWAY DRIVE,E01029702,Stafford 001A,Further action is not in the public interest
c3a4d046e27b18f13c871da405712370e4dda5bf36d0360140422588b15ce435,2021-10,Staffordshire Police,Staffordshire Police,-2.037694,52.684573,On or near OAKWOODS,E01029365,Cannock Chase 011C,Investigation complete; no suspect identified
3b25c20295a45ec1d076c2fe2fa35cf50dafda5f52ef50fa2e2614466ff5b84e,2021-10,Staffordshire Police,Staffordshire Police,-1.985004,52.983998,On or near BADDELEY STREET,E01029783,Staffordshire Moorlands 011B,Unable to prosecute suspect
98007a3328adf2dc5935af8f36ed620c372d81a24487b2c4f883440835ad8218,2021-10,Staffordshire Police,Staffordshire Police,-1.938294,52.689166,On or near PAGET DRIVE,E01029495,Lichfield 006D,Local resolution
3bfa99453062cd7729f176423e8449a8234ba0cdf387c774eadb7dc2c8e795c0,2021-10,Staffordshire Police,Staffordshire Police,-1.938294,52.689166,On or near PAGET DRIVE,E01029495,Lichfield 006D,Unable to prosecute suspect
df33b03107132e8ba378407bd63aadf7863576077bd48ad79295500dd393b24e,2021-10,Staffordshire Police,Staffordshire Police,-2.016160,52.696651,On or near MEADOW HILL DRIVE,E01029352,Cannock Chase 008D,Unable to prosecute suspect
66118908cd0a267490dff32c4405c11630af4f80b1d4253ed97f36438cd72631,2021-10,Staffordshire Police,Staffordshire Police,-1.654094,52.608543,On or near A5,E01029857,Tamworth 008C,Further action is not in the public interest
71c5734c1fbc0122782ad142392591e9d40283045f2bc8c9f6f692afd1eaea1f,2021-10,Staffordshire Police,Staffordshire Police,-2.128075,52.789490,On or near ST ANDREWS ROAD,E01029717,Stafford 013C,Unable to prosecute suspect
e76a70b611159ff7eb2684ace1dcc8ee617956cb1e33e0b86c9b01adee9507d2,2021-10,Staffordshire Police,Staffordshire Police,-2.238863,53.036111,On or near DIMSDALE PARADE WEST,E01029539,Newcastle-under-Lyme 006C,Investigation complete; no suspect identified
c3501a61a0cf3facec197456e16a7386ede8993702c2829d16232021d00df308,2021-10,Staffordshire Police,Staffordshire Police,-2.126717,52.898578,On or near ASTON CHASE,E01029740,Stafford 003A,Unable to prosecute suspect
d89a0579e5e4934c97e35eb7d0429b95e6c6d0bdfc42363ee098adf14abe1eb8,2021-10,Staffordshire Police,Staffordshire Police,-1.801030,52.650575,On or near Prison,E01029488,Lichfield 012A,Investigation complete; no suspect identified
9a741a43ed5a78288d949d0be5e32a74f495ab87e85dd5cb6285e0749d8b9d6a,2021-10,Staffordshire Police,Staffordshire Police,-1.647719,52.821327,On or near CARLTON STREET,E01029434,East Staffordshire 007A,Unable to prosecute suspect
ea54827bbf40d993f9bee7b40130a2beeaf349937b78a5f69fa51d851813db6f,2021-10,Staffordshire Police,Staffordshire Police,-1.633723,52.800510,On or near Shopping Area,E01032896,East Staffordshire 011F,Investigation complete; no suspect identified
a1a6b73b4da44bc7c9f7ef626faa68ae301bdd7f5af46d1862e4135014d23f9c,2021-10,Staffordshire Police,Staffordshire Police,-2.162937,52.975563,On or near ALDBURY PLACE,E01014236,Stoke-on-Trent 032B,Unable to prosecute suspect
843dce831505a39281fe8294f513e1a351aad07518be9f2d21abb5d2ae5abfe0,2021-10,Staffordshire Police,Staffordshire Police,-2.141907,52.988606,On or near GREGORY STREET,E01014313,Stoke-on-Trent 027D,Unable to prosecute suspect
5b74baa7558e36d46777f2dd1b234332d9f0eeb53bed2bc44530636650a7f463,2021-10,Staffordshire Police,Staffordshire Police,-2.192901,53.056132,On or near CROSSLEY ROAD,E01014244,Stoke-on-Trent 006D,Investigation complete; no suspect identified
e17c4dea87fe8028fb60833d60baec4abf1fdd45afd961bfcd29c1c256309b75,2021-10,Staffordshire Police,Staffordshire Police,-2.202743,52.991376,On or near KEELINGS DRIVE,E01014342,Stoke-on-Trent 023C,Investigation complete; no suspect identified
42b837d6ec121e0e9f3e17cd57832a419c3c85ce35e551c5e14915d1295bd4e4,2021-10,Staffordshire Police,Staffordshire Police,-2.205658,52.984243,On or near ASHCROFT AVENUE,E01014344,Stoke-on-Trent 023E,Further action is not in the public interest
419f1b7e799b7e5afd251d21e50999bf046decae2a20affd1059a6e59fed1cbd,2021-10,Staffordshire Police,Staffordshire Police,-2.107030,52.806033,On or near LAMMASCOTE ROAD,E01029701,Stafford 010E,Investigation complete; no suspect identified
8439aff44b4810105b03f4cc02ff83f221fff6cf7e3f982810b1753823fe9353,2021-10,Staffordshire Police,Staffordshire Police,-2.024368,52.689997,On or near A5190,E01029367,Cannock Chase 011E,Investigation complete; no suspect identified
a1657c4ee1587261aeee57038ebfcb09b9d0fa1c4bbba0790e4b2ccfb13881e3,2021-10,Staffordshire Police,Staffordshire Police,-1.771505,52.660429,On or near NOTTINGHAM ROAD,E01029530,Lichfield 008C,Unable to prosecute suspect
f5a68ad99a1c0c614f8b1d52626d424dbc2ac07443105243c3650bf3800f52dd,2021-10,Staffordshire Police,Staffordshire Police,-2.167382,52.969758,On or near BELLRINGER ROAD,E01014236,Stoke-on-Trent 032B,Unable to prosecute suspect
d5b7a7d1e7f0e153fe50763bf47024b213d258e17e68402a52675ffe065b21f0,2021-10,Staffordshire Police,Staffordshire Police,-1.819948,52.690789,On or near AUCHINLECK DRIVE,E01029525,Lichfield 005G,Unable to prosecute suspect
f26988657b01100a58e392d1ec6a526a100a13ebf85783a38b721e332f1a3253,2021-10,Staffordshire Police,Staffordshire Police,-2.183168,53.002051,On or near WOODHOUSE STREET,E01014345,Stoke-on-Trent 019E,Investigation complete; no suspect identified
89ce749de816f30ffd24c16f98750f97d71fb5a9626e75e20936a4bbbe25bf9b,2021-10,Staffordshire Police,Staffordshire Police,-1.630101,52.807817,On or near Police Station,E01032897,East Staffordshire 011G,Investigation complete; no suspect identified
538955b529d262625af16e58af4883fa921c3edf8fffdc4819bf256bde20c904,2021-10,Staffordshire Police,Staffordshire Police,-2.160708,53.025114,On or near KEELINGS ROAD,E01014328,Stoke-on-Trent 013C,Investigation complete; no suspect identified
c099824000ca136dec7e5e8e42e97b04e889aa8339327e0e5d67e127358ce155,2021-10,Staffordshire Police,Staffordshire Police,-1.944452,52.768682,On or near GRINDCOBBE GROVE,E01029372,Cannock Chase 002A,Investigation complete; no suspect identified
2b7371bb350c92e63219f07b54823a5b2875b9e9a5b5cf36c4510d6776760a31,2021-10,Staffordshire Police,Staffordshire Police,-2.118131,52.802607,On or near Sports/Recreation Area,E01029701,Stafford 010E,Suspect charged
c17e679ad7b5e5ced5ff9209c422aca6eff7d338eaca54f5f9a28d160ab9f2fa,2021-10,Staffordshire Police,Staffordshire Police,-1.658668,52.622347,On or near ENGINE LANE,E01029841,Tamworth 003E,Formal action is not in the public interest
4b7ba782c2a134bbd729a63eace34b2a52a9c94afdda64318739474d14c98cf6,2021-10,Staffordshire Police,Staffordshire Police,-2.125592,53.007699,On or near Petrol Station,E01014229,Stoke-on-Trent 017F,Investigation complete; no suspect identified
6bcc808787c7f2e10945ce912b64c637df8071a4ce9ec9d8ae9dfe65e25cd95d,2021-10,Staffordshire Police,Staffordshire Police,-2.269825,53.015136,On or near HIGH STREET,E01029594,Newcastle-under-Lyme 012C,Investigation complete; no suspect identified
33c0be0f78a9fed59ca757a2571a0bfecbfd6827ee11b9ff6635a2102244e6ed,2021-10,Staffordshire Police,Staffordshire Police,,,No location,,,Further investigation is not in the public interest
5d884e072f44d01db477f6a754632525d617680cf05001428340ff4f3199cb64,2021-10,Staffordshire Police,Staffordshire Police,-2.174992,53.029040,On or near TOWN ROAD,E01014287,Stoke-on-Trent 015D,Unable to prosecute suspect
43a17dc1c72cee0c78cdccfd89560537e3582afae9e44620fa6518762dba72b8,2021-10,Staffordshire Police,Staffordshire Police,-2.161061,52.991791,On or near BLURTON ROAD,E01014279,Stoke-on-Trent 020E,Unable to prosecute suspect
b6a4ab2844b62d07f87e02c4e9ad7ee2a2560067f0b60495ae0f228b161d2fcc,2021-10,Staffordshire Police,Staffordshire Police,-2.154373,52.966944,On or near WIMBORNE AVENUE,E01014238,Stoke-on-Trent 032D,Formal action is not in the public interest
7a69cdbb498be9f520f0ecb66b5e8ff93677424aff4d2236fd61ceaf630bf09a,2021-10,Staffordshire Police,Staffordshire Police,-2.127081,53.007536,On or near HALL HILL DRIVE,E01014229,Stoke-on-Trent 017F,Unable to prosecute suspect
658736a8e6d4782671fc1c67ac0f877d22648f6e7c1260be0955454a5866cf63,2021-10,Staffordshire Police,Staffordshire Police,-2.145181,53.049557,On or near LANGHAM ROAD,E01014267,Stoke-on-Trent 007E,Unable to prosecute suspect
3c7d8fdcfad328d1efd3bdd79d2772e43b1494872b1075aa0d16eee0395118c7,2021-10,Staffordshire Police,Staffordshire Police,-1.629251,52.803050,On or near Nightclub,E01032896,East Staffordshire 011F,Investigation complete; no suspect identified
4b62f29857ac8bfa1bc2ab38ff416cfed9d350d093b528e43160e4f0797b3502,2021-10,Staffordshire Police,Staffordshire Police,-1.979777,52.691733,On or near CROSS STREET,E01029381,Cannock Chase 009B,Investigation complete; no suspect identified
2a35451886ffd453561a04f528eba86a1ef4dd678edabae615728fcd866a564e,2021-10,Staffordshire Police,Staffordshire Police,-2.255106,53.054370,On or near GATEWAY,E01029545,Newcastle-under-Lyme 004C,Unable to prosecute suspect
fb2fee175734d44bb1fe4ea0f9ed13d61345739d6f82f0ef0359a99e02a06ff1,2021-10,Staffordshire Police,Staffordshire Police,-2.175805,53.027295,On or near Shopping Area,E01014287,Stoke-on-Trent 015D,Investigation complete; no suspect identified
6949354a2537bd82502bb4dd40656c7945ba4e43d3612e1c5c8c506a3db8120d,2021-10,Staffordshire Police,Staffordshire Police,-1.646426,52.810572,On or near GRANGE CLOSE,E01029445,East Staffordshire 009A,Offender given a caution
1ccb59d2cc0436e1678e43413cf388aac5ee5be0b029508877cfca45ade6c774,2021-10,Staffordshire Police,Staffordshire Police,-1.940870,52.688079,On or near ANGEL CROFT,E01029495,Lichfield 006D,Investigation complete; no suspect identified
ea24577de156d91c717c748180a45d3d69268f5dca3a487fd00262908c38d709,2021-10,Staffordshire Police,Staffordshire Police,-2.145325,52.994921,On or near BERDMORE STREET,E01014273,Stoke-on-Trent 021A,Investigation complete; no suspect identified
3a254d594429ef134c7638c0657d3c5d29153c0b34ab51a8e60dca15e4a947be,2021-10,Staffordshire Police,Staffordshire Police,-2.236031,53.020053,On or near LAXLEY ROAD,E01029553,Newcastle-under-Lyme 010A,Unable to prosecute suspect
9ee6e955c3166e047f4a788c3f80a831ccb393a69cdc9f0a340c925a267899d6,2021-10,Staffordshire Police,Staffordshire Police,-2.250821,53.040896,On or near Parking Area,E01029548,Newcastle-under-Lyme 007B,Investigation complete; no suspect identified
bf0cb44d16e364a68bee84eaf5b379df2944b9192fdcf4386d7d3f0626e43acc,2021-10,Staffordshire Police,Staffordshire Police,-2.035135,52.721566,On or near ALMOND ROAD,E01029646,South Staffordshire 002B,Unable to prosecute suspect
9dd20b63519823ac492899357c4252ee3521c776a9486a5ccf237387969e33f1,2021-10,Staffordshire Police,Staffordshire Police,-2.184912,52.998633,On or near KEARY STREET,E01014339,Stoke-on-Trent 019C,Investigation complete; no suspect identified
f8f2461037e8227a43e04e292d3938812a8d37605397b3c4c5cf68d93cfc452f,2021-10,Staffordshire Police,Staffordshire Police,-2.175289,53.025021,On or near STAFFORD LANE,E01014287,Stoke-on-Trent 015D,Suspect charged
e4ddf3dc6d41c2f3fd9d787a9f9aa6d4e9ec2e08aa794da423764d5a25d1eb63,2021-10,Staffordshire Police,Staffordshire Police,-1.934858,52.692176,On or near DUKE ROAD,E01029495,Lichfield 006D,Investigation complete; no suspect identified
bd2e2476a738e7d33e43c8eb9e8227f0e6bacb2d16f020e84d2bfe2f69e0be18,2021-10,Staffordshire Police,Staffordshire Police,-2.155372,52.971564,On or near RIPON ROAD,E01014235,Stoke-on-Trent 032A,Investigation complete; no suspect identified
c29eeba23b9b79a259cb14e18462c5bffc1298bf3f4af3f9782e17b8edc3283a,2021-10,Staffordshire Police,Staffordshire Police,-1.925731,52.682336,On or near LULWORTH ROAD,E01029490,Lichfield 009D,Action to be taken by another organisation
4e1a28bbbaef481ecebaf229057280099f05f54b35a15ced916041bf859b26ce,2021-10,Staffordshire Police,Staffordshire Police,-2.179885,53.029689,On or near A50,E01014287,Stoke-on-Trent 015D,Unable to prosecute suspect
b175777c458ce8bc092e9cc2b79c482f232a59217548a8c676bee8543109f662,2021-10,Staffordshire Police,Staffordshire Police,-1.693384,52.632645,On or near Shopping Area,E01029835,Tamworth 002A,Investigation complete; no suspect identified
a4b44ad680bdd4a6fe0ed71fc789c6288e586191f4f2ef81b16bef3e29d093eb,2021-10,Staffordshire Police,Staffordshire Police,-1.934725,52.761341,On or near Parking Area,E01029404,Cannock Chase 002E,Suspect charged
786b5ede3059cac16bc13c09c1bf3873d899d343bafff62dbebaaaeb4679f5ba,2021-10,Staffordshire Police,Staffordshire Police,-2.132194,53.017427,On or near AYLESBURY ROAD,E01014222,Stoke-on-Trent 017C,Formal action is not in the public interest
42bc7521c31b59371e7b940e1aef4ad98bb34733110292b4b6202e55b6047f36,2021-10,Staffordshire Police,Staffordshire Police,-2.157451,52.986402,On or near LOUISE DRIVE,E01014239,Stoke-on-Trent 026C,Unable to prosecute suspect
391149a41db46d8d08dcaacc9ea78812299f92df451a1e41f77c29fab325aaf5,2021-10,Staffordshire Police,Staffordshire Police,-2.020103,52.712787,On or near FOSTER AVENUE,E01029385,Cannock Chase 004B,Investigation complete; no suspect identified
800ff8d70bcec7a4fd662dc3312d5a1ead5a042d9bf354929c7718e073b352b0,2021-10,Staffordshire Police,Staffordshire Police,-1.970014,52.710430,On or near JESMOND CLOSE,E01029400,Cannock Chase 006D,Investigation complete; no suspect identified
b361483a35d5f1075ec2b51e6a21e23f7bc935d46bc9615d713414fb64f01602,2021-10,Staffordshire Police,Staffordshire Police,-1.924766,52.684241,On or near CUMBERLAND CRESCENT,E01029489,Lichfield 009C,Further investigation is not in the public interest
b354728aaa6757f6433c53a7c043647e03c84e7015ea04a9926ebecfab8e7e31,2021-10,Staffordshire Police,Staffordshire Police,-2.011724,52.709516,On or near WYVERN GROVE,E01029384,Cannock Chase 005A,Unable to prosecute suspect
722dc93ebd1d8c0e9f1623518936d9e7804c14007d5da7cd01f022d4daf8ca31,2021-10,Staffordshire Police,Staffordshire Police,-2.127697,53.014205,On or near SWAYTHLING GROVE,E01014222,Stoke-on-Trent 017C,Unable to prosecute suspect
3d7c099df2593e4405aa8bd629a36ad93106d62e08e572bf563db31364c0646e,2021-10,Staffordshire Police,Staffordshire Police,-2.197508,52.967366,On or near CONISTON PLACE,E01014348,Stoke-on-Trent 030B,Unable to prosecute suspect
cabfaa89bc2fda2ae7575f17b512b70ee482b5bebf2e6c031e439a6328e3a74b,2021-10,Staffordshire Police,Staffordshire Police,-2.223562,53.007196,On or near STUBBS' GATE,E01029602,Newcastle-under-Lyme 011C,Offender given a caution
372888f3e4ca1caf76dd0c27e86123dec1f8284f2fa1be4804408a8fcd38b3ec,2021-10,Staffordshire Police,Staffordshire Police,-2.206999,53.058904,On or near THE BOULEVARD,E01014355,Stoke-on-Trent 005B,Investigation complete; no suspect identified
74793fbed0470f41b489a6f1dc79d4239573887fc6b52f0c0f5f30377d819fcd,2021-10,Staffordshire Police,Staffordshire Police,-2.232721,53.089159,On or near WHITERIDGE ROAD,E01029588,Newcastle-under-Lyme 002D,Unable to prosecute suspect
5d8526f8d50c70d2dcb1ec133d833dd99be04d04c00e1cd4b33ed3010026e4b8,2021-10,Staffordshire Police,Staffordshire Police,-2.157200,52.982825,On or near Petrol Station,E01014240,Stoke-on-Trent 026D,Investigation complete; no suspect identified
8cbc853579100a555b201f9ddab3782b888cde0ce9793db701dcff56bbd85daa,2021-10,Staffordshire Police,Staffordshire Police,-2.190430,53.020153,On or near KILNDOWN CLOSE,E01014281,Stoke-on-Trent 015A,Investigation complete; no suspect identified
df5f5e4202457c34a4f87ad62f461da9ac711e5d9a6db013373c05d6a58b00d4,2021-10,Staffordshire Police,Staffordshire Police,-1.946385,52.763388,On or near GREEN LANE,E01029401,Cannock Chase 002C,Investigation complete; no suspect identified
5687d46d3f57b55d3f995cd8bc889623814b776b87ef9d0cb114d2b8491352f8,2021-10,Staffordshire Police,Staffordshire Police,-2.107775,52.974897,On or near BOLTON PLACE,E01014316,Stoke-on-Trent 031C,Suspect charged
5687d46d3f57b55d3f995cd8bc889623814b776b87ef9d0cb114d2b8491352f8,2021-10,Staffordshire Police,Staffordshire Police,-2.107775,52.974897,On or near BOLTON PLACE,E01014316,Stoke-on-Trent 031C,Suspect charged
eea452fffd27e61d0619ed9c7b04cf08f449747df380ff582eec2b64b94040c5,2021-10,Staffordshire Police,Staffordshire Police,-1.969138,52.672142,On or near THE BRAMBLES,E01029397,Cannock Chase 013D,Investigation complete; no suspect identified
8384516bd532b3d92ba69bb075a6b1bb29c8d54bc6278a54cfe91175dcc18106,2021-10,Staffordshire Police,Staffordshire Police,-2.035749,53.106425,On or near WESTWOOD GROVE,E01029814,Staffordshire Moorlands 005E,Unable to prosecute suspect
fe788f3e0954d39e219acf426e50be1435b7dca277292f2d86d953ee22bf621b,2021-10,Staffordshire Police,Staffordshire Police,-2.162193,52.912225,On or near NAVIGATION LOOP,E01029744,Stafford 003B,Unable to prosecute suspect
eb016846ee5829cdaa2f348f8f8e8f71b3c0e8e55a95254f7f36928e7557317e,2021-10,Staffordshire Police,Staffordshire Police,-1.635718,52.797820,On or near A5189,E01032898,East Staffordshire 011H,Unable to prosecute suspect
3f32bb5dd7fa444757ec7a136d36f8bfa3f5001f8c8e9913d382ddfffa56ea81,2021-10,Staffordshire Police,Staffordshire Police,-2.189734,53.041575,On or near WALLEY PLACE,E01014249,Stoke-on-Trent 011A,Investigation complete; no suspect identified
2548724231fe07456ffffe0aeb7388440a28194f79c99cbdab656ee27b6dac56,2021-10,Staffordshire Police,Staffordshire Police,-2.082939,52.790519,On or near WEEPING CROSS,E01029684,Stafford 014A,Unable to prosecute suspect
bbae979f6688509271d8e266e50e99e9caf02389660f143fd08011818e4a8db7,2021-10,Staffordshire Police,Staffordshire Police,-2.206445,52.989842,On or near ST JOHN'S AVENUE,E01014344,Stoke-on-Trent 023E,Suspect charged
aa9bcc668cb40735a1c1cbd9725966dbcbddea9860a962503232dd3c39a18023,2021-10,Staffordshire Police,Staffordshire Police,-1.865787,52.896961,On or near Police Station,E01029462,East Staffordshire 003D,Unable to prosecute suspect
364ccbf7335a01de324b91a60101a5ecd8a17be01aca07af400c7704932dd2fc,2021-10,Staffordshire Police,Staffordshire Police,-2.011374,53.115706,On or near HAREGATE ROAD,E01029809,Staffordshire Moorlands 001D,Unable to prosecute suspect
8df771704500d41a7158cb6b758c5e002ef13aea85da7169b9380473a5f612b6,2021-10,Staffordshire Police,Staffordshire Police,-2.038672,52.703091,On or near GRATLEY CROFT,E01029647,South Staffordshire 002C,Investigation complete; no suspect identified
596a1796acfe2015462acc0ef61e7c748ba3151dfc2a41fecfbda89b1e9c9214,2021-10,Staffordshire Police,Staffordshire Police,-2.160258,52.967979,On or near SHEPLEY GROVE,E01014237,Stoke-on-Trent 032C,Investigation complete; no suspect identified
19439a5fc20775b507147487df0fe029df725b0feb35466d7d7319231d90f34e,2021-10,Staffordshire Police,Staffordshire Police,-2.156499,52.966267,On or near UFTON CLOSE,E01014238,Stoke-on-Trent 032D,Unable to prosecute suspect
357323f8a21ef03b57b2e01a04f7c7e7b061e3a5dea134f215dfe1964b31c867,2021-10,Staffordshire Police,Staffordshire Police,-1.634738,52.821001,On or near MEREDITH CLOSE,E01029427,East Staffordshire 008B,Unable to prosecute suspect
76b31739b9fdf24f047a8b6f29f8288bd45e07b75cf99e5e7b32f0d17e37c9f5,2021-10,Staffordshire Police,Staffordshire Police,-1.921164,52.679905,On or near CANNOCK ROAD,E01029489,Lichfield 009C,Suspect charged
e7624115b0883f012cff02e0fbe00063905aba9427c04995888c9098a16bc466,2021-10,Staffordshire Police,Staffordshire Police,-2.078716,52.792086,On or near Supermarket,E01029684,Stafford 014A,Unable to prosecute suspect
973aa5916639f49cdcc6c40d616d210eb5c4b42815d59d5079b671c328213a19,2021-10,Staffordshire Police,Staffordshire Police,-2.209408,53.001846,On or near GRINDLEY HILL COURT,E01014294,Stoke-on-Trent 018F,Suspect charged
30eba364d1d498df9390850d53f098fd27c54a9d44f9f73a755af74d46b7d2c6,2021-10,Staffordshire Police,Staffordshire Police,-2.123451,52.993912,On or near MARLOW CLOSE,E01014300,Stoke-on-Trent 022C,Investigation complete; no suspect identified
bad487e5263283543618ba49c18f4c7d739974233d245fad3fb2387848d4b32b,2021-10,Staffordshire Police,Staffordshire Police,-2.199423,52.991876,On or near FREMANTLE ROAD,E01014342,Stoke-on-Trent 023C,Unable to prosecute suspect
1184dd6cf8835f22966a10e62869996c32a1dcf782ab92b8901f0d2d89e90a06,2021-10,Staffordshire Police,Staffordshire Police,-2.135528,52.787549,On or near FURNESS GROVE,E01029715,Stafford 013A,Action to be taken by another organisation
8092e33a1b730658fa7d82e78cef7eeb351a7d5a7e6047fdb498e3d29a6c3fe9,2021-10,Staffordshire Police,Staffordshire Police,-1.979838,52.687005,On or near NEWLANDS COURT,E01029382,Cannock Chase 009C,Further action is not in the public interest
207602ef16dcb9bedbb3b1d4531d0bdbbd73b60e84e7a6f5cbc9324974740e48,2021-10,Staffordshire Police,Staffordshire Police,-2.225244,53.009773,On or near Nightclub,E01029604,Newcastle-under-Lyme 011E,Unable to prosecute suspect
34469b10c497520989acebf4005bc2d3993ab22ef8e99312241b793591af6530,2021-10,Staffordshire Police,Staffordshire Police,-2.197772,53.041427,On or near PLEASANT STREET,E01014251,Stoke-on-Trent 009C,Further action is not in the public interest
83c23d56a3f98a33c7442d8890da1bb3b31e63c1bc84c452b66dcbdcf3e5fa07,2021-10,Staffordshire Police,Staffordshire Police,-1.949678,52.683553,On or near NEW PLANT LANE,E01029493,Lichfield 006B,Local resolution
3c0df000d26bc8e3af67a558eae75d60ec9e8a3395e3186a2f6de0b6a04ad28f,2021-10,Staffordshire Police,Staffordshire Police,-1.872156,52.909733,On or near ASHBOURNE ROAD,E01029433,East Staffordshire 002D,Investigation complete; no suspect identified
c6f51ab61cdb173ae3a4d999f053b8ecf38e37deb538634056c5d031fdbf3ef1,2021-10,Staffordshire Police,Staffordshire Police,-2.136555,52.788905,On or near CAPE AVENUE,E01029715,Stafford 013A,Investigation complete; no suspect identified
fbc714a7fc568a26c6e515e55fbdd54153e49aeaad76044fc5180b59898c869e,2021-10,Staffordshire Police,Staffordshire Police,-2.145296,52.813400,On or near BURNETT COURT,E01029752,Stafford 007E,Suspect charged
9b6ee115859d60b244a81ab0a276201148536424d8f1d6204e5f253d2f2b5502,2021-10,Staffordshire Police,Staffordshire Police,-1.938457,52.678729,On or near Supermarket,E01029497,Lichfield 006E,Unable to prosecute suspect
94bafab63430eb2f594dba094c6b2274ec0155a71b6c3dacd1128b836a66510f,2021-10,Staffordshire Police,Staffordshire Police,-2.134766,52.790660,On or near MELROSE AVENUE,E01029715,Stafford 013A,Unable to prosecute suspect
09d2faf1ecd06d73b7d15fed69609c623f5d70b6442b90dffdbf7f961d218686,2021-10,Staffordshire Police,Staffordshire Police,-2.184599,53.040648,On or near NORTH ROAD,E01014249,Stoke-on-Trent 011A,Investigation complete; no suspect identified
13882c9908a33ec8d4c0bb49ff5de98130ea7ef0516a50e173d69b9405bdbf4d,2021-10,Staffordshire Police,Staffordshire Police,-2.166616,53.114781,On or near MOORLAND HEIGHTS,E01029764,Staffordshire Moorlands 003B,Unable to prosecute suspect
a0af832e7c6f0780e1d489f8ea1251528f1b32ad1c21e38ae35b4567534049f9,2021-10,Staffordshire Police,Staffordshire Police,-2.150743,52.997683,On or near DENNIS STREET,E01014274,Stoke-on-Trent 020A,Investigation complete; no suspect identified
f48a63fe70ebdcae4c29f75677b28074ee2c3d23102cd044a4ba85a966e2728d,2021-10,Staffordshire Police,Staffordshire Police,-2.186063,53.003089,On or near LONDON ROAD,E01014345,Stoke-on-Trent 019E,Further action is not in the public interest
9b5a59ada81bb96460541f3b5c990dbed45ef2e5462af327ce7a1e695eb99866,2021-10,Staffordshire Police,Staffordshire Police,-1.711170,52.644368,On or near COMPTON ROAD,E01029848,Tamworth 001C,Unable to prosecute suspect
895c0ae299ef8baa2c77228b3bf123ddc7207576077ef31db3829f962272054d,2021-10,Staffordshire Police,Staffordshire Police,-1.944079,52.689519,On or near LITTLETON WAY,E01029495,Lichfield 006D,Investigation complete; no suspect identified
a8aee4aeae3f1dee6e1cc80676e7eb1a7d0a975ce8766e963b6d6d1f399dbef5,2021-10,Staffordshire Police,Staffordshire Police,-2.161606,52.970189,On or near NEWBURY GROVE,E01014237,Stoke-on-Trent 032C,Further action is not in the public interest
f3535a11d62c83558d0e4073c0dfd7b5a3576e1e70ae9b81818e03d641d9f9ac,2021-10,Staffordshire Police,Staffordshire Police,-2.029812,52.688171,On or near Supermarket,E01029360,Cannock Chase 012B,Investigation complete; no suspect identified
316f8b2cb8e7ef38be0d043f1f558440aad6ecc3a41ad5ab05cb55ecd3f947c7,2021-10,Staffordshire Police,Staffordshire Police,-2.010787,53.100856,On or near FAIR VIEW ROAD,E01029805,Staffordshire Moorlands 006C,Unable to prosecute suspect
46bd604822b3990828ed53929f0ef4e846fe8680fbf7e2fc355278f6cff80b2c,2021-10,Staffordshire Police,Staffordshire Police,-2.164440,52.998905,On or near Supermarket,E01014276,Stoke-on-Trent 020C,Investigation complete; no suspect identified
cec7632d72a139b77ef0607451cd617991f2766ff52252e84494f505c08a82e8,2021-10,Staffordshire Police,Staffordshire Police,-2.107775,52.974897,On or near BOLTON PLACE,E01014316,Stoke-on-Trent 031C,Suspect charged
d2af177e70ca31c79cb24aef03613b6ed6632f9929cfd53bf5e7bca9a370ff94,2021-10,Staffordshire Police,Staffordshire Police,-1.979327,52.703384,On or near KINGS CROFT,E01029379,Cannock Chase 006A,Investigation complete; no suspect identified
3545915280fb76da0c320bf4afdf8ab941fbd36c52f93d91b3724da2f2a5787f,2021-10,Staffordshire Police,Staffordshire Police,-2.244815,53.039065,On or near BEASLEY AVENUE,E01029558,Newcastle-under-Lyme 006E,Unable to prosecute suspect
48041098f3622a8538497279b3d8bafea785a3e947b280cfef862d2d06d22bfe,2021-10,Staffordshire Police,Staffordshire Police,-2.114633,52.803680,On or near LICHFIELD ROAD,E01029701,Stafford 010E,Unable to prosecute suspect
0af76b5903dbd43f0713274762b94feb140ca6b8c091cc73939d3a8543d82d36,2021-10,Staffordshire Police,Staffordshire Police,-1.660427,52.809220,On or near PRICE COURT,E01029446,East Staffordshire 009B,Action to be taken by another organisation
04ebc07251f34cab74719ee926145427348747de1a7f4251a5c3d2751c1af0df,2021-10,Staffordshire Police,Staffordshire Police,-2.315489,52.834248,On or near PARK LANE,E01029708,Stafford 015D,Formal action is not in the public interest
c7a53aeaf6b8466b355fdeef63273b26dd24d02d8216cda2d8928706f3973249,2021-10,Staffordshire Police,Staffordshire Police,-2.001471,52.805282,On or near SHEPHARD CLOSE,E01029713,Stafford 008E,Investigation complete; no suspect identified
d973c1f82dd505ae95f8f89883505d9dc87396c0150a73563c36aec0d952b50e,2021-10,Staffordshire Police,Staffordshire Police,-2.175634,53.029174,On or near Parking Area,E01014287,Stoke-on-Trent 015D,Investigation complete; no suspect identified
6ed57ec3d0d40357d28b71387e7bab66cd6a1f2a63964917aa9f4162ddad116a,2021-10,Staffordshire Police,Staffordshire Police,,,No location,,,Unable to prosecute suspect
2d55defb121c47742b57b8a247d9ba691858885636c517fe2256d9fe543027e3,2021-10,Staffordshire Police,Staffordshire Police,-2.171826,53.016595,On or near STONEHAVEN GROVE,E01014287,Stoke-on-Trent 015D,Investigation complete; no suspect identified
1c3b72bdfade13a1cf1b8c19406ca4c5f36bb53b37ff0b85e0ea25491b861f79,2021-10,Staffordshire Police,Staffordshire Police,-2.019306,52.684775,On or near DEVON ROAD,E01029362,Cannock Chase 012D,Unable to prosecute suspect
50c28065ee89ccdb02c7a9f2f33d386ccfd25a2c318ad4915b70d1a8bc4e55e3,2021-10,Staffordshire Police,Staffordshire Police,-2.029582,53.109716,On or near HENCROFT,E01029807,Staffordshire Moorlands 005B,Unable to prosecute suspect
340c4232dcc68a81f688549ec26e58aa079fd0ba2d975e42f9d614af0ddb47a8,2021-10,Staffordshire Police,Staffordshire Police,-2.238419,53.009837,On or near ST MARY'S DRIVE,E01029598,Newcastle-under-Lyme 010E,Investigation complete; no suspect identified
c70a2414f2962828631e67142a13f94e74c66ef1dae327caef5a7fab52cc37b0,2021-10,Staffordshire Police,Staffordshire Police,-2.049167,52.679220,On or near WOLVERHAMPTON ROAD,E01029361,Cannock Chase 012C,Investigation complete; no suspect identified
c688163ec2150ba59b2cd0b11c88fee975a16f5ce77acae31f3cc04efba4a64f,2021-10,Staffordshire Police,Staffordshire Police,-1.935008,52.690773,On or near LANCE DRIVE,E01029495,Lichfield 006D,Investigation complete; no suspect identified
44bd03e88ddcad1c26e4adb34960f33b346c9e8d3e2f75828f41e2be65520107,2021-10,Staffordshire Police,Staffordshire Police,-2.256335,53.032614,On or near LOOMER ROAD,E01029559,Newcastle-under-Lyme 007C,Further investigation is not in the public interest
2c4dbbcf0d8474894582b1165a35a018aad9c45f7a318260b2fd0ad3ed194c6d,2021-10,Staffordshire Police,Staffordshire Police,-1.663494,52.622900,On or near ST CHAD COURT,E01029841,Tamworth 003E,Unable to prosecute suspect
24bd5bd169279325bd8d4d22c382a6f6a7859a341d070c9d0ff4cd3fe03d2193,2021-10,Staffordshire Police,Staffordshire Police,-1.806000,52.683126,On or near YEW TREE AVENUE,E01029485,Lichfield 005C,Action to be taken by another organisation
3691bd5ee0ef116436eced555570f571c34a473918637d030b8ae432a2cf2232,2021-10,Staffordshire Police,Staffordshire Police,-2.185120,53.029816,On or near LOWTHER STREET,E01014254,Stoke-on-Trent 011C,Unable to prosecute suspect
123a822ae40ae68f7c24014a3c77e82e7493ab7c8084b837885300eedc389863,2021-10,Staffordshire Police,Staffordshire Police,-1.935580,52.683825,On or near WATER STREET,E01029494,Lichfield 006C,Unable to prosecute suspect
e650176a8482e465a88914fda116c77d4cf0e86626741bf557b683fafa81db65,2021-10,Staffordshire Police,Staffordshire Police,-2.166675,52.677576,On or near OAK ROAD,E01029618,South Staffordshire 003B,Unable to prosecute suspect
49fe098cb50cb4e111089b3d53a7cdc7d5c5814c5b60356867f42a2eecad4d0b,2021-10,Staffordshire Police,Staffordshire Police,-1.630101,52.807817,On or near Police Station,E01032897,East Staffordshire 011G,Suspect charged
a5e9501a100aef7dda3ada4d015186d25119ac5d0ebdd93c1ee9985fc6eaf680,2021-10,Staffordshire Police,Staffordshire Police,-2.135145,52.988812,On or near ST MARTIN'S LANE,E01014302,Stoke-on-Trent 022D,Investigation complete; no suspect identified
bc5a60b0a0110a6bb3821057f39e1b6faeadbc45c5e3be57b20810369c1099e8,2021-10,Staffordshire Police,Staffordshire Police,-2.064802,52.968106,On or near MILLBROOK GARDENS,E01029800,Staffordshire Moorlands 012E,Investigation complete; no suspect identified
e43fa88f40c73fa902582cee691b6632489ec388fdc7fa15909f316a2cef1a64,2021-10,Staffordshire Police,Staffordshire Police,-1.633723,52.800510,On or near Shopping Area,E01032896,East Staffordshire 011F,Investigation complete; no suspect identified
28656fa485bae68781124c1ba3f4b82336ff9fed79837e7325149a4b8a2af48d,2021-10,Staffordshire Police,Staffordshire Police,-2.112156,52.780777,On or near REASON ROAD,E01029729,Stafford 016B,Investigation complete; no suspect identified
e4496d9292358588fda229b5dec4fa0c5f4849143042fe91b4162f98b43a7b4c,2021-10,Staffordshire Police,Staffordshire Police,-2.026836,52.684927,On or near TRINITY CLOSE,E01029360,Cannock Chase 012B,Investigation complete; no suspect identified
028af24f4d86f6b088a1afd43d50bc134dab876916c3a1c5f4ef7aae9a2dd284,2021-10,Staffordshire Police,Staffordshire Police,-2.119698,52.806120,On or near EARL STREET,E01029701,Stafford 010E,Unable to prosecute suspect
eaae51dc43a0005624fb82650cf48da9527aefc8c13f94046cf4d639238718fd,2021-10,Staffordshire Police,Staffordshire Police,-2.173589,53.025051,On or near PARLIAMENT ROW,E01014287,Stoke-on-Trent 015D,Offender given a caution
fbaf527c9b64f6cba453850ee96a4120efb23a09d4737f97098c12447c0fbe5d,2021-10,Staffordshire Police,Staffordshire Police,-2.176351,53.025811,On or near STAFFORD STREET,E01014287,Stoke-on-Trent 015D,Investigation complete; no suspect identified
3e5de8502905fbf1c1355cca25d4d6fe8f9a6ff9bbaca45db9243cf5a1b97ee4,2021-10,Staffordshire Police,Staffordshire Police,-1.644151,52.802106,On or near ANGLESEY ROAD,E01029408,East Staffordshire 011B,Further action is not in the public interest
70044672e0ad5c84149b0833b066d32d66ad0e3117a7e1d3935eeca8afd94f86,2021-10,Staffordshire Police,Staffordshire Police,-1.701470,52.625555,On or near Supermarket,E01029837,Tamworth 005B,Investigation complete; no suspect identified
6ee48e5c5a87cc430706a1e78390b6ca022288ccec440ace67c76a245a7a5fc1,2021-10,Staffordshire Police,Staffordshire Police,-2.244820,53.005725,On or near ROTHESAY AVENUE,E01029599,Newcastle-under-Lyme 010F,Unable to prosecute suspect
6a7e5c24ffddf0afa859061b7705d947b69de94fbf601e4213364d4a9b6dd0f0,2021-10,Staffordshire Police,Staffordshire Police,-2.123794,52.817173,On or near STONE ROAD,E01029691,Stafford 010B,Investigation complete; no suspect identified
dfd9bd22975fa89046e10670738a535603a21f1df67f2805369823b4de88feba,2021-10,Staffordshire Police,Staffordshire Police,-2.265064,53.082215,On or near Shopping Area,E01029541,Newcastle-under-Lyme 003B,Unable to prosecute suspect
935672cda27809012d86f6c4ccb7c033141961cfb048ee2e56bec8d13a8ba331,2021-10,Staffordshire Police,Staffordshire Police,-2.098289,52.981387,On or near WESTWOOD ROAD,E01014367,Stoke-on-Trent 028C,Unable to prosecute suspect
49bbd90103bf70ced7eb839d001a3e379a5b08e4b9f1a20ed679557caa1bd0e8,2021-10,Staffordshire Police,Staffordshire Police,-1.907162,52.677531,On or near Shopping Area,E01029476,Lichfield 009B,Investigation complete; no suspect identified
1467be1cacc35e766a958d1739b0f03c3e592780e89b5acf5479077f80ade97c,2021-10,Staffordshire Police,Staffordshire Police,-2.211931,53.033214,On or near Sports/Recreation Area,E01029611,Newcastle-under-Lyme 008E,Investigation complete; no suspect identified
767d7a2cf4006f547d5e70ccb783e43e26ba20833d7a70166886b25d24943602,2021-10,Staffordshire Police,Staffordshire Police,-2.166243,52.975567,On or near Sports/Recreation Area,E01014236,Stoke-on-Trent 032B,Further action is not in the public interest
548151b1ec3cb5ba48cdfe460050cc84b7380a0adfe2c9d44b7db268b8fce484,2021-10,Staffordshire Police,Staffordshire Police,-2.228960,53.033155,On or near DIMSDALE PARADE WEST,E01029610,Newcastle-under-Lyme 009D,Investigation complete; no suspect identified
139c9c65c10970ef107c09bd503d327dcb35c8b2d0f1ea8752f629453f022b76,2021-10,Staffordshire Police,Staffordshire Police,-2.141406,52.994818,On or near CARRON STREET,E01014278,Stoke-on-Trent 021B,Investigation complete; no suspect identified
f2cd81c6b9355596b8d90468e31044b57f755d4c2212d18bd838ddd6020b9b8c,2021-10,Staffordshire Police,Staffordshire Police,,,No location,,,Unable to prosecute suspect
29b8747fc42a52d19798da4aa2d3bc96eec441ac53f6872294ebd4d74868d1b5,2021-10,Staffordshire Police,Staffordshire Police,-2.164411,53.034359,On or near HAMMERSLEY STREET,E01014327,Stoke-on-Trent 013B,Unable to prosecute suspect
cc2f3fee37889c59dfa63ff5e1ab4a79e4920b08dff4ec1b019d54ed76ccf837,2021-10,Staffordshire Police,Staffordshire Police,-2.178589,53.011838,On or near CAULDON ROAD,E01014282,Stoke-on-Trent 016D,Investigation complete; no suspect identified
790c89142d49083698159c88cf762087d58b393482209ded378386e28a00ad23,2021-10,Staffordshire Police,Staffordshire Police,-1.984185,52.694494,On or near ALSTON CLOSE,E01029380,Cannock Chase 009A,Investigation complete; no suspect identified
755b2c3530ef6929dc512af773674f280f6da41e76a6c22446bb9ec32d9a4579,2021-10,Staffordshire Police,Staffordshire Police,-1.676585,52.610585,On or near Petrol Station,E01029829,Tamworth 010A,Unable to prosecute suspect
66fe0904fa997f8c3c416eef948253d65b020f723122e3afde9cd5b071573085,2021-10,Staffordshire Police,Staffordshire Police,-2.184441,53.049018,On or near MACCLESFIELD STREET,E01014248,Stoke-on-Trent 006F,Unable to prosecute suspect
6b2512e764f25ce10c06edcd5937aa56d658608df9e062ef1ba6366c9da5c304,2021-10,Staffordshire Police,Staffordshire Police,-2.101011,52.814147,On or near DOUGLAS ROAD,E01029693,Stafford 009B,Further action is not in the public interest
4366660432487abe02a7802d0de2ba7ee5853d80fb70fcce710ece0cf0444c25,2021-10,Staffordshire Police,Staffordshire Police,-1.683820,52.598378,On or near SCHOOL LANE,E01029861,Tamworth 009B,Investigation complete; no suspect identified
517f7e98ca7a9a325454dd5fd9d092bc96400a47ed088c8a2968eaefb56f8f4f,2021-10,Staffordshire Police,Staffordshire Police,-1.707483,52.614423,On or near MAYAMA ROAD,E01029504,Lichfield 012D,Investigation complete; no suspect identified
969de7a6e0bb25f2562fbb8d2b208fb9db57d69eecd8848f76352b29a1df7558,2021-10,Staffordshire Police,Staffordshire Police,-2.055512,52.771531,On or near SAWPIT LANE,E01029730,Stafford 014C,Investigation complete; no suspect identified
2eecac8e6da97be87fcd06e5e7f4525bbc26fe7f51ac47321341773947808696,2021-10,Staffordshire Police,Staffordshire Police,-2.021439,53.105691,On or near A53,E01029805,Staffordshire Moorlands 006C,Investigation complete; no suspect identified
9fe4551785f0bef7967f3c4fd717c4a20c82cfb97da5c578323445529e62ec19,2021-10,Staffordshire Police,Staffordshire Police,-2.250197,53.051549,On or near NEWPORT GROVE,E01029545,Newcastle-under-Lyme 004C,Unable to prosecute suspect
8105d1d31397623d97957e657417bbfad7b87052606cfbd9042f3f42c2f3b075,2021-10,Staffordshire Police,Staffordshire Police,-2.179885,53.029689,On or near A50,E01014287,Stoke-on-Trent 015D,Unable to prosecute suspect
aa885362d1a35c9e5fb1dafcce4a944de74a7249ad2acc1953aa2d188cdfd7c1,2021-10,Staffordshire Police,Staffordshire Police,-1.646585,52.809287,On or near NEEDWOOD STREET,E01029448,East Staffordshire 009D,Unable to prosecute suspect
5cb236e335668c9b9c404528abc6459c1afd56f051c84408d8ac1c26bdfe3ece,2021-10,Staffordshire Police,Staffordshire Police,-1.679008,52.620426,On or near Pedestrian Subway,E01029828,Tamworth 006D,Investigation complete; no suspect identified
66ca31d631520d6d747529bf896a212b61af2ca958719143f311926e0b4542fc,2021-10,Staffordshire Police,Staffordshire Police,-1.655528,52.817170,On or near Hospital,E01029435,East Staffordshire 007B,Unable to prosecute suspect
0e7d048b181c135f2ad6f05f497e383e075d97851ef29b87903cf7a40b1132e4,2021-10,Staffordshire Police,Staffordshire Police,-2.110556,52.967560,On or near GRAVELLY BANK,E01014319,Stoke-on-Trent 033C,Unable to prosecute suspect
b71d3eea34c89a5aecdfe3fc12000bf7f8fabd4954ff3198bc0ac7e581ca6236,2021-10,Staffordshire Police,Staffordshire Police,-1.558284,52.774319,On or near Petrol Station,E01019877,South Derbyshire 009B,Investigation complete; no suspect identified
ab2e243e11351571bb8bf94060d17894d18dc9a905f1016e22704b2991d65b0e,2021-10,Staffordshire Police,Staffordshire Police,-1.698607,52.644453,On or near THACKERAY DRIVE,E01029849,Tamworth 002C,Unable to prosecute suspect
ee2e54a5d414d0bd4b80cb853c0d3970570d799bbc7af6dc44ca5f284a16e486,2021-10,Staffordshire Police,Staffordshire Police,-2.183603,52.999264,On or near GABLE STREET,E01014339,Stoke-on-Trent 019C,Investigation complete; no suspect identified
4c0f5f37695c5b5ed7c623ef43cebf107838456968bb447547909eee17f6076f,2021-10,Staffordshire Police,Staffordshire Police,-2.206920,53.070428,On or near WYRELEY WAY,E01014360,Stoke-on-Trent 002D,Unable to prosecute suspect
7dd59e01254da1ee17145eccce1f1d12a97f674381fccf67442b936533211d18,2021-10,Staffordshire Police,Staffordshire Police,-2.188379,53.007823,On or near KNOWLE STREET,E01014291,Stoke-on-Trent 018D,Unable to prosecute suspect
f11fb0db361915ca4b2903c1f9012d9050f7bc566fa32afe909d7efed19f459e,2021-10,Staffordshire Police,Staffordshire Police,-1.916961,52.744016,On or near PRIORY ROAD,E01029347,Cannock Chase 003C,Further action is not in the public interest
5940a0bce726c856d5a2cad934ca7b8bc42d38206c5a1914311291d62923b435,2021-10,Staffordshire Police,Staffordshire Police,-1.916886,52.861689,On or near BLYTHE BRIDGE BANK,E01029411,East Staffordshire 006A,Unable to prosecute suspect
aff4090a9cc0dd7802f1b7ee75e0eda7fa1a1c962f4772e1bcaec1112cf97046,2021-10,Staffordshire Police,Staffordshire Police,-1.993813,52.940077,On or near Parking Area,E01029791,Staffordshire Moorlands 013E,Offender given a caution
aff4090a9cc0dd7802f1b7ee75e0eda7fa1a1c962f4772e1bcaec1112cf97046,2021-10,Staffordshire Police,Staffordshire Police,-1.993813,52.940077,On or near Parking Area,E01029791,Staffordshire Moorlands 013E,Offender given a caution
aff4090a9cc0dd7802f1b7ee75e0eda7fa1a1c962f4772e1bcaec1112cf97046,2021-10,Staffordshire Police,Staffordshire Police,-1.993813,52.940077,On or near Parking Area,E01029791,Staffordshire Moorlands 013E,Offender given a caution
741484a686f3071bc9f9f5c199e2dc493ed4a06551c606143f00e3e2f6efdf35,2021-10,Staffordshire Police,Staffordshire Police,-1.660427,52.809220,On or near PRICE COURT,E01029446,East Staffordshire 009B,Suspect charged
f856e8ec48b6836c4daab6dce0618e235d05d8c6ffce975f6830aa3cd1a27239,2021-10,Staffordshire Police,Staffordshire Police,-2.049167,52.679220,On or near WOLVERHAMPTON ROAD,E01029361,Cannock Chase 012C,Further action is not in the public interest
b0faa1abeef5f3a94b8342629b8a6fe82adb1e042f916b887b9e2e2f41dc98c1,2021-10,Staffordshire Police,Staffordshire Police,-2.249330,53.002245,On or near VICHY CLOSE,E01029601,Newcastle-under-Lyme 015E,Investigation complete; no suspect identified
eb8084d922b47b2d215f817a6de2a4fa9698d642ec1c76ab84db1dad449434bf,2021-10,Staffordshire Police,Staffordshire Police,-1.686652,52.708402,On or near ROWLEY CLOSE,E01029516,Lichfield 008A,Investigation complete; no suspect identified
dc8556120419de9faea63f1ff181ed67e4cdfb7d6a9efc1aefe43a64e9588bb6,2021-10,Staffordshire Police,Staffordshire Police,-2.183183,53.012596,On or near STOKE ROAD,E01014283,Stoke-on-Trent 016E,Unable to prosecute suspect
b79eb8e8f5a0bb4b1cfe259cdeedac5a15979b48b6c5ffc5cf311b682fc27a88,2021-10,Staffordshire Police,Staffordshire Police,-2.181424,53.001892,On or near WOODHOUSE STREET,E01014345,Stoke-on-Trent 019E,Unable to prosecute suspect
982ba1b8b034fb38b3960d0e3db4ee5101f2c60880ffa2849e12b46fe420dea7,2021-10,Staffordshire Police,Staffordshire Police,-1.637163,52.816657,On or near THORNLEY STREET,E01029426,East Staffordshire 008A,Unable to prosecute suspect
6413eacd746ffac2d04ba4c2d87613e1a3fec61cbb9e9fac65e03a4de43bf7ee,2021-10,Staffordshire Police,Staffordshire Police,-2.162978,53.029884,On or near FELCOURT GARDENS,E01014329,Stoke-on-Trent 013D,Unable to prosecute suspect
c7284378764e251b0e80438fb82f6e864c28ed5f85576ac3ed331a6222bef22a,2021-10,Staffordshire Police,Staffordshire Police,-2.121136,52.991856,On or near CORINA WAY,E01014301,Stoke-on-Trent 025B,Unable to prosecute suspect
b210ce8db3c7de52b5b1ce1ee15e3124c880c5a236cb2935dc340b23aa74d318,2021-10,Staffordshire Police,Staffordshire Police,-2.100250,52.947298,On or near Sports/Recreation Area,E01029703,Stafford 001B,Unable to prosecute suspect
ce6b56c8d72ea343196a115c33d5edeb20c345b7c72ceb23271822865e9ab64c,2021-10,Staffordshire Police,Staffordshire Police,-2.119589,52.809482,On or near CHELL ROAD,E01029701,Stafford 010E,Unable to prosecute suspect
d73f4512aa1349e3d4da6328e156dfb100d6324c340abebe055e6df14ca23237,2021-10,Staffordshire Police,Staffordshire Police,-2.034209,53.104295,On or near MORLEY STREET,E01029811,Staffordshire Moorlands 005C,Further action is not in the public interest
80b50aa1a4752ab8dcc5aeab98225b115d982a67bb2a62bced97cd1521637af3,2021-10,Staffordshire Police,Staffordshire Police,-2.179885,53.029689,On or near A50,E01014287,Stoke-on-Trent 015D,Further investigation is not in the public interest
614ea10262f83fd02160034de1bbd58461dd58c94bc52a8159fcc4e29d78f939,2021-10,Staffordshire Police,Staffordshire Police,-2.175634,53.029174,On or near Parking Area,E01014287,Stoke-on-Trent 015D,Unable to prosecute suspect
243d2f7c1b9f7bd48f352ea1feb01b41aff573a777ca3db220c81d69f0e6f336,2021-10,Staffordshire Police,Staffordshire Police,-2.147280,52.987044,On or near THANET GROVE,E01014313,Stoke-on-Trent 027D,Further action is not in the public interest
9ef32be6576f7bb9db2569348d39dbc72a894caef31ab10ab5b8de7e40aab6a0,2021-10,Staffordshire Police,Staffordshire Police,-2.172765,53.031398,On or near TOWN ROAD,E01014330,Stoke-on-Trent 013E,Local resolution
6054a529d28f97fa9a290a8cde249aeafd3612010d200ebea65706ff4b5163fa,2021-10,Staffordshire Police,Staffordshire Police,-2.192490,52.628426,On or near SHERBORNE GARDENS,E01029627,South Staffordshire 008D,Investigation complete; no suspect identified
bae8f3ea19f1da5d8bcddb4f0bb266191ec3b23c84851a3190240a1906a3afee,2021-10,Staffordshire Police,Staffordshire Police,-2.157522,52.981458,On or near POPLAR DRIVE,E01014240,Stoke-on-Trent 026D,Investigation complete; no suspect identified
00cc8bed681f3b52f25317ca1bdbaf6930eb28412894b27d794afeb179d6c37e,2021-10,Staffordshire Police,Staffordshire Police,-2.079527,52.805687,On or near ST THOMAS LANE,E01029732,Stafford 011E,Local resolution
a03a7862d8eda65076265e968442dde08f2b15f5a27f58fe19617b4fcbd91068,2021-10,Staffordshire Police,Staffordshire Police,-1.972787,52.677690,On or near LAURENCE GROVE,E01029394,Cannock Chase 013A,Investigation complete; no suspect identified
cdb3f9508844fe57683bfcb2028ec120fc778a98afd3d7df188107ff2923e734,2021-10,Staffordshire Police,Staffordshire Police,-1.632393,52.801603,On or near Shopping Area,E01032896,East Staffordshire 011F,Investigation complete; no suspect identified
9004aea3ae86314eaae4db316ca328b24cd299011b3fe7f53b6da2fff757207b,2021-10,Staffordshire Police,Staffordshire Police,-2.222109,53.017509,On or near THE HOLLIES,E01029578,Newcastle-under-Lyme 011B,Investigation complete; no suspect identified
5a8fda9069d176c737b56f4a10728159a047decac629f540f1751c19f86dc18d,2021-10,Staffordshire Police,Staffordshire Police,-2.162876,52.872456,On or near Petrol Station,E01029733,Stafford 004A,Investigation complete; no suspect identified
3a516d4ec03f8ee5b9435bf424f1a2a730d7c08e15e4b67cac74b4ed867cba24,2021-10,Staffordshire Police,Staffordshire Police,-2.195723,53.059921,On or near NORMAN AVENUE,E01014242,Stoke-on-Trent 006B,Investigation complete; no suspect identified
eb706f9ee05c12ae3fdbdbbac79713a17075c1c2f4eef787f2af5be01ee16ac4,2021-10,Staffordshire Police,Staffordshire Police,-2.162876,52.872456,On or near Petrol Station,E01029733,Stafford 004A,Investigation complete; no suspect identified
391b34db62829d7d51a5b2a62f23e353ba1ae95d4d0fb4a25bdee50eb7c24f66,2021-10,Staffordshire Police,Staffordshire Police,-2.164411,53.034359,On or near HAMMERSLEY STREET,E01014327,Stoke-on-Trent 013B,Unable to prosecute suspect
7c6f617b911d07ec10b611aca7131ec781f2b2a37d8d86ee0e28c732692b45d2,2021-10,Staffordshire Police,Staffordshire Police,-2.107442,52.786625,On or near PEACH AVENUE,E01029734,Stafford 016C,Further action is not in the public interest
8d4f50b7da0eaa0c9cbb4787d95017371159e33e7b75c81588a1b6b72efb1724,2021-10,Staffordshire Police,Staffordshire Police,-1.681369,52.694121,On or near MANOR CLOSE,E01029516,Lichfield 008A,Unable to prosecute suspect
7ff39c226376654a0fb93947b054c7bf2fcb79472296ee7541ba94b3f01b747c,2021-10,Staffordshire Police,Staffordshire Police,-2.173475,53.026139,On or near Shopping Area,E01014287,Stoke-on-Trent 015D,Investigation complete; no suspect identified
648e37fca4bbfff9dac7e165ba70c9339053df46119935a7c6da1ca5569807a3,2021-10,Staffordshire Police,Staffordshire Police,-2.173475,53.026139,On or near Shopping Area,E01014287,Stoke-on-Trent 015D,Investigation complete; no suspect identified
ef9bd8a1f7faecab15667a35e8e178c95ce53eb749091465db2b8abcef93cdcf,2021-10,Staffordshire Police,Staffordshire Police,-1.663494,52.622900,On or near ST CHAD COURT,E01029841,Tamworth 003E,Suspect charged
00225a2a3031f4d79df9f950bc6821c86590f199ca908b52545d3f318df77fe7,2021-10,Staffordshire Police,Staffordshire Police,-2.171069,53.047366,On or near LARKSFIELD ROAD,E01014266,Stoke-on-Trent 008B,Investigation complete; no suspect identified
dc2d981106bff38bad42ac8f4b8d49a0095c06271b104da4f3542cf2fa13350d,2021-10,Staffordshire Police,Staffordshire Police,-2.161795,53.036619,On or near DONALD ROAD,E01014326,Stoke-on-Trent 010D,Investigation complete; no suspect identified
4c813ee63ee15a8471e67a6a416cdf4fd8fb87b9e119c1c2c4a7c41123c1c8c4,2021-10,Staffordshire Police,Staffordshire Police,-1.701470,52.625555,On or near Supermarket,E01029837,Tamworth 005B,Investigation complete; no suspect identified
d2ea11dd2edd56670730a7d85e2b8926114be852cf5c096062f22157c75b2fe3,2021-10,Staffordshire Police,Staffordshire Police,-2.188218,53.001819,On or near STURGESS STREET,E01014345,Stoke-on-Trent 019E,Investigation complete; no suspect identified
dba471eb2d81c5be99b8689c5a14e2508330b14f7a991423d79be51baa40ac0b,2021-10,Staffordshire Police,Staffordshire Police,-2.088190,52.973862,On or near UTTOXETER ROAD,E01014315,Stoke-on-Trent 033A,Investigation complete; no suspect identified
cd31ee4c5a657a475c891cd2565b3ea4e27762b2e1d402dfb57510eb35b5fc48,2021-10,Staffordshire Police,Staffordshire Police,-1.927596,52.690580,On or near BYRON CLOSE,E01029487,Lichfield 006A,Unable to prosecute suspect
a6fd18ab554977547e3582e92ae54453729e5b2b006df067b3c5054bf49a6923,2021-10,Staffordshire Police,Staffordshire Police,-2.029812,52.688171,On or near Supermarket,E01029360,Cannock Chase 012B,Unable to prosecute suspect
333cf3e130985eb41411ac34008b19127d9189224d979fe98a98e6fb15b78d89,2021-10,Staffordshire Police,Staffordshire Police,-2.123136,52.804858,On or near DERBY STREET,E01029701,Stafford 010E,Unable to prosecute suspect
21aed57a98cff6481a73cc08a1a69b1cace8eb392723ade80a22d8463763d5e3,2021-10,Staffordshire Police,Staffordshire Police,-2.173284,53.026894,On or near HUNTBACH STREET,E01014287,Stoke-on-Trent 015D,Suspect charged
66e709a9028662757258d6f09e8a0e5e5c970d6d3c105731589aedafc5944b31,2021-10,Staffordshire Police,Staffordshire Police,-2.223715,53.077167,On or near LATEBROOK CLOSE,E01014357,Stoke-on-Trent 002A,Unable to prosecute suspect
57cc91febc224d7dfb6a4a9794ab96ac99442d02700fc3d53ba1ad482e3ac159,2021-10,Staffordshire Police,Staffordshire Police,-1.664262,52.624862,On or near BANCROFT,E01029845,Tamworth 007D,Further action is not in the public interest
d569699f346f8d0ec2c526f57d0806134985e9c174ce7625a88ed5504e05dba9,2021-10,Staffordshire Police,Staffordshire Police,-2.085500,52.810968,On or near WESTON ROAD,E01029723,Stafford 011C,Formal action is not in the public interest
4d26f58309a7b68198bbd55b9c778b8f7c019e4578b68c28d22a4bc3f92cb8ea,2021-10,Staffordshire Police,Staffordshire Police,-2.129388,52.787232,On or near NORFOLK WAY,E01029717,Stafford 013C,Further action is not in the public interest
fa9793ab39de4006fa129324c26d7e2dda630ec5ee8119acffb3348d63deac98,2021-10,Staffordshire Police,Staffordshire Police,-2.142940,53.026188,On or near CENTRAL AVENUE,E01014219,Stoke-on-Trent 014B,Further action is not in the public interest
a8261bf14869257910b27967a724d77ad1b02eb5ac3c094bb1ad1c967edcee8e,2021-10,Staffordshire Police,Staffordshire Police,-1.981578,52.700651,On or near WATERLILY CLOSE,E01029391,Cannock Chase 009D,Investigation complete; no suspect identified
98e5af42a068436cfa7d3421f43abfcd0ab423d9752928122ef1619830fb0c1f,2021-10,Staffordshire Police,Staffordshire Police,-2.169948,53.005217,On or near Further/Higher Educational Building,E01014276,Stoke-on-Trent 020C,Further action is not in the public interest
a113824c282cddebd3e854def4334be38edbd25bda201d83246d63d20fabf28c,2021-10,Staffordshire Police,Staffordshire Police,-2.166017,53.009969,On or near VICTORIA ROAD,E01014282,Stoke-on-Trent 016D,Investigation complete; no suspect identified
844b46720a75d6b217977ed5012b65d7d1dadcbc4c11da16c4615efac588a045,2021-10,Staffordshire Police,Staffordshire Police,-2.179853,53.021922,On or near Parking Area,E01014287,Stoke-on-Trent 015D,Investigation complete; no suspect identified
4e46accbad750c91d69f4abd7f935c96128428ae11e05716b5f05d37b919f4a4,2021-10,Staffordshire Police,Staffordshire Police,-2.215039,53.028453,On or near CHURCH LANE,E01029611,Newcastle-under-Lyme 008E,Unable to prosecute suspect
8a0f2a0d493154e134ee474907398056175ee146d2c5b42a828f4893d644c06b,2021-10,Staffordshire Police,Staffordshire Police,-2.079527,52.805687,On or near ST THOMAS LANE,E01029732,Stafford 011E,Suspect charged
4fd155a0b8050b42a5b40f40b6caf374888b9ece7db8803d7fb1ccaf2b68e276,2021-10,Staffordshire Police,Staffordshire Police,-1.715756,52.636917,On or near DOWNING DRIVE,E01029836,Tamworth 002B,Unable to prosecute suspect
71e3df588ac378ae87e58e1e3c86a95fc8ac503014105a111af29541ea397ef9,2021-10,Staffordshire Police,Staffordshire Police,-2.221519,53.024405,On or near MAUREEN GROVE,E01029577,Newcastle-under-Lyme 009A,Unable to prosecute suspect
e4d65ec8ba8a1ad7c3cdd77dc96c8cfe5f431325ac1f43ec05c9ca68b946b674,2021-10,Staffordshire Police,Staffordshire Police,-2.156215,53.044051,On or near REPINGTON ROAD,E01014269,Stoke-on-Trent 010A,Investigation complete; no suspect identified
d8bef7c80512e976c8c6f6e6aa798e8fece76aa1f003eee46cdec34546fc5579,2021-10,Staffordshire Police,Staffordshire Police,-2.211755,53.061206,On or near KEELE STREET,E01014361,Stoke-on-Trent 005D,Investigation complete; no suspect identified
136253aa0732ea7784bd14c650144f3d503d4f9f65ad9f092b9401fc5a815d6b,2021-10,Staffordshire Police,Staffordshire Police,-2.146864,52.908434,On or near LOTUS COURT,E01029746,Stafford 003D,Investigation complete; no suspect identified
5f2259ac9cc7262e22afeed6a82963a4c6c0e98df8e1fc63bb82fa6fb360ba89,2021-10,Staffordshire Police,Staffordshire Police,-2.167994,53.062094,On or near MALLORIE ROAD,E01014336,Stoke-on-Trent 004D,Investigation complete; no suspect identified
04fb1f3506d2c373c5e19806441409722e144833358dc202c18fad91f1e99f99,2021-10,Staffordshire Police,Staffordshire Police,-2.096775,52.757544,On or near MOATHOUSE CLOSE,E01029656,South Staffordshire 001B,Investigation complete; no suspect identified
9d5810da487f1c5e7984fe6d4016230e9d7dd01b05f0d0e81ee7fb62781fc272,2021-10,Staffordshire Police,Staffordshire Police,-1.927124,52.671863,On or near LOFTUS COURT,E01029529,Lichfield 010D,Investigation complete; no suspect identified
44e2a775775038d4a3cb8d2f3d1fbb1fe4490597e1527b400b20b19e40c57f4a,2021-10,Staffordshire Police,Staffordshire Police,-1.985633,52.790574,On or near CHILWELL AVENUE,E01029711,Stafford 008C,Further action is not in the public interest
4ea804fcfb50c628955c63f3ad810a74e63372f3046864a59756d38b48da8ad3,2021-10,Staffordshire Police,Staffordshire Police,-1.692931,52.631961,On or near Parking Area,E01029835,Tamworth 002A,Investigation complete; no suspect identified
670b558640d881a9e8f5074507fb7e15bae2eca7b4d2e69bbff7fd0f7c08a2e6,2021-10,Staffordshire Police,Staffordshire Police,-1.930866,52.709020,On or near HIGH MEADOW,E01029398,Cannock Chase 006B,Investigation complete; no suspect identified
9c123df0be46957a26f13868bbfcb995ea755829ec2b53febaa0dec5d8ad25b7,2021-10,Staffordshire Police,Staffordshire Police,-2.225624,52.991263,On or near Supermarket,E01029591,Newcastle-under-Lyme 014C,Unable to prosecute suspect
f4ed868b5d0c6371590e4b2629ac9be5b1d13d762ac34bc716f0680e6a9e25a5,2021-10,Staffordshire Police,Staffordshire Police,-2.015703,52.661636,On or near JOHNS LANE,E01029644,South Staffordshire 005E,Unable to prosecute suspect
183a85a0eba819505ad55fdb2699f23243b86ce4a78d05b6cfcfbbe81bcac5c9,2021-10,Staffordshire Police,Staffordshire Police,-2.133868,53.057454,On or near BROOKFIELD ROAD,E01014215,Stoke-on-Trent 007B,Unable to prosecute suspect
090ac60d1ef645e7bbec186f61f36d46ee022939b3d12b5cb1ba3c6c9a105042,2021-10,Staffordshire Police,Staffordshire Police,-1.880658,52.905382,On or near PENNYCROFT ROAD,E01029431,East Staffordshire 002B,Unable to prosecute suspect
8a0910dc63acee6ae6d87cb8adaf5c4c8ce5c479b99f7c4eee4d9d8bd2e56236,2021-10,Staffordshire Police,Staffordshire Police,-2.011582,53.112677,On or near WESTMINSTER ROAD,E01029810,Staffordshire Moorlands 001E,Unable to prosecute suspect
3486e76351eb275ff01dfeb9eb58a43697dd625ad8e354b649887d6b31217598,2021-10,Staffordshire Police,Staffordshire Police,-1.633723,52.800510,On or near Shopping Area,E01032896,East Staffordshire 011F,Investigation complete; no suspect identified
fa61427e2a8844246ede6ca5f78b9a6cf55d5762a33591f72974276bbecae7b4,2021-10,Staffordshire Police,Staffordshire Police,-1.929983,52.761420,On or near LEATHERMILL LANE,E01029404,Cannock Chase 002E,Investigation complete; no suspect identified
046fdecb468e2f970795f0ace91b513d635e45e543b8709b9763a01e8614d25c,2021-10,Staffordshire Police,Staffordshire Police,-2.178443,53.027102,On or near NEW HALL STREET,E01014287,Stoke-on-Trent 015D,Unable to prosecute suspect
85d0c7cf3dd857632edb1082522f1281210be4649cbd0edd81f8f3d40d8403ac,2021-10,Staffordshire Police,Staffordshire Police,-1.915100,52.679793,On or near DALE DRIVE,E01029475,Lichfield 009A,Unable to prosecute suspect
d199903e8cef6c59caa64d8643cff79980b1a01da8d04c9783e1a178d2ce5104,2021-10,Staffordshire Police,Staffordshire Police,-2.190520,53.050752,On or near LORNE STREET,E01014247,Stoke-on-Trent 009A,Investigation complete; no suspect identified
76d44f84e441e7db9bcaab12ec26429ae0491f1e31f8c1d13b6db6a67d1c4536,2021-10,Staffordshire Police,Staffordshire Police,-2.190520,53.050752,On or near LORNE STREET,E01014247,Stoke-on-Trent 009A,Investigation complete; no suspect identified
6b1875b0a566c1d099bf7ead6141c215074d6bd79f34902578fbd73c2a4ed69c,2021-10,Staffordshire Police,Staffordshire Police,-1.650725,52.805452,On or near SHOBNALL ROAD,E01029448,East Staffordshire 009D,Investigation complete; no suspect identified
474f729c0590710bab189dacea2595e69b6cfb0d1c444ce500f0011d2e7141c5,2021-10,Staffordshire Police,Staffordshire Police,-2.189178,53.037252,On or near WATERLOO ROAD,E01014254,Stoke-on-Trent 011C,Investigation complete; no suspect identified
fb778c86ad689110f40972bf5d24299b8e73f2443919e1f91333c006ffdf22b0,2021-10,Staffordshire Police,Staffordshire Police,-2.025432,52.687345,On or near FAIRMOUNT DRIVE,E01029360,Cannock Chase 012B,Investigation complete; no suspect identified
eda3f77119491e3d0ca941356e2d6179752736626639407c3fae0cfb0e5d6839,2021-10,Staffordshire Police,Staffordshire Police,-1.671517,52.608872,On or near PARSON STREET,E01032902,Tamworth 010G,Unable to prosecute suspect
18022996427874763d014f98c91f76f96a5a26c622de5d7dcdad530952a71766,2021-10,Staffordshire Police,Staffordshire Police,-1.640604,52.806051,On or near MOSLEY STREET,E01032896,East Staffordshire 011F,Formal action is not in the public interest
01f02ad73f7e21532424f01aa1a3deb169b906c1a2eb958dd0d073d6728b3d13,2021-10,Staffordshire Police,Staffordshire Police,-1.624779,52.793588,On or near THE DINGLE,E01029451,East Staffordshire 014C,Unable to prosecute suspect
a9ffb0aeba85a1c7629ec0bc1c8b0d1731c463e7df464275839aac384c06e538,2021-10,Staffordshire Police,Staffordshire Police,-1.693834,52.636000,On or near Parking Area,E01029835,Tamworth 002A,Investigation complete; no suspect identified
fd5c6f8f3fa65835a7d81d9e05c986ba3e3a5b7b84481266a7369e0d2e67a0b3,2021-10,Staffordshire Police,Staffordshire Police,-2.113072,52.716519,On or near BOSCOMOOR COURT,E01029658,South Staffordshire 001D,Unable to prosecute suspect
662c6dd7942602da417234883ff9207a499a43f5ee7bc04c05f29664f1f4b42c,2021-10,Staffordshire Police,Staffordshire Police,-2.244186,53.007020,On or near OBAN CLOSE,E01029600,Newcastle-under-Lyme 014D,Unable to prosecute suspect
3d2ec87c8f77dd283c3b1ddc3770419b966015dc759e14518dfac24781ed8de0,2021-10,Staffordshire Police,Staffordshire Police,-1.661794,52.634573,On or near FLORENDINE STREET,E01029823,Tamworth 004A,Unable to prosecute suspect
fc93bd85321c32948bcf4a018953c69c3bd76422db9a00722d3c15f43974416e,2021-10,Staffordshire Police,Staffordshire Police,-2.240568,53.036998,On or near ROSENDALE AVENUE,E01029558,Newcastle-under-Lyme 006E,Unable to prosecute suspect
9b615fcb2d6942c81b12e59a13baa476476b20a858a5f0103650fa321c860aee,2021-10,Staffordshire Police,Staffordshire Police,-2.115239,52.814134,On or near CORPORATION STREET,E01029694,Stafford 010C,Unable to prosecute suspect
9e8d96ca96c5838223b32713b13d324749a7def487b041029f7a86b2d58b65fd,2021-10,Staffordshire Police,Staffordshire Police,-2.009669,52.716213,On or near GREEN HEATH ROAD,E01029384,Cannock Chase 005A,Investigation complete; no suspect identified
f2d5012edde78664953a4e1acdda09a103dc6156b632b462aa3835b10a798ad5,2021-10,Staffordshire Police,Staffordshire Police,-2.081006,52.970505,On or near BLYTHE CLOSE,E01029702,Stafford 001A,Unable to prosecute suspect
3afac4c06b737bf213885ca081c95fdc1060423f5806d8f642c6e0e24d8073d1,2021-10,Staffordshire Police,Staffordshire Police,-2.088691,52.971318,On or near Petrol Station,E01014315,Stoke-on-Trent 033A,Investigation complete; no suspect identified
9195fd5ae38b7481a08a0bbc65e85f8512c2899c8bcc140045c3b22977953f4a,2021-10,Staffordshire Police,Staffordshire Police,-2.177415,53.027185,On or near NEW HALL STREET,E01014287,Stoke-on-Trent 015D,Unable to prosecute suspect
e1c55e30c03cc572197980747a74342e31b5c886a1aa05889280c159ca492134,2021-10,Staffordshire Police,Staffordshire Police,-2.142961,52.987418,On or near HEATHCOTE ROAD,E01014313,Stoke-on-Trent 027D,Unable to prosecute suspect
88ba82130b2000d491ab60250d60bde4c9656d77cd207ea68c8923ff2e64f461,2021-10,Staffordshire Police,Staffordshire Police,-2.157112,52.905229,On or near HARTLEY DRIVE,E01029744,Stafford 003B,Unable to prosecute suspect
ccf0965723844c2d30a50c9bd6c61ee6f2f2747d511203a72e07bdfeb0c74c01,2021-10,Staffordshire Police,Staffordshire Police,-1.619032,52.785955,On or near CHERRYTREE ROAD,E01029452,East Staffordshire 014D,Unable to prosecute suspect
89c0fa77dc9564e5baafde6a7e30ed842e4ab5785703ecfa7c8a450a346e33d0,2021-10,Staffordshire Police,Staffordshire Police,-2.175147,53.023224,On or near Theatre/Concert Hall,E01014287,Stoke-on-Trent 015D,Investigation complete; no suspect identified
907d60c23d11f4c0b07d596e6e2049d4ca2ad75f9f372bf0b0c81c66e9778cd5,2021-10,Staffordshire Police,Staffordshire Police,-1.666169,52.793594,On or near SPINNEY ROAD,E01029413,East Staffordshire 013A,Formal action is not in the public interest
d65f79589152125be9e93ce3503c7488a66d18cb0f27e65d65fec05e9f64cbfa,2021-10,Staffordshire Police,Staffordshire Police,-2.109457,52.797815,On or near Sports/Recreation Area,E01029699,Stafford 010D,Unable to prosecute suspect
24472fe6da74fc91210dbbb09c37c9741d0279f3e2230060eba6d206dbc11d58,2021-10,Staffordshire Police,Staffordshire Police,-1.701592,52.616395,On or near SUFFOLK WAY,E01029837,Tamworth 005B,Unable to prosecute suspect
8a21d56aeb549770fa24a056404ffaacab35ea5ef5dd4988396cc4a20e5a454a,2021-10,Staffordshire Police,Staffordshire Police,-2.016149,52.667120,On or near Petrol Station,E01029642,South Staffordshire 004G,Unable to prosecute suspect
667ee5fff556bd08fa637000bac668b3352a472737b5125bb991bf6632308979,2021-10,Staffordshire Police,Staffordshire Police,-2.182068,53.020301,On or near YATES STREET,E01014287,Stoke-on-Trent 015D,Investigation complete; no suspect identified
b5ac51987b36f61d5e53e4ab428b77da08f4c83b8fafd75f25bf2f7dde7cd9f2,2021-10,Staffordshire Police,Staffordshire Police,-1.835217,52.686488,On or near LILLINGTON CLOSE,E01032899,Lichfield 004F,Further investigation is not in the public interest
865ce0d17fb7bad2afe72b411c165c1497037bb944ee6a6c8d546dde6a56f2a5,2021-10,Staffordshire Police,Staffordshire Police,-2.175479,53.024149,On or near Shopping Area,E01014287,Stoke-on-Trent 015D,Investigation complete; no suspect identified
d846d65958d58f2044b6e22535e890accc7771dfa865e42a2478d3d0f42aa6ca,2021-10,Staffordshire Police,Staffordshire Police,-2.156160,53.000076,On or near ELLIOT ROAD,E01014274,Stoke-on-Trent 020A,Investigation complete; no suspect identified
014f4a71cf947a68d809ff93ad535511a5af79d8dc87754b290737d5b9d36dc5,2021-10,Staffordshire Police,Staffordshire Police,-2.173475,53.026139,On or near Shopping Area,E01014287,Stoke-on-Trent 015D,Investigation complete; no suspect identified
37b7a7ed9a1bf5e3058b67f3caaa02072555afc036e1e883195badb0ab11bd05,2021-10,Staffordshire Police,Staffordshire Police,-2.128143,53.018933,On or near RUTHIN ROAD,E01014220,Stoke-on-Trent 017A,Action to be taken by another organisation
a95274845c442e138c7cf4da19f2d21429345c0d32a1414ebdf2809ef16257d9,2021-10,Staffordshire Police,Staffordshire Police,-2.133655,52.983977,On or near FARMER STREET,E01014306,Stoke-on-Trent 029B,Unable to prosecute suspect
28c9394da51be13d642de61e904e9e23a00b31d7fe2b0f72d7599f03f6344c68,2021-10,Staffordshire Police,Staffordshire Police,-2.220968,53.044955,On or near WINGHAY CLOSE,E01029537,Newcastle-under-Lyme 006A,Investigation complete; no suspect identified
ad3fbd60a116bf3cb2b14a9ab8843646419e2d078b7295031bb6d0c232ee838b,2021-10,Staffordshire Police,Staffordshire Police,-2.115807,52.804524,On or near BRIDGE STREET,E01029701,Stafford 010E,Unable to prosecute suspect
280cceda85b48f25260e21bd5252ca6cb9659f20d519c9965f2a1800699e92c9,2021-10,Staffordshire Police,Staffordshire Police,-1.639805,52.800358,On or near UXBRIDGE STREET,E01032898,East Staffordshire 011H,Unable to prosecute suspect
bae3ba1c5c35f1dde383171c4865546de5423c8808e5c34e2d4649dc140789a7,2021-10,Staffordshire Police,Staffordshire Police,-1.651339,52.609623,On or near SYKESMOOR,E01029857,Tamworth 008C,Unable to prosecute suspect
4bc7416600e38f639e9047f92934bc75b61d854bb42af19dd91f30096ebf42c5,2021-10,Staffordshire Police,Staffordshire Police,-2.190843,53.059543,On or near Supermarket,E01014243,Stoke-on-Trent 006C,Investigation complete; no suspect identified
68c191e525186090cacadd963520047a3adfe671f644e7babd9c22448508ca70,2021-10,Staffordshire Police,Staffordshire Police,-2.020169,53.104658,On or near TALBOT STREET,E01029804,Staffordshire Moorlands 005A,Unable to prosecute suspect
74ae4f90d6c4cd1f79ece9c23db5d1e92526bb96415ed4c406a9ca93d2fd586e,2021-10,Staffordshire Police,Staffordshire Police,-2.173284,53.026894,On or near HUNTBACH STREET,E01014287,Stoke-on-Trent 015D,Investigation complete; no suspect identified
739522a66ee7510127e2a5ee89336188b83f9684a909c062f6d028097b1d8436,2021-10,Staffordshire Police,Staffordshire Police,-2.209998,53.061973,On or near MEIR STREET,E01014355,Stoke-on-Trent 005B,Further action is not in the public interest
adf7f473bae7d36eb49ebd8c5bc03393697257226f5461bcf694748e07b1bbb3,2021-10,Staffordshire Police,Staffordshire Police,-2.165862,53.062780,On or near SMITHYFIELD ROAD,E01014336,Stoke-on-Trent 004D,Investigation complete; no suspect identified
e43ceb24860adcf1f7f66e45c45b97f074cf9fa4463f1805f162730486cef3a6,2021-10,Staffordshire Police,Staffordshire Police,-2.118131,52.802607,On or near Sports/Recreation Area,E01029701,Stafford 010E,Investigation complete; no suspect identified
d7c0a4eadd0b88c693fcd37e94410eb80cabaf1942b19f9d6d8fb75ee6d9cad5,2021-10,Staffordshire Police,Staffordshire Police,-1.832116,52.696705,On or near FRANCIS ROAD,E01029499,Lichfield 004B,Further investigation is not in the public interest
ee0e44d1d8f5f78d6bdf95ceb7d87685d6c37e9f2fe313b580298bfccb525b30,2021-10,Staffordshire Police,Staffordshire Police,,,No location,,,Investigation complete; no suspect identified
02862c7dbd1c4e911cfed00587fbbd2ceed4566eb7a71c321d95f29ec90ced49,2021-10,Staffordshire Police,Staffordshire Police,-1.666028,52.621909,On or near IVATT,E01029840,Tamworth 007A,Action to be taken by another organisation
99fbf9fbc57ee26bdd670fa664257512a9dcc2ef56551d008e3afb010555a78b,2021-10,Staffordshire Police,Staffordshire Police,-2.173475,53.026139,On or near Shopping Area,E01014287,Stoke-on-Trent 015D,Unable to prosecute suspect
2f9aa4fc2768fb4db84f2c8292853052de9db88ad7970187d78d86b88eedf84a,2021-10,Staffordshire Police,Staffordshire Police,-2.092931,52.983333,On or near BONDFIELD WAY,E01014366,Stoke-on-Trent 028B,Unable to prosecute suspect
40480c83eee2aa42d853461b15fd1a850caa337ffd6981dc10e45d1616235661,2021-10,Staffordshire Police,Staffordshire Police,-2.175776,53.027421,On or near Shopping Area,E01014287,Stoke-on-Trent 015D,Unable to prosecute suspect
063a86f520bb6f342ee27ec811ac4a9fe38393c2182e042a708161ec98331196,2021-10,Staffordshire Police,Staffordshire Police,-2.208688,52.527272,On or near B4176,E01029680,South Staffordshire 012E,Investigation complete; no suspect identified
eb65506c2e17af0ed12513fee90a3b825f8515107d0261193bfce8738e7c629f,2021-10,Staffordshire Police,Staffordshire Police,-2.167143,53.015792,On or near CORNES STREET,E01033216,Stoke-on-Trent 016G,Formal action is not in the public interest
c8b5a7baae6e46dace2db2bc5a66134e25586eb75beec6ebe487390057b146a4,2021-10,Staffordshire Police,Staffordshire Police,-2.222806,53.048439,On or near LEIGH LANE,E01029536,Newcastle-under-Lyme 004A,Unable to prosecute suspect
bdeec349fb32481fce314854843a3da8a7f3be23bd903ceac2bcdcf668b1e47f,2021-10,Staffordshire Police,Staffordshire Police,-2.149572,52.978106,On or near CRITCHLOW GROVE,E01014233,Stoke-on-Trent 026A,Unable to prosecute suspect
eb4ece99c65ef3fde84e2f8d8ecab51991d1f3924a6f3b24827ade769b7a3df1,2021-10,Staffordshire Police,Staffordshire Police,-1.807520,52.673923,On or near WOODFIELDS DRIVE,E01029520,Lichfield 005E,Investigation complete; no suspect identified
a179065be3d45d90edd3d47be6b943e4d0a1cb12ee447a97d3a75f568d1b5ef2,2021-10,Staffordshire Police,Staffordshire Police,-2.172268,53.112382,On or near OAKDENE WAY,E01029763,Staffordshire Moorlands 003A,Investigation complete; no suspect identified
f21a8236bfe1535b91d6beed344a6aa25a61026b6d2f32a4a3842308db42b3f2,2021-10,Staffordshire Police,Staffordshire Police,-2.080252,52.813048,On or near WESTON ROAD,E01029732,Stafford 011E,Unable to prosecute suspect
1f12083da1df99bd510c8610622172723bb3961bc8cd8b25fdcb1f079628b656,2021-10,Staffordshire Police,Staffordshire Police,-1.806350,52.687757,On or near PENNYS CROFT,E01029524,Lichfield 005F,Unable to prosecute suspect
4b34fd3d1102a7ce6b75fdbdba65c308ac87028a117e5a2b88c92b3dd5277cd0,2021-10,Staffordshire Police,Staffordshire Police,-2.175776,53.027421,On or near Shopping Area,E01014287,Stoke-on-Trent 015D,Investigation complete; no suspect identified
1f5e53a27ca27921abf1899117e17a0918fb49553eb4054edaea8c56c162648a,2021-10,Staffordshire Police,Staffordshire Police,-2.369153,52.785703,On or near Sports/Recreation Area,E01029708,Stafford 015D,Investigation complete; no suspect identified
2e51baaf16259bb5d7e5be1ce52fcd57e5f657b07762d3783b855e0b23d6c276,2021-10,Staffordshire Police,Staffordshire Police,-1.665675,52.598445,On or near JERVIS ROAD,E01029869,Tamworth 010E,Unable to prosecute suspect
e7d0a45ecb3e2bfcb80e76706db02dc69791277d84a45882d937791fb867e583,2021-10,Staffordshire Police,Staffordshire Police,-2.137054,52.989681,On or near MOULTON ROAD,E01014302,Stoke-on-Trent 022D,Unable to prosecute suspect
90022abbe7e769748b10a8ef64e2f9de148bbacbc577964b2565af005344bd57,2021-10,Staffordshire Police,Staffordshire Police,-2.193217,53.003357,On or near GRESTY STREET,E01014295,Stoke-on-Trent 019B,Investigation complete; no suspect identified
ca626fe0339c653c057f48495708bd0832a2cdfde35e3eab37c7f537ee45b0bf,2021-10,Staffordshire Police,Staffordshire Police,-1.703975,52.626523,On or near VENTURA PARK ROAD,E01029837,Tamworth 005B,Investigation complete; no suspect identified
621787cddb81daecf91ec1650224b4e1b0b574ebdb694afd2a2da1fe114c7973,2021-10,Staffordshire Police,Staffordshire Police,-2.163339,53.003276,On or near EDWARD STREET,E01014276,Stoke-on-Trent 020C,Unable to prosecute suspect
dfc50ad42654d628a54368ee06d72fc2fc18a798c913ef2276693418f7e90f15,2021-10,Staffordshire Police,Staffordshire Police,-2.239484,53.021700,On or near Supermarket,E01029554,Newcastle-under-Lyme 010B,Investigation complete; no suspect identified
fbf9f73da9e7ead378172684fe4cb1739df835db43a38e691a364931b37d40ba,2021-10,Staffordshire Police,Staffordshire Police,-2.177097,53.026053,On or near Nightclub,E01014287,Stoke-on-Trent 015D,Investigation complete; no suspect identified
cbbaa579480c2fe635c8c9c404841b0f4fc136be0a90d802661eca8b4cc573fc,2021-10,Staffordshire Police,Staffordshire Police,-2.213284,53.038389,On or near ORFORD STREET,E01029584,Newcastle-under-Lyme 008B,Suspect charged
09dc1dad762d2d4bca6ffa08d0a01fc96a102f3251dc123b01df201410107b76,2021-10,Staffordshire Police,Staffordshire Police,-2.215233,53.064535,On or near SMITH CHILD STREET,E01014361,Stoke-on-Trent 005D,Unable to prosecute suspect
521fa415e68d5e7883a2ac2376bce4589000e5aee21d04caae74dc082b71eba5,2021-10,Staffordshire Police,Staffordshire Police,-2.174962,53.025229,On or near PERCY STREET,E01014287,Stoke-on-Trent 015D,Unable to prosecute suspect
76e0d05492cdb6d0de08f5859b35772a09232b38fbc6fd58e02cc094366ec6a2,2021-10,Staffordshire Police,Staffordshire Police,-2.141037,52.904584,On or near COPPICE ROAD,E01029745,Stafford 003C,Unable to prosecute suspect
0cd657e223bbee416e894175963597920fd876b55295fda61e83b20c490d0c07,2021-10,Staffordshire Police,Staffordshire Police,-2.025397,53.106337,On or near Parking Area,E01029804,Staffordshire Moorlands 005A,Investigation complete; no suspect identified
12fd15b9af0220a45750e90d5b9f84928bf92f6c3b9f6d1ccd6f11c67d7771fe,2021-10,Staffordshire Police,Staffordshire Police,-1.924967,52.678856,On or near CEDAR ROAD,E01029527,Lichfield 010B,Unable to prosecute suspect
5846db245e73da3524b448610e8f9b1d873db28bc3606c116bd49a8f3975527e,2021-10,Staffordshire Police,Staffordshire Police,-2.012283,53.108353,On or near SHAW PLACE,E01029810,Staffordshire Moorlands 001E,Unable to prosecute suspect
adca72a15210e15367345a59e7930d384b344cd30019cb8b8a4534ab2e4be294,2021-10,Staffordshire Police,Staffordshire Police,-2.209280,53.003150,On or near HILTON ROAD,E01014294,Stoke-on-Trent 018F,Further action is not in the public interest
fa4c95237258f6f6a25fdfeeb37cfd09213a1e486915ec3799a54cc269389bd1,2021-10,Staffordshire Police,Staffordshire Police,-2.023489,52.650164,On or near THE HOLLIES,E01029639,South Staffordshire 005B,Unable to prosecute suspect
0a7078686c220031a80a1cde918fc6bd816041a861b171eb8a39140f22261a9d,2021-10,Staffordshire Police,Staffordshire Police,-2.185191,53.049807,On or near GORDON STREET,E01014248,Stoke-on-Trent 006F,Unable to prosecute suspect
887b00b81540834def82b2155b036ce16d1c1a9539a710d6664804e55471cf13,2021-10,Staffordshire Police,Staffordshire Police,-1.765887,52.812459,On or near Airport/Airfield,E01029440,East Staffordshire 015B,Further action is not in the public interest
2c60a52820fd039efd4fd89d92e61b70167989dbd29bbdc9550b3a2f31fcbe94,2021-10,Staffordshire Police,Staffordshire Police,-2.160530,53.029222,On or near SANDYFIELD ROAD,E01014329,Stoke-on-Trent 013D,Investigation complete; no suspect identified
cacf3ca0a0f7678a5d3250167138a8632147c7f8d0e2e676769c37a375a5c3e2,2021-10,Staffordshire Police,Staffordshire Police,-2.215725,53.067276,On or near HIGH STREET (SANDYFORD),E01014360,Stoke-on-Trent 002D,Investigation complete; no suspect identified
a4fef92c87383a4edfd4e0a0f154fe30d570994717b5c36b7722e849cd015e84,2021-10,Staffordshire Police,Staffordshire Police,-2.028459,52.701620,On or near CEMETERY ROAD,E01029355,Cannock Chase 007B,Investigation complete; no suspect identified
722142cad07d154435ac455eb2c91c61e8de46800d53c6a38d2c610c6a21aada,2021-10,Staffordshire Police,Staffordshire Police,-2.175361,52.991285,On or near Sports/Recreation Area,E01014277,Stoke-on-Trent 020D,Formal action is not in the public interest
214c35cc4ff7b0203b14aa20b1ebc01957252685e07cd2e99379bc9143aae27d,2021-10,Staffordshire Police,Staffordshire Police,-2.111661,52.778297,On or near TEN BUTTS CRESCENT,E01029729,Stafford 016B,Suspect charged
ce5694d83848d191769837338f742df1d998a20a96b84b3bb66e4a3aac4c583d,2021-10,Staffordshire Police,Staffordshire Police,-2.164769,53.057757,On or near FORD GREEN ROAD,E01014331,Stoke-on-Trent 004A,Unable to prosecute suspect
f06c24e28afb9496901c041c8d1eea81bbf615cfd8f04850ff97ca11a01f5aec,2021-10,Staffordshire Police,Staffordshire Police,-1.641965,52.813714,On or near DALLOW STREET,E01029426,East Staffordshire 008A,Investigation complete; no suspect identified
eec0b1ede60a1b58b101d8c72d2fed108c19c255659c13e8b81c1a17283bb0b2,2021-10,Staffordshire Police,Staffordshire Police,-2.156730,52.976389,On or near BEACONSFIELD DRIVE,E01014236,Stoke-on-Trent 032B,Investigation complete; no suspect identified
73b307b5ccace0a487a209386c936bc2e442a73e81e650dfaebf83d099af2b89,2021-10,Staffordshire Police,Staffordshire Police,-2.000150,52.710883,On or near Parking Area,E01029389,Cannock Chase 005D,Unable to prosecute suspect
7bcb3518b23fe2fb558ed661811a4a54906a66bcdcc5e6e1fc75f023fa0d7dcc,2021-10,Staffordshire Police,Staffordshire Police,-1.703975,52.626523,On or near VENTURA PARK ROAD,E01029837,Tamworth 005B,Investigation complete; no suspect identified
0bc8e62f56eed74e92a9b4ae9da4a4a2d6a774c9f9526ba39b5fefa5a80f40ce,2021-10,Staffordshire Police,Staffordshire Police,-2.140144,53.032934,On or near NEWSTEAD ROAD,E01014210,Stoke-on-Trent 012A,Unable to prosecute suspect
bae09697293b74da53cd0fb969dd91851cdf989eb5670ff4d153ea97f5fecccc,2021-10,Staffordshire Police,Staffordshire Police,-1.635872,52.813120,On or near HORNINGLOW STREET,E01029426,East Staffordshire 008A,Unable to prosecute suspect
ea7a8c98a09e6e43954cd50fd3e99bc8d3b733601cb7f317550417ea2f87ada5,2021-10,Staffordshire Police,Staffordshire Police,-2.171871,52.967981,On or near LORDSWOOD ROAD,E01014236,Stoke-on-Trent 032B,Suspect charged
1b81f82162311ce40c82f7f736d146e126a3ded929f6ffc02c95a038a7ed0790,2021-10,Staffordshire Police,Staffordshire Police,-1.987068,52.954405,On or near NEW ROAD,E01029791,Staffordshire Moorlands 013E,Suspect charged
9c7b0905847ad4fdb73a511956547b30b04b500b8286461b6abb4989ec467bfc,2021-10,Staffordshire Police,Staffordshire Police,-1.698922,52.624461,On or near A5,E01029837,Tamworth 005B,Formal action is not in the public interest
c8e386a9ba73064f698e978d6398b19820eb3085993f4f4958c4cc70f7bbd336,2021-10,Staffordshire Police,Staffordshire Police,-1.870402,53.049037,On or near A523,E01029801,Staffordshire Moorlands 007A,Local resolution
9c2fedaf5ee7a0eea0c1155a0b9ef452a5d4be9179e287645b41110233a73601,2021-10,Staffordshire Police,Staffordshire Police,-1.869564,52.737537,On or near FOX LEIGH MEADOWS,E01029482,Lichfield 001C,Investigation complete; no suspect identified
6f5056398260b9a1bcbea67f298649ef97ba60505c10d439aefabcf098a2deeb,2021-10,Staffordshire Police,Staffordshire Police,-2.212236,53.025501,On or near CLIFTON STREET,E01029611,Newcastle-under-Lyme 008E,Offender given a caution
f3f5eb39e2d8994da5b6b556ddf2ded53473f54589aea036eb77378320189a97,2021-10,Staffordshire Police,Staffordshire Police,-1.699505,52.647143,On or near QUEENSWAY,E01029852,Tamworth 001D,Further action is not in the public interest
338b3348787368c82e5e056da69640d15e414f78fff55bec82dd17b8193b8126,2021-10,Staffordshire Police,Staffordshire Police,-1.839203,52.817902,On or near B5234,E01029411,East Staffordshire 006A,Unable to prosecute suspect
8dcc7e3934134ac8d1b5dec174486077250fae91c1f996a5d181d746862866fd,2021-10,Staffordshire Police,Staffordshire Police,-1.888472,52.902288,On or near BYRDS CLOSE,E01029430,East Staffordshire 002A,Unable to prosecute suspect
e1c0297ace559777bbc5cdede2394c49f8648ba449b709d41351b69126e3cf5d,2021-10,Staffordshire Police,Staffordshire Police,-2.190520,53.050752,On or near LORNE STREET,E01014247,Stoke-on-Trent 009A,Formal action is not in the public interest
487644413395233ad91d09b4464de48cf93b7f4e69aabb0fe154b0179b9c6767,2021-10,Staffordshire Police,Staffordshire Police,-2.108062,52.970600,On or near QUEENSMEAD ROAD,E01014319,Stoke-on-Trent 033C,Unable to prosecute suspect
10367b3844953a81f55856f7eb1455ce66d0982889b38da53a1234f2cc8abcac,2021-10,Staffordshire Police,Staffordshire Police,-2.237761,53.036482,On or near MOORTHORNE CRESCENT,E01029539,Newcastle-under-Lyme 006C,Further action is not in the public interest
490b2d8f8355cd88e5f9b3c5ef0a4b2eb75da225e1bb9211ed2677702b09c06c,2021-10,Staffordshire Police,Staffordshire Police,-2.186784,53.052609,On or near WILSON STREET,E01014245,Stoke-on-Trent 006E,Investigation complete; no suspect identified
eeb10b6c97103d941f6bdce814b168f34d843470455f8f25a051ed1f99858b6c,2021-10,Staffordshire Police,Staffordshire Police,-1.720560,52.812936,On or near B5017,E01029440,East Staffordshire 015B,Formal action is not in the public interest
5359fa45dfaf1721592e104184f0b5fe43303c0b1d42c15821a0e0a0138d32a4,2021-10,Staffordshire Police,Staffordshire Police,-1.826627,52.692867,On or near MILLER CLOSE,E01029501,Lichfield 004C,Unable to prosecute suspect
ea231d1a45af2edafc6d5faa8de85855ee952cde48a03520f6c85c545336c1af,2021-10,Staffordshire Police,Staffordshire Police,-1.827428,52.699826,On or near Sports/Recreation Area,E01029500,Lichfield 005D,Unable to prosecute suspect
05efab2a8e20b05c14a06c2b3f28386cf4710ac186fdfa4a3b492cda2f10b7a0,2021-10,Staffordshire Police,Staffordshire Police,-2.191183,52.968041,On or near ATHERSTONE ROAD,E01014349,Stoke-on-Trent 030C,Investigation complete; no suspect identified
d02f6649dba4086b05e452ef4346f60bde185e5f92adf8dc9a2b645038405d5d,2021-10,Staffordshire Police,Staffordshire Police,-2.048314,52.684129,On or near CONWAY ROAD,E01029363,Cannock Chase 012E,Unable to prosecute suspect
1c71634a46bc848e05d18fa56af75339465a595b3519f0f80c53333f3a3247bf,2021-10,Staffordshire Police,Staffordshire Police,-2.011724,52.709516,On or near WYVERN GROVE,E01029384,Cannock Chase 005A,Unable to prosecute suspect
f146ecca9453823f0c12a33822825543086c84543d476d8da817967272cb7853,2021-10,Staffordshire Police,Staffordshire Police,-2.173079,53.120803,On or near BRIARSWOOD,E01029774,Staffordshire Moorlands 003E,Unable to prosecute suspect
4bdb6ef64e85e235287d10a4b05e36d8de98b324d97c8784a8c068671af92640,2021-10,Staffordshire Police,Staffordshire Police,-2.255274,53.085184,On or near CEDAR AVENUE,E01029541,Newcastle-under-Lyme 003B,Unable to prosecute suspect
e58fd8a2b78e2c81a6b3db6b7fae3d7cd72272e8c1a180f5c45d896849d41705,2021-10,Staffordshire Police,Staffordshire Police,-1.828163,52.682252,On or near Shopping Area,E01029526,Lichfield 004E,Investigation complete; no suspect identified
44cf3f6c0c905d3a049ca7b382f7e8d5e64739fb334318c134c1220360be4730,2021-10,Staffordshire Police,Staffordshire Police,-2.205167,52.593830,On or near CHESHIRE GROVE,E01029664,South Staffordshire 011B,Unable to prosecute suspect
7cace8653ae9b5bf1b78e76124186f54901f61780f995b135176d33eb98528e2,2021-10,Staffordshire Police,Staffordshire Police,-2.103349,52.973445,On or near HARROWBY ROAD,E01014317,Stoke-on-Trent 031D,Suspect charged
bdee8eaeb2ef01de56a7044de908c0b0d5250c3cc39a81a58d9e62f2d9ebc795,2021-10,Staffordshire Police,Staffordshire Police,-1.640604,52.806051,On or near MOSLEY STREET,E01032896,East Staffordshire 011F,Investigation complete; no suspect identified
b3b0ff3b951d870d3aa716af03b3f4f97dea83e138ef6b9667afd0f1c9d35935,2021-10,Staffordshire Police,Staffordshire Police,-2.311073,52.862244,On or near VINEGAR HILL,E01029696,Stafford 005B,Investigation complete; no suspect identified
7cf61b8f626780c999fcbd269fc67478d2d713fd902aee4d11f1e8f0a79ee26d,2021-10,Staffordshire Police,Staffordshire Police,-1.701450,52.613383,On or near Sports/Recreation Area,E01029504,Lichfield 012D,Further investigation is not in the public interest
ebfbbb7c37767b66cf3d645ea04752f6621bdce85be5aecc5c03906d914c9c7a,2021-10,Staffordshire Police,Staffordshire Police,-2.209280,53.003150,On or near HILTON ROAD,E01014294,Stoke-on-Trent 018F,Unable to prosecute suspect
36f8fa01112a10af766fc0acdeff1a43801aaf48b33b04bdf2c5f93acf97300a,2021-10,Staffordshire Police,Staffordshire Police,-2.206445,52.989842,On or near ST JOHN'S AVENUE,E01014344,Stoke-on-Trent 023E,Investigation complete; no suspect identified
12c8698f6fc68c4b9ca325318b51325f1a35232ad9014e32852eeda1f3430698,2021-10,Staffordshire Police,Staffordshire Police,-2.141767,53.077419,On or near SYTCH ROAD,E01029775,Staffordshire Moorlands 008B,Unable to prosecute suspect
3af04356b8626fe0d01ce3de86b9fd7da5b28bf0ccce2b1795171b81c2925233,2021-10,Staffordshire Police,Staffordshire Police,-1.633746,52.803063,On or near Parking Area,E01032896,East Staffordshire 011F,Investigation complete; no suspect identified
dc480c4c73c0f0b43fb00152a03993201bae9b4a4c6ef4ede97eb91e5f6916ff,2021-10,Staffordshire Police,Staffordshire Police,-2.130204,53.000386,On or near BAMBURY STREET,E01014297,Stoke-on-Trent 021D,Action to be taken by another organisation
6547f29cfa1f87c53f494e6673cfbb1be26f6bea3f2f63d575d79321ed613222,2021-10,Staffordshire Police,Staffordshire Police,-1.676022,52.812787,On or near OAKLEY GRANGE,E01029417,East Staffordshire 013E,Unable to prosecute suspect
5e1931d35d836a4dca1b494e1ff619852672c1ac0d0388ce0525c58d6bc1412b,2021-10,Staffordshire Police,Staffordshire Police,-2.125403,52.829640,On or near ASHDALE DRIVE,E01029718,Stafford 006B,Unable to prosecute suspect
f7bfb34596eba329ccc87cf72fb8098f2bfd9c713cfd9ec55778bde09fe76d37,2021-10,Staffordshire Police,Staffordshire Police,-2.251863,53.014933,On or near ELLAM'S PLACE,E01029567,Newcastle-under-Lyme 010D,Unable to prosecute suspect
4b14476a87b37ea096cf75b508fa274edca8c9907bc3613ac7b9434cccb18834,2021-10,Staffordshire Police,Staffordshire Police,-2.219748,53.022215,On or near THE CROSSWAY,E01029578,Newcastle-under-Lyme 011B,Unable to prosecute suspect
8f4b04c3987c9682ca5365e3175e7a4c0eccc1f1d7b4af5c96c8f79dd57fb762,2021-10,Staffordshire Police,Staffordshire Police,-2.207830,53.051685,On or near Sports/Recreation Area,E01014356,Stoke-on-Trent 005C,Further action is not in the public interest
077c449eb91aea2738a8c72cdf34f3f13d910638d00cdc6a5c2bde643ff499e8,2021-10,Staffordshire Police,Staffordshire Police,-1.672916,52.633247,On or near Supermarket,E01029832,Tamworth 004C,Suspect charged
194142cfb39d81a536efcbf753cf4a96e60101036ed9e3caccffaf65a88c2aac,2021-10,Staffordshire Police,Staffordshire Police,-1.876682,53.028413,On or near A52,E01029795,Staffordshire Moorlands 010C,Investigation complete; no suspect identified
9db8af281d5dac71eacd6f329cf40c5eff5f042994ce90059775907324613183,2021-10,Staffordshire Police,Staffordshire Police,-2.098289,52.981387,On or near WESTWOOD ROAD,E01014367,Stoke-on-Trent 028C,Unable to prosecute suspect
4aac1ef936b4ed9e44c7aaa6b59ece1a536b9e07aa2c2bb8f20f8e238d4d4408,2021-10,Staffordshire Police,Staffordshire Police,-2.181345,52.961836,On or near PORLOCK GROVE,E01014352,Stoke-on-Trent 034D,Investigation complete; no suspect identified
60e134b0890dbfb228a2a35eedc07a4fec28573705b02013e666905ddbd03488,2021-10,Staffordshire Police,Staffordshire Police,-1.738737,52.641357,On or near NURSERY LANE,E01029517,Lichfield 008B,Investigation complete; no suspect identified
d1b57b13915e80b01beaf905dafcdee7e233a7fbe307e33f6b87cf29faccee31,2021-10,Staffordshire Police,Staffordshire Police,-2.177734,53.025054,On or near BRUNSWICK STREET,E01014287,Stoke-on-Trent 015D,Investigation complete; no suspect identified
9b3567f225a9a5b2d8c14db6d7b13680d02c2d08298fe7f8df44c3f350c9243c,2021-10,Staffordshire Police,Staffordshire Police,-2.202323,52.994137,On or near WOODBERRY AVENUE,E01014342,Stoke-on-Trent 023C,Investigation complete; no suspect identified
3ec39f9854bbc0e7407a08ec1fa5eb3dbd48f9318e5f9a3d66759d33f153ba64,2021-10,Staffordshire Police,Staffordshire Police,-1.722453,52.762447,On or near ST JAMES' ROAD,E01029441,East Staffordshire 015C,Unable to prosecute suspect
31a80f62629118a3c3978d0cdc7f65e2f6fe84af1bb701990ecd4971299f3542,2021-10,Staffordshire Police,Staffordshire Police,-2.155828,52.965873,On or near VENTNOR GROVE,E01014238,Stoke-on-Trent 032D,Unable to prosecute suspect
97eaeb8831d10825c72a534929a8820164c37e7f8911d6e2d1d5e0277cfb2807,2021-10,Staffordshire Police,Staffordshire Police,-2.174869,53.024330,On or near ALBION SQUARE,E01014287,Stoke-on-Trent 015D,Suspect charged
fc3d06467ffbe44fe4e206a68f31387a268a8c6c4d72758d6a3e9be218a5162c,2021-10,Staffordshire Police,Staffordshire Police,-2.108202,53.079836,On or near CHURCH LANE,E01029776,Staffordshire Moorlands 008C,Further investigation is not in the public interest
1c357b7704e6f21e476c3d77544bbce9759fb51626c4921bc461a6e6d3dbbf75,2021-10,Staffordshire Police,Staffordshire Police,-2.133816,52.824219,On or near SECOND AVENUE,E01029721,Stafford 007C,Further action is not in the public interest
933214c4e6459859a00d537169314ec74428d1a26088b225cf66938597aaaf23,2021-10,Staffordshire Police,Staffordshire Police,-2.181052,52.969999,On or near JAVA CRESCENT,E01014350,Stoke-on-Trent 034B,Unable to prosecute suspect
b0b08d332736f5314074f94d7b7695a06efd02429f95cc8e96114683fc401505,2021-10,Staffordshire Police,Staffordshire Police,-2.112195,52.778503,On or near ONE OAK RISE,E01029729,Stafford 016B,Unable to prosecute suspect
77b6081a2f297a773b0b5935cb2744827ceb948dc2dfad0e088a9d4eaf74bd75,2021-10,Staffordshire Police,Staffordshire Police,-2.173475,53.026139,On or near Shopping Area,E01014287,Stoke-on-Trent 015D,Suspect charged
159e7e3f6b7c8ef3e7644e6497d639dfd576c3540406fcefb2ff6b105bdebe25,2021-10,Staffordshire Police,Staffordshire Police,-2.208288,53.094049,On or near BULLOCKS HOUSE ROAD,E01029581,Newcastle-under-Lyme 001C,Investigation complete; no suspect identified
d85e7999645f5049b03188f0ec2224543d13578e5ed13cddf3e80e872a47dddb,2021-10,Staffordshire Police,Staffordshire Police,-2.141674,52.808262,On or near Sports/Recreation Area,E01029750,Stafford 007D,Investigation complete; no suspect identified
87c60fef8592f9021864b95d2d2c97bd199c7182c415136555334f7d61a83853,2021-10,Staffordshire Police,Staffordshire Police,-2.211755,53.061206,On or near KEELE STREET,E01014361,Stoke-on-Trent 005D,Investigation complete; no suspect identified
a22306dc2a2fe762dee7c82539a631f0fbcc784ac5e0f7f32e296c8f28e23129,2021-10,Staffordshire Police,Staffordshire Police,-2.101876,52.986795,On or near COYNEY GROVE,E01014365,Stoke-on-Trent 024C,Unable to prosecute suspect
1cf967cc64ec248f4c5a5e7b800ee716a225ecb3c31d040790776f46822c8009,2021-10,Staffordshire Police,Staffordshire Police,-2.226128,53.093181,On or near CASTLEVIEW ROAD,E01029563,Newcastle-under-Lyme 002B,Investigation complete; no suspect identified
b6659003f58f85a30fc31c8fda434a7bb6150912a69bd456a4f65f6e10d655e0,2021-10,Staffordshire Police,Staffordshire Police,-1.935648,52.668012,On or near POOL ROAD,E01029497,Lichfield 006E,Further action is not in the public interest
f2dca6e15f86bf528a781165ce98b6d235c0f7d4498ff80460128ddb48a66fb9,2021-10,Staffordshire Police,Staffordshire Police,-1.616797,52.837907,On or near SHREWSBURY ROAD,E01029455,East Staffordshire 005B,Unable to prosecute suspect
f2dca6e15f86bf528a781165ce98b6d235c0f7d4498ff80460128ddb48a66fb9,2021-10,Staffordshire Police,Staffordshire Police,-1.616797,52.837907,On or near SHREWSBURY ROAD,E01029455,East Staffordshire 005B,Unable to prosecute suspect
30f6f7a6d6acf9d87427e7bae663014d62d1b9c0bf5d4036b74c6c36096ea69e,2021-10,Staffordshire Police,Staffordshire Police,-2.172661,53.020306,On or near OGDEN ROAD,E01014287,Stoke-on-Trent 015D,Unable to prosecute suspect
90040b8dc062db556bc82f8e362411b57352a2ce3f998ed90e12cff037d0e702,2021-10,Staffordshire Police,Staffordshire Police,-1.641848,52.791815,On or near BARTON STREET,E01029410,East Staffordshire 011D,Further action is not in the public interest
e68bc679b31e209bc4e84c696229bd9162e5a2398afe79fff268a0ab3d825a84,2021-10,Staffordshire Police,Staffordshire Police,-2.250677,52.990395,On or near SARK CLOSE,E01029608,Newcastle-under-Lyme 015G,Investigation complete; no suspect identified
bb8dab18e900ab9d029215549a8ec40129451edb1a2b44ed02f74400743d1bc7,2021-10,Staffordshire Police,Staffordshire Police,-2.215568,53.012002,On or near BOUNDARY STRET,E01029603,Newcastle-under-Lyme 011D,Investigation complete; no suspect identified
2b87f7f2f26287e853e760e80a77282468a0cb5ee938c97e139704305f6991ff,2021-10,Staffordshire Police,Staffordshire Police,-2.005967,52.713840,On or near MILLICENT CLOSE,E01029387,Cannock Chase 005C,Unable to prosecute suspect
fc4729ddc45d890490dc8011e92e994756512342a5237eb4d2524902ff656c01,2021-10,Staffordshire Police,Staffordshire Police,-2.226344,52.992035,On or near WINDERMERE ROAD,E01029591,Newcastle-under-Lyme 014C,Further action is not in the public interest
644e02fe594751691be071823f8f6810b82ff76652a7ed466c422e721903caca,2021-10,Staffordshire Police,Staffordshire Police,-2.313945,52.753913,On or near WALNUT TREE LANE,E01029706,Stafford 015B,Unable to prosecute suspect
c812a562320ea589bed54fa57401b53b744080f0c1ed93f7e73623167497e7a4,2021-10,Staffordshire Police,Staffordshire Police,-2.155372,52.971564,On or near RIPON ROAD,E01014235,Stoke-on-Trent 032A,Further investigation is not in the public interest
e6d8231ee671d71a571b4b8847840812630fd663bf10ddbac1cfea5ce3ca37f0,2021-10,Staffordshire Police,Staffordshire Police,-2.183078,53.040678,On or near FRASER STREET,E01014249,Stoke-on-Trent 011A,Further action is not in the public interest
365d0f820bb50bb346aa77fc6251e7e90439648efdbb1376bb4037776d13b3f0,2021-10,Staffordshire Police,Staffordshire Police,-2.000786,52.703026,On or near BERRY HILL,E01029393,Cannock Chase 008E,Unable to prosecute suspect
6dbc5b889c722d27893a4452ce7ca42e8deea31eedf68eadaa184285d7be44e4,2021-10,Staffordshire Police,Staffordshire Police,-2.217283,53.012160,On or near ANDREW PLACE,E01029603,Newcastle-under-Lyme 011D,Unable to prosecute suspect
f6930438abf3a37e50ca1677c3c895c278a8f9ad8e8dafe8435a8e5c312f44d5,2021-10,Staffordshire Police,Staffordshire Police,-2.174643,53.027593,On or near TOWN ROAD,E01014287,Stoke-on-Trent 015D,Unable to prosecute suspect
796078858257443711fae746cb1292132c9ac9c81f30e160eaf84b7864cd0f36,2021-10,Staffordshire Police,Staffordshire Police,-1.690764,52.645862,On or near BOROUGH ROAD,E01029853,Tamworth 001E,Further action is not in the public interest
9441113c370540410a8acb817e86a7c9d2249d00d873d1970f4163605da288cc,2021-10,Staffordshire Police,Staffordshire Police,-2.184096,53.069513,On or near DEAKIN ROAD,E01014261,Stoke-on-Trent 003A,Action to be taken by another organisation
04b35cc442843a05cc8f5c6b925926669ce5106bdb337f1e5c5907319c2d4b5e,2021-10,Staffordshire Police,Staffordshire Police,-1.844098,52.718350,On or near SEEDY MILL LANE,E01029509,Lichfield 002D,Further action is not in the public interest
32b7d048fdd5ad7162bb8b72b6f706f73137c81c36be2ff415e0ab94f5f0d653,2021-10,Staffordshire Police,Staffordshire Police,-2.030293,52.699534,On or near CELTIC ROAD,E01029355,Cannock Chase 007B,Further action is not in the public interest
fbe5ac14acd87e4c662be0ce7f0a4a3e604777db968b22f24d8ad8ddc10905de,2021-10,Staffordshire Police,Staffordshire Police,-2.160375,52.983611,On or near WILLOW GROVE,E01014240,Stoke-on-Trent 026D,Unable to prosecute suspect
f9e45e3c809cfa8976a3b94066cd57dbf45f217b1a4c7cb63ee0b1a7353dc432,2021-10,Staffordshire Police,Staffordshire Police,-2.160042,52.969939,On or near PENTON PLACE,E01014235,Stoke-on-Trent 032A,Action to be taken by another organisation
9c7111e0d71bcb57fc9159fe9758d0575969f9159ffff3dc91fad239030c5375,2021-10,Staffordshire Police,Staffordshire Police,-2.049167,52.679220,On or near WOLVERHAMPTON ROAD,E01029361,Cannock Chase 012C,Investigation complete; no suspect identified
d505a73487ad06495738ea88276c99774a792d9b9c5a796e5eeed99d000d8c18,2021-10,Staffordshire Police,Staffordshire Police,-1.920891,52.675365,On or near KEEPER'S CLOSE,E01029528,Lichfield 010C,Unable to prosecute suspect
68c862a87e21df6f4d8d2bb1fbe3717b60352b402b37edb34608081950e7d0f8,2021-10,Staffordshire Police,Staffordshire Police,-2.185366,53.000268,On or near BOOTH STREET,E01014345,Stoke-on-Trent 019E,Investigation complete; no suspect identified
7e385794975a31af28bfdc9204d09703db6b60e37592c5b48437088cd2a38f0a,2021-10,Staffordshire Police,Staffordshire Police,-2.107178,52.649363,On or near Sports/Recreation Area,E01029637,South Staffordshire 006D,Suspect charged
6b6c6f3e5d46e89e6667d3f75a089beebae7c17dec052561422f8bb2521061ad,2021-10,Staffordshire Police,Staffordshire Police,-2.048178,52.787940,On or near Sports/Recreation Area,E01029732,Stafford 011E,Investigation complete; no suspect identified
25f4d312e001c380dccfd7e8c3b17c8e6fb37a28f8c137f7d1fe9f4f6d38ee37,2021-10,Staffordshire Police,Staffordshire Police,-1.984211,52.993580,On or near Sports/Recreation Area,E01029782,Staffordshire Moorlands 010B,Unable to prosecute suspect
39c09d85b2c2d0cf36240f6f397fbf06305521cf3b039ab4f7181e534d81c135,2021-10,Staffordshire Police,Staffordshire Police,-1.675058,52.627346,On or near STRETTON STREET,E01029830,Tamworth 006E,Unable to prosecute suspect
a0bbc5c19705a17ca8da9e6c3c327d91a94bb3134cb1d3a6972f6daef601ee29,2021-10,Staffordshire Police,Staffordshire Police,-2.201257,53.043525,On or near FURLONG PARADE,E01014251,Stoke-on-Trent 009C,Unable to prosecute suspect
172c9079fa31cb491180a06e5bee1370417dd2c449899f0df6eb5f4f19564c8a,2021-10,Staffordshire Police,Staffordshire Police,-1.696242,52.633893,On or near CHURCH STREET,E01029835,Tamworth 002A,Investigation complete; no suspect identified
363d60eb9388a9f51b0e823e557fcf71aa84ba3beb98fe267447d0f9d54ee31c,2021-10,Staffordshire Police,Staffordshire Police,-1.986826,53.019559,On or near JOHNSON CRESCENT,E01029796,Staffordshire Moorlands 010D,Investigation complete; no suspect identified
c17b87ac014241b5a69dbb833a7d41dbdcb5bea07ca9bb50e7fe6f2ed7effd7e,2021-10,Staffordshire Police,Staffordshire Police,-2.141762,53.030523,On or near ABBEY ROAD,E01014213,Stoke-on-Trent 012D,Investigation complete; no suspect identified
4442a1ffb48101aaf1d403e178cc1675c70bb8afbf9163c614711f7b8828d27b,2021-10,Staffordshire Police,Staffordshire Police,-1.976572,52.986513,On or near ARUNDEL DRIVE,E01029784,Staffordshire Moorlands 013A,Unable to prosecute suspect
67ebec91aa58a0124513b9676fdce1be28fdaf78ea52c874708ff45cae0254ed,2021-10,Staffordshire Police,Staffordshire Police,-2.282872,53.015771,On or near PEPPER STREET,E01029593,Newcastle-under-Lyme 012B,Unable to prosecute suspect
b388264e9191adfe1c92770e5f337e1d3f701137170ebdcc3da351656d7c7a5f,2021-10,Staffordshire Police,Staffordshire Police,-2.130009,52.979963,On or near ST CLAIR STREET,E01014306,Stoke-on-Trent 029B,Unable to prosecute suspect
d1c25545d07e3a22e6a84d2d7013e6bee99222cc2c1d34bdd0b526224ca08476,2021-10,Staffordshire Police,Staffordshire Police,-2.028429,53.105051,On or near STRANGMAN STREET,E01029812,Staffordshire Moorlands 005D,Unable to prosecute suspect
9ec5d0577a0a9d127dba79c8e08dc6cb8e5b31ef39f73d233e9b99af4004df20,2021-10,Staffordshire Police,Staffordshire Police,-2.171826,53.016595,On or near STONEHAVEN GROVE,E01014287,Stoke-on-Trent 015D,Further action is not in the public interest
0be3a84c7dfda9c14264a89ac5d1f14bfc5b166483263227b4494082f8431353,2021-10,Staffordshire Police,Staffordshire Police,-1.979329,52.700219,On or near ST PAUL'S ROAD,E01029379,Cannock Chase 006A,Further action is not in the public interest
3d636d354862b74df734085b780aa8bfd4d23031ea251f2fbc9a9d4dc793170e,2021-10,Staffordshire Police,Staffordshire Police,-1.685238,52.857561,On or near HIGH STREET,E01029464,East Staffordshire 004D,Unable to prosecute suspect
521b40fe12fd9b6c312fbdd7d26b7ab26c826dd01ee4f4efc739ad591d433185,2021-10,Staffordshire Police,Staffordshire Police,-1.636803,52.815308,On or near PARKER STREET,E01029426,East Staffordshire 008A,Investigation complete; no suspect identified
4e20a7209b4ab01df1183452ca2764a4fa31b844e9bf28894b8c48f7c10c0c68,2021-10,Staffordshire Police,Staffordshire Police,-2.204242,53.037515,On or near MALKIN WAY,E01014255,Stoke-on-Trent 009E,Unable to prosecute suspect
18a6b5364b84824484e887dd437002c1dfffc9ff4eeeb2c2bd94ee8d04c253db,2021-10,Staffordshire Police,Staffordshire Police,-2.215568,53.012002,On or near BOUNDARY STRET,E01029603,Newcastle-under-Lyme 011D,Investigation complete; no suspect identified
3c663e0f18e4b6a24ae9c07e076c3adebf6f044bec7d88727e78fac9b75c3bfc,2021-10,Staffordshire Police,Staffordshire Police,-1.683820,52.598378,On or near SCHOOL LANE,E01029861,Tamworth 009B,Formal action is not in the public interest
342c097a8974ca0bdec38c783aae90d4966403ed49f39480a6ee855247bf0895,2021-10,Staffordshire Police,Staffordshire Police,-2.167666,53.023873,On or near ST LUKE STREET,E01014231,Stoke-on-Trent 016B,Unable to prosecute suspect
b9b6fb9cdd02ad1bb383a857d8ed0eb17d3dd4b1a75b8e3bba1b33bd14693d52,2021-10,Staffordshire Police,Staffordshire Police,-2.167487,53.070014,On or near MILL VIEW,E01014337,Stoke-on-Trent 004E,Investigation complete; no suspect identified
3897b6258fcdadf9933f101b5420e0b61286a849666954386c400614163edf94,2021-10,Staffordshire Police,Staffordshire Police,-2.011374,53.115706,On or near HAREGATE ROAD,E01029809,Staffordshire Moorlands 001D,Action to be taken by another organisation
4cc77ae9423a5b43781abb5c973c98aea080b91c22c84d5e52e68e81a2195488,2021-10,Staffordshire Police,Staffordshire Police,-2.193991,53.006475,On or near FREDERICK AVENUE,E01014293,Stoke-on-Trent 019A,Further action is not in the public interest
452ff910866a2abcecf21473ef23a74454a535b4acfa4bb4655bb1beb8fecda7,2021-10,Staffordshire Police,Staffordshire Police,-2.208137,52.529035,On or near LONGFORD CLOSE,E01029678,South Staffordshire 013G,Unable to prosecute suspect
60a05684e006bd46f4b80f41bb0d34eb65d00818ea2c597c1c97a7162271cc73,2021-10,Staffordshire Police,Staffordshire Police,-2.118559,52.812657,On or near Petrol Station,E01029701,Stafford 010E,Further action is not in the public interest
e46faba1da237ab9fca6260bc9e35d3b4e35d0656eb2d9bcddeba511b3b55042,2021-10,Staffordshire Police,Staffordshire Police,-2.217746,53.074571,On or near WILLOUGHBY STREET,E01014357,Stoke-on-Trent 002A,Investigation complete; no suspect identified
75e20a12d55f39fe31ee83be74e675134112f3332a8b0dc2d9a3198520262726,2021-10,Staffordshire Police,Staffordshire Police,-2.209305,53.054424,On or near Supermarket,E01014356,Stoke-on-Trent 005C,Unable to prosecute suspect
821ef7565892e825a9f4766d8b049373720388f422abf2605e6e81f1567b84f8,2021-10,Staffordshire Police,Staffordshire Police,-2.000209,52.707602,On or near ESKRETT STREET,E01029389,Cannock Chase 005D,Unable to prosecute suspect
56470df5a93e6aa147e9aa26214d5ad69d36e6855526674679f72d979f9fc0f3,2021-10,Staffordshire Police,Staffordshire Police,-2.196170,52.990776,On or near NEVILLE STREET,E01014343,Stoke-on-Trent 023D,Suspect charged
4ad823aa6ca1b716be8247f39e327f48f3993a4d0299501cb8a83e07ed56a377,2021-10,Staffordshire Police,Staffordshire Police,-2.169001,53.048807,On or near BROWNLEY ROAD,E01014268,Stoke-on-Trent 008C,Unable to prosecute suspect
f24c4335716ffe683db5a8aed1933ee70d918ace79360ca1194aef2483bb3f03,2021-10,Staffordshire Police,Staffordshire Police,-2.263453,53.070164,On or near Shopping Area,E01029596,Newcastle-under-Lyme 004E,Investigation complete; no suspect identified
5d41e941b2b5aea397f3233dbf11b26e01e7f2a77f2440834a3a8197a819e7b0,2021-10,Staffordshire Police,Staffordshire Police,-1.984211,52.993580,On or near Sports/Recreation Area,E01029782,Staffordshire Moorlands 010B,Unable to prosecute suspect
05b26f339427211e579c8bfab56062d77afd7b3bfbde4dc241646189121c8256,2021-10,Staffordshire Police,Staffordshire Police,-2.257926,53.084271,On or near NURSERY CLOSE,E01029541,Newcastle-under-Lyme 003B,Unable to prosecute suspect
50c8ac0b2369d3791decc2566eef461d34f99b51efe8cadbbbb444a1fb555e47,2021-10,Staffordshire Police,Staffordshire Police,-2.156143,52.978943,On or near BALLINSON ROAD,E01014234,Stoke-on-Trent 026B,Further investigation is not in the public interest
51ed64ba910a7629e69d2e1cdec40f369f571c46b7306bd7ea502f41058e5ca6,2021-10,Staffordshire Police,Staffordshire Police,-2.093932,52.977660,On or near LYME ROAD,E01014368,Stoke-on-Trent 028D,Unable to prosecute suspect
5a8eb2c47ebadc468b96214611add195f31e4531b0d5b58caad5ae9ab6fa0a1c,2021-10,Staffordshire Police,Staffordshire Police,-1.620830,52.785583,On or near LILAC GROVE,E01029452,East Staffordshire 014D,Offender given a caution
6c22f3f906ed4a10fc7b290cc4cb281294062913e57e2ea363b07663f9ae940d,2021-10,Staffordshire Police,Staffordshire Police,-2.163734,53.052293,On or near WAVERLEY DRIVE,E01014268,Stoke-on-Trent 008C,Further action is not in the public interest
b3c2d18366a6d3a9f5dbb58e2745390c1f949d7eea261f847feb9cee94a5dd0c,2021-10,Staffordshire Police,Staffordshire Police,-2.233712,52.753505,On or near THE OAKLANDS,E01029688,Stafford 015A,Action to be taken by another organisation
2e80b4e8b979543b03d8a4f2b70ff75db56a29f9d8162167a03d0094d2293c49,2021-10,Staffordshire Police,Staffordshire Police,-2.214219,53.040617,On or near Petrol Station,E01014250,Stoke-on-Trent 009B,Investigation complete; no suspect identified
b768d748521808ebfbdacb2dda155f24a73491df01fa451c72927e6da3e52e50,2021-10,Staffordshire Police,Staffordshire Police,-1.637163,52.816657,On or near THORNLEY STREET,E01029426,East Staffordshire 008A,Unable to prosecute suspect
be29a9569b5a745fefa4a0489a2088521ed321fb3cc107e73fe59d307b458415,2021-10,Staffordshire Police,Staffordshire Police,-2.131125,52.989472,On or near BATHURST STREET,E01014302,Stoke-on-Trent 022D,Investigation complete; no suspect identified
2372f7ce6fb2d884a3d8271fb7546baa2eedc3a26add5d5d31965285618ec6a7,2021-10,Staffordshire Police,Staffordshire Police,-2.133464,52.979905,On or near KILDARE STREET,E01014309,Stoke-on-Trent 027B,Unable to prosecute suspect
4c64bff502ab1f1010cf737f6a19b72ff348d38a81af9a68aec8afe0c80272e5,2021-10,Staffordshire Police,Staffordshire Police,-2.101600,52.983559,On or near WHITCOMBE ROAD,E01014364,Stoke-on-Trent 024B,Unable to prosecute suspect
56864fd2fea11ee971c3aec3323146b6223af0a02c58276e2121cbe84f7653bc,2021-10,Staffordshire Police,Staffordshire Police,-2.149572,52.978106,On or near CRITCHLOW GROVE,E01014233,Stoke-on-Trent 026A,Further action is not in the public interest
d334cb9902eb84c647abf709bbded9d69638262c3560f4916c5580e34529f26e,2021-10,Staffordshire Police,Staffordshire Police,-2.233595,53.013442,On or near FLETCHER BANK,E01029604,Newcastle-under-Lyme 011E,Unable to prosecute suspect
ad7e8c8602fc88057f2378c4ffcc15131655d5c631dde153b84afbd44415298d,2021-10,Staffordshire Police,Staffordshire Police,-1.684849,52.646413,On or near ARKALL CLOSE,E01029854,Tamworth 001F,Unable to prosecute suspect
c5fab87c7d9e350825e0c9bd38ed9b587b58cca2e4cecb704990a0f2b687937e,2021-10,Staffordshire Police,Staffordshire Police,-2.145945,52.993266,On or near BUTE STREET,E01014273,Stoke-on-Trent 021A,Investigation complete; no suspect identified
b8c6577077552d8ed2719daa50496e84de465c9e583c441ac3c0208b8974bc65,2021-10,Staffordshire Police,Staffordshire Police,-1.647719,52.821327,On or near CARLTON STREET,E01029434,East Staffordshire 007A,Investigation complete; no suspect identified
81fb607e6c804313785757a81abe175c972de0fe9a408834c2bdc3b299fe5a65,2021-10,Staffordshire Police,Staffordshire Police,-1.642991,52.797051,On or near UXBRIDGE STREET,E01029408,East Staffordshire 011B,Investigation complete; no suspect identified
905754db582709d05a1fb37f6664b7f72b3b413df31eb007e4365eb0da949ec3,2021-10,Staffordshire Police,Staffordshire Police,,,No location,,,Unable to prosecute suspect
266d4fd705617fe8e00781e9211814ea7bd942b292956dcf943837ab11ac99fa,2021-10,Staffordshire Police,Staffordshire Police,-2.001615,52.710946,On or near Parking Area,E01029389,Cannock Chase 005D,Unable to prosecute suspect
2927d0c107da2df3bd6c379319836b8f90c6f377d4c5e3f87c211f8cb10a45a5,2021-10,Staffordshire Police,Staffordshire Police,-2.093087,52.806513,On or near TIXALL ROAD,E01029723,Stafford 011C,Investigation complete; no suspect identified
1b892c875f8dc7b67439a99806e38057b5c58ff1bd7e2db009090b64aef591db,2021-10,Staffordshire Police,Staffordshire Police,-2.199352,53.044409,On or near FURLONG PASSAGE,E01014251,Stoke-on-Trent 009C,Unable to prosecute suspect
924a878a1b05ff6aceb81c43c8672324eeee5dcfe75db2b6235533dbba0c2ecf,2021-10,Staffordshire Police,Staffordshire Police,-1.998107,52.708536,On or near CARDIGAN PLACE,E01029389,Cannock Chase 005D,Investigation complete; no suspect identified
a0a54f5e1e95d9ea5ffabeb8a98f24a6d4979fdf3303ed30536145d4179ba792,2021-10,Staffordshire Police,Staffordshire Police,-1.828868,52.683467,On or near Shopping Area,E01029526,Lichfield 004E,Investigation complete; no suspect identified
46c5cfc5c17c98f5ca4d5f50a0a7549bb0c73ddd44485c1b98eb5de276f32686,2021-10,Staffordshire Police,Staffordshire Police,-2.133420,53.037957,On or near ALSTONFIELD AVENUE,E01014211,Stoke-on-Trent 012B,Investigation complete; no suspect identified
28e418dda62d1e22d7fb860b4f055ee77b666a11c6109f5a88cfcd85a4341b39,2021-10,Staffordshire Police,Staffordshire Police,-1.640557,52.818897,On or near Park/Open Space,E01029427,East Staffordshire 008B,Unable to prosecute suspect
9cd25d5ad455d98daff28f0b11573e96c467d0666615977759e8ca2a8428edd4,2021-10,Staffordshire Police,Staffordshire Police,-2.210113,53.005863,On or near ASHLANDS GROVE,E01014289,Stoke-on-Trent 018B,Suspect charged
3f4ba5de762e58210ce504523d860877c01335e5ed401bdfd7649dc13cba867e,2021-10,Staffordshire Police,Staffordshire Police,-2.209408,53.001846,On or near GRINDLEY HILL COURT,E01014294,Stoke-on-Trent 018F,Suspect charged
87e623a704a69c27f02bc168e2053f69b44a0fd8105f44236efaab2898eb1b56,2021-10,Staffordshire Police,Staffordshire Police,-2.162535,53.003439,On or near VICTORIA ROAD,E01014275,Stoke-on-Trent 020B,Unable to prosecute suspect
0b6614e2a5fef53bbc1d001b83902ca38175a1f3f618fdaaae215c7fee69e7b8,2021-10,Staffordshire Police,Staffordshire Police,-2.161606,52.970189,On or near NEWBURY GROVE,E01014237,Stoke-on-Trent 032C,Unable to prosecute suspect
c338764a5cff7d443b77682b759be745faf8c3695d3d5bdd280ccbac0328ea1d,2021-10,Staffordshire Police,Staffordshire Police,-2.010671,53.113324,On or near FURMSTON PLACE,E01029810,Staffordshire Moorlands 001E,Unable to prosecute suspect
779076b8018333c5e3e5cb92ee6479b6cdfbf118f9f8347fa65c740057813c85,2021-10,Staffordshire Police,Staffordshire Police,-1.711998,52.648810,On or near BROWNING CLOSE,E01029846,Tamworth 001A,Further action is not in the public interest
407c5d4bba81e141f3ab040c2bdfa04d6f9a7a55fe916c9a9664290eb3db3b30,2021-10,Staffordshire Police,Staffordshire Police,-2.034779,53.108313,On or near BARRACKS WAY,E01029814,Staffordshire Moorlands 005E,Unable to prosecute suspect
706a95ca1ac20f9842bec7308807b12403fbe22a7718e823c84ee8b0c5141238,2021-10,Staffordshire Police,Staffordshire Police,-2.129163,52.995866,On or near SPEEDWALL STREET,E01014300,Stoke-on-Trent 022C,Further action is not in the public interest
beb23d4a1943a770c4d4417d048912ec0297b5c44455af882e73ab785d09660e,2021-10,Staffordshire Police,Staffordshire Police,-2.167666,53.023873,On or near ST LUKE STREET,E01014231,Stoke-on-Trent 016B,Investigation complete; no suspect identified
b28b1a82b061b666977e0c46f2efb2ebb73728b82a49f5fc623c9b2e82cece54,2021-10,Staffordshire Police,Staffordshire Police,-2.209280,53.003150,On or near HILTON ROAD,E01014294,Stoke-on-Trent 018F,Further action is not in the public interest
d24d7e67e087c08f69e5109a108a6bdfccf8616efa0cb8a904c0e5c7b1222815,2021-10,Staffordshire Police,Staffordshire Police,-2.133643,53.037831,On or near BUTTS GREEN,E01014211,Stoke-on-Trent 012B,Unable to prosecute suspect
7ea40f9bbd435478c3cc91f3605ab859ada2c407f72c8eec095bafafe27757fa,2021-10,Staffordshire Police,Staffordshire Police,-2.131895,52.787670,On or near LARKIN CLOSE,E01029717,Stafford 013C,Unable to prosecute suspect
b48933f5f7211d38d9fe2683f2750fddad27f2bb18cb7ef7b4572959ba56050d,2021-10,Staffordshire Police,Staffordshire Police,-2.230340,53.012262,On or near FROGHALL,E01029604,Newcastle-under-Lyme 011E,Investigation complete; no suspect identified
8255cee48bd659c21d85211cca54c08d5f93d53eb9b7e2fe5249cd9d2315b84b,2021-10,Staffordshire Police,Staffordshire Police,-1.799056,52.684652,On or near BURTON OLD ROAD,E01029484,Lichfield 005B,Unable to prosecute suspect
ab020b00ce77246fd40f06711f50178dbfd49da9102f79e85ef90be827190fae,2021-10,Staffordshire Police,Staffordshire Police,-1.799056,52.684652,On or near BURTON OLD ROAD,E01029484,Lichfield 005B,Unable to prosecute suspect
051546c49902a6fa461a9ed968e59db97cb61d255dfd627331fc26713c0ab7a7,2021-10,Staffordshire Police,Staffordshire Police,-2.114633,52.803680,On or near LICHFIELD ROAD,E01029701,Stafford 010E,Suspect charged
f52669bd48cbbfe80a0046164b27646239d4ac0f83c560a08c5a3b2ca96c6c73,2021-10,Staffordshire Police,Staffordshire Police,-2.135598,52.824352,On or near Sports/Recreation Area,E01029751,Stafford 006D,Unable to prosecute suspect
20ef810cc75dfeda7f312c5f1b9b6b093fc8725ef049b25ce7376c6320f0cbcb,2021-10,Staffordshire Police,Staffordshire Police,-2.192404,53.028195,On or near RIDGEHOUSE DRIVE,E01014285,Stoke-on-Trent 015B,Investigation complete; no suspect identified
5eb08dfccc23ec5d47bb91041a1cbf208a1e9247feee5e1dfcd7eaddf46c1dab,2021-10,Staffordshire Police,Staffordshire Police,-2.137023,52.659418,On or near WEST BEECHES,E01029619,South Staffordshire 006B,Investigation complete; no suspect identified
be64f013b73cde94553a1d3ae5e00c7c1e0c117a0bbf1a4af3f29567bd8e67e3,2021-10,Staffordshire Police,Staffordshire Police,-2.147629,52.901655,On or near CROWN STREET,E01029745,Stafford 003C,Investigation complete; no suspect identified
2fd91e40acda0e0819be1167438c37f65bd81ca9880ba41a1e50c74ad62c290f,2021-10,Staffordshire Police,Staffordshire Police,-2.029812,52.688171,On or near Supermarket,E01029360,Cannock Chase 012B,Suspect charged
a68e2f0526559451d01a8478e6fa9559e3cf1cafb680c990cac4966ab49cbb4b,2021-10,Staffordshire Police,Staffordshire Police,-2.138849,53.029070,On or near NEWHOUSE ROAD,E01014212,Stoke-on-Trent 012C,Unable to prosecute suspect
a5eb2738b7f1b9c71535a9ba2ea7ad42180d546f6892e62f8e54bd004bace4a3,2021-10,Staffordshire Police,Staffordshire Police,-2.145945,52.993266,On or near BUTE STREET,E01014273,Stoke-on-Trent 021A,Unable to prosecute suspect
7fbf2f897c0ee60d7974fa8dd6586dc5d676f2aec8776f44e9823568f2d83780,2021-10,Staffordshire Police,Staffordshire Police,-2.196643,53.003090,On or near TILSON AVENUE,E01014292,Stoke-on-Trent 018E,Investigation complete; no suspect identified
066ad63125992682a1f619ac338a77ec5adeff89739a295021ee9d1ce43c75e2,2021-10,Staffordshire Police,Staffordshire Police,-2.226344,52.992035,On or near WINDERMERE ROAD,E01029591,Newcastle-under-Lyme 014C,Further action is not in the public interest
0320ce314d62cc197b73984c3bec398a05b35c6ac49c1c56b2697bb7d8d2a1ed,2021-10,Staffordshire Police,Staffordshire Police,-2.181345,52.961836,On or near PORLOCK GROVE,E01014352,Stoke-on-Trent 034D,Unable to prosecute suspect
62633b77acafd869c94b26edd31ca1aeda9d378c40a775ffbcc27c3d31db404e,2021-10,Staffordshire Police,Staffordshire Police,-2.027081,52.674130,On or near CROSS STREET,E01029359,Cannock Chase 012A,Unable to prosecute suspect
6193ed92203f0d376a96edf0d7a1905e732a36d34fad442f1c37e1919565fdbe,2021-10,Staffordshire Police,Staffordshire Police,-1.670557,52.614865,On or near Pedestrian Subway,E01029829,Tamworth 010A,Investigation complete; no suspect identified
74248b6a4132db1d7b45bad481ef16f653e46a0ba32dcca404630eedc930766f,2021-10,Staffordshire Police,Staffordshire Police,-2.164440,52.998905,On or near Supermarket,E01014276,Stoke-on-Trent 020C,Investigation complete; no suspect identified
d2b4a7081ea561823e15d9b528535ad1b8361afa7a3b9ccb045e00515291fe46,2021-10,Staffordshire Police,Staffordshire Police,-2.189930,53.021700,On or near BROOMFIELD PLACE SOUTH,E01014281,Stoke-on-Trent 015A,Investigation complete; no suspect identified
cf2bdbc9ab10e1d125860dce8fe857bb49f57c464c041c561f9c3272deb2518b,2021-10,Staffordshire Police,Staffordshire Police,-2.188091,53.006835,On or near SWAN STREET,E01014293,Stoke-on-Trent 019A,Investigation complete; no suspect identified
af0ccee7462fcb0d05b4d0ac717a91e96c97f5c42271718647480806ef3fa4b2,2021-10,Staffordshire Police,Staffordshire Police,-2.079279,52.930109,On or near BALAAM'S LANE,E01029683,Stafford 002C,Formal action is not in the public interest
b5fae3233074fdd4e83f755dd4726143476eb52bcc5b9816f4753171e890244b,2021-10,Staffordshire Police,Staffordshire Police,-2.140730,52.992949,On or near PACKETT STREET,E01014273,Stoke-on-Trent 021A,Unable to prosecute suspect
7a2b9ae798aba0bafd1d9e42291ab45992f8d887a4c7ee367427a751ae7338b5,2021-10,Staffordshire Police,Staffordshire Police,-1.666586,52.604884,On or near LYNDALE,E01032902,Tamworth 010G,Further action is not in the public interest
9e6a039428687e66340a047a7569b636f114a24406802832dca2852e54c2c7ae,2021-10,Staffordshire Police,Staffordshire Police,-2.187749,53.003464,On or near HORNBY ROW,E01014345,Stoke-on-Trent 019E,Unable to prosecute suspect
2bb88772c771686916af0022ccf8c9066b1b9a784decb3872af5d137fce4df6f,2021-10,Staffordshire Police,Staffordshire Police,-2.080252,52.813048,On or near WESTON ROAD,E01029732,Stafford 011E,Suspect charged
880f5e4c0bcb6ff68dabb9b1d0156e72de22a8523c11695bd7ff70f5b5b51d40,2021-10,Staffordshire Police,Staffordshire Police,-1.976572,52.986513,On or near ARUNDEL DRIVE,E01029784,Staffordshire Moorlands 013A,Further action is not in the public interest
db3029279671d56109098952aadb596eb8e17ef16d730e88014329a42892b4e9,2021-10,Staffordshire Police,Staffordshire Police,-2.114557,52.808651,On or near Parking Area,E01029701,Stafford 010E,Formal action is not in the public interest
7db4e7918211acde876de2877b0db5becb70079b43aad90f4e1cb30ca37ff8f8,2021-10,Staffordshire Police,Staffordshire Police,-2.026482,52.686581,On or near Supermarket,E01029360,Cannock Chase 012B,Suspect charged
79969915e440388aca5c14373bf1dc72b08808f2ff00c990f43a3b67aa9d540b,2021-10,Staffordshire Police,Staffordshire Police,-2.165828,53.034510,On or near HARROP STREET,E01014327,Stoke-on-Trent 013B,Investigation complete; no suspect identified
8412451114bff19de5338fac45f06866184286d14eaec580be8c805c110a7f7f,2021-10,Staffordshire Police,Staffordshire Police,-2.231927,53.085817,On or near KINGSWOOD,E01029565,Newcastle-under-Lyme 001B,Unable to prosecute suspect
3aa02e3b441ead9eaaabd0a5b29e6b262697285f8dc4695c6a9587af9c1a749f,2021-10,Staffordshire Police,Staffordshire Police,-2.252731,52.931448,On or near COMMON LANE,E01029749,Stafford 002E,Investigation complete; no suspect identified
791a138531a209317d176691653c9fd0445c78ef88b01634424ec0dad07bdc56,2021-10,Staffordshire Police,Staffordshire Police,-2.212426,53.015648,On or near KINGS TERRACE,E01014288,Stoke-on-Trent 018A,Unable to prosecute suspect
e0f53e46e5ca749d293ec284c39a929da565d5fc5bc4acad8b398394dd78b29f,2021-10,Staffordshire Police,Staffordshire Police,-2.204351,53.013370,On or near SHELTON NEW ROAD,E01014291,Stoke-on-Trent 018D,Investigation complete; no suspect identified
83b1570fd83a8cdf8ebbe6e68a4e21726b8759011f4e404ffa73358567a79442,2021-10,Staffordshire Police,Staffordshire Police,-2.087445,52.973296,On or near UTTOXETER ROAD,E01029702,Stafford 001A,Suspect charged
83b1570fd83a8cdf8ebbe6e68a4e21726b8759011f4e404ffa73358567a79442,2021-10,Staffordshire Police,Staffordshire Police,-2.087445,52.973296,On or near UTTOXETER ROAD,E01029702,Stafford 001A,Suspect charged
83b1570fd83a8cdf8ebbe6e68a4e21726b8759011f4e404ffa73358567a79442,2021-10,Staffordshire Police,Staffordshire Police,-2.087445,52.973296,On or near UTTOXETER ROAD,E01029702,Stafford 001A,Suspect charged
ce62d81a682ffb37222c58f55b2fee57f0e13dd3774f052a0ced1798c0290806,2021-10,Staffordshire Police,Staffordshire Police,-2.192404,53.028195,On or near RIDGEHOUSE DRIVE,E01014285,Stoke-on-Trent 015B,Investigation complete; no suspect identified
8632581d79ea07290f7bec9660ab01fa6e826b0e5ae241989611b830543dc6c0,2021-10,Staffordshire Police,Staffordshire Police,-2.175587,53.017614,On or near HARDING ROAD,E01014287,Stoke-on-Trent 015D,Local resolution
ce419d5fae5a7397eae3c03ca9110d51bd8683972b5968c13d5a8b35b28c5118,2021-10,Staffordshire Police,Staffordshire Police,-2.181815,53.052473,On or near BANK HALL ROAD,E01014246,Stoke-on-Trent 008A,Unable to prosecute suspect
56a92226d5106a91bd878bdf7dedad79aa48fcc0b261ce9aa00ce6dccd4fedef,2021-10,Staffordshire Police,Staffordshire Police,-1.641252,52.810242,On or near HALLAMS ROW,E01029447,East Staffordshire 009C,Investigation complete; no suspect identified
4d2a607dd752e807753069d403fe2eae0044145c89ab0fa099757b6cd2a49d69,2021-10,Staffordshire Police,Staffordshire Police,-2.201222,53.013492,On or near BELFORD PLACE,E01014291,Stoke-on-Trent 018D,Unable to prosecute suspect
da4c1fb1eef56ab186e9c58ba5218ac357d40599dd06a2f837b93e55c192be50,2021-10,Staffordshire Police,Staffordshire Police,-2.240118,52.695267,On or near Hospital,E01029668,South Staffordshire 003C,Action to be taken by another organisation
4a8e3a46f336b5e34f9e346db085bf55f1949ff3945ea7c7397b81334f044125,2021-10,Staffordshire Police,Staffordshire Police,-2.123495,53.009472,On or near NETHERCOTE PLACE,E01014224,Stoke-on-Trent 017E,Unable to prosecute suspect
2313e57ee9affc58be8218ce8f0406ed9fe4c67b7a77df97a7f05234bacd0d8e,2021-10,Staffordshire Police,Staffordshire Police,-2.192434,53.004832,On or near BRIGHTON STREET,E01014292,Stoke-on-Trent 018E,Unable to prosecute suspect
ec0c603cf71c583b58798853c2bc2467b82fdbf3f10bf50f00ffebb89b8086d6,2021-10,Staffordshire Police,Staffordshire Police,-2.003392,52.719657,On or near WOODLAND CLOSE,E01029386,Cannock Chase 005B,Unable to prosecute suspect
58c4d94771b1c4f84932d3ea67dacc4ac12dd84d411d63a51fcdb51830ed2ba3,2021-10,Staffordshire Police,Staffordshire Police,,,No location,,,Unable to prosecute suspect
5e4bacb7593928d6657e0b0d9b4887435b5ea5c41b1c23456d375d6d03126cbe,2021-10,Staffordshire Police,Staffordshire Police,-2.186489,53.005057,On or near LIVERPOOL ROAD,E01014293,Stoke-on-Trent 019A,Investigation complete; no suspect identified
994a9c716fcaf1b1a8aa48ed0d1a6b9d16e2e39619d65d8cb26d73a320b5701d,2021-10,Staffordshire Police,Staffordshire Police,-1.624785,52.808438,On or near BLYTHFIELD,E01032897,East Staffordshire 011G,Unable to prosecute suspect
411eb97e9e6ab748a9d1bec9cb3f3d43bff64142482413ad430e14969aa8fe13,2021-10,Staffordshire Police,Staffordshire Police,-1.724014,52.618490,On or near PRICE AVENUE,E01029502,Lichfield 012B,Unable to prosecute suspect
024914716bd05dff0f70de0a78730019a61b3521df59ede07ab2a09d5ad8b110,2021-10,Staffordshire Police,Staffordshire Police,-1.933718,52.672506,On or near Police Station,E01029496,Lichfield 010A,Local resolution
ab6dcad96fd85fb913fd7cd798f69dffa6a1ced57efa75f78de97714c2e66969,2021-10,Staffordshire Police,Staffordshire Police,-2.223592,52.990008,On or near Petrol Station,E01029591,Newcastle-under-Lyme 014C,Unable to prosecute suspect
ba4b8d918b65a895e30a97d413a431e85ce24957fc81b17f04c0459615310cb4,2021-10,Staffordshire Police,Staffordshire Police,-2.115807,52.804524,On or near BRIDGE STREET,E01029701,Stafford 010E,Suspect charged
ba4b8d918b65a895e30a97d413a431e85ce24957fc81b17f04c0459615310cb4,2021-10,Staffordshire Police,Staffordshire Police,-2.115807,52.804524,On or near BRIDGE STREET,E01029701,Stafford 010E,Suspect charged
bb91dba1dc284768ab762f37ee81fbc492240c8fcb820384775dcca80f6b4b25,2021-10,Staffordshire Police,Staffordshire Police,-2.126814,52.997540,On or near WESTONVIEW AVENUE,E01014296,Stoke-on-Trent 022A,Unable to prosecute suspect
1d9d31b43c69836f2425c37942456f9cfea6fa4e58f92980df56d7d2bb1e6549,2021-10,Staffordshire Police,Staffordshire Police,-1.635149,52.803814,On or near Supermarket,E01032896,East Staffordshire 011F,Suspect charged
ed1295c65e95925abcf5609107c387101c6bab6b87ca34a33a7f9ee3ab8242f4,2021-10,Staffordshire Police,Staffordshire Police,-2.133644,52.990126,On or near CAROLINE STREET,E01014302,Stoke-on-Trent 022D,Unable to prosecute suspect
a98fe37b2586975dc8351bbed5da3cc79895e83be7a5ce16d1524c78153cc297,2021-10,Staffordshire Police,Staffordshire Police,-2.096015,53.023800,On or near Supermarket,E01029818,Staffordshire Moorlands 009D,Action to be taken by another organisation
af4b086f012ac7625b7f77be397cbb0e37b32d1894c41e9eb2d7e1e2fe9bed54,2021-10,Staffordshire Police,Staffordshire Police,-2.227121,52.694097,On or near Parking Area,E01029668,South Staffordshire 003C,Unable to prosecute suspect
97830f4d05dec87a0e0b7ae4622038b9a1aafd0404c2eef9d82b1bdf7bcf013c,2021-10,Staffordshire Police,Staffordshire Police,-2.199892,53.009665,On or near Petrol Station,E01014291,Stoke-on-Trent 018D,Unable to prosecute suspect
95f7796dbddf9814849a9fdb2afe6951de14a03ed1e1821ab96e4a74c4e97608,2021-10,Staffordshire Police,Staffordshire Police,-1.652021,52.633565,On or near SORREL,E01029824,Tamworth 003D,Investigation complete; no suspect identified
57e298ecaad32101831e0d7a64e9f7203da9a4d3f8410fb6ccaa308efb7266c3,2021-10,Staffordshire Police,Staffordshire Police,-2.252731,52.931448,On or near COMMON LANE,E01029749,Stafford 002E,Investigation complete; no suspect identified
3b179d52c3ced2eae013bf29cf684e55627ae73f6d771bceb026a3bc8ac045dd,2021-10,Staffordshire Police,Staffordshire Police,-2.034197,52.696539,On or near STAFFORD ROAD,E01029367,Cannock Chase 011E,Suspect charged
3b179d52c3ced2eae013bf29cf684e55627ae73f6d771bceb026a3bc8ac045dd,2021-10,Staffordshire Police,Staffordshire Police,-2.034197,52.696539,On or near STAFFORD ROAD,E01029367,Cannock Chase 011E,Suspect charged
3b179d52c3ced2eae013bf29cf684e55627ae73f6d771bceb026a3bc8ac045dd,2021-10,Staffordshire Police,Staffordshire Police,-2.034197,52.696539,On or near STAFFORD ROAD,E01029367,Cannock Chase 011E,Suspect charged
3b179d52c3ced2eae013bf29cf684e55627ae73f6d771bceb026a3bc8ac045dd,2021-10,Staffordshire Police,Staffordshire Police,-2.034197,52.696539,On or near STAFFORD ROAD,E01029367,Cannock Chase 011E,Suspect charged
cf60d6e0023d8f80fd2fdf7ceb78914798993f865e1546bee60d95fd561708c5,2021-10,Staffordshire Police,Staffordshire Police,-2.145296,52.813400,On or near BURNETT COURT,E01029752,Stafford 007E,Formal action is not in the public interest
0bdd91bdb8342f07849d8c400e4fb5ec8a913a1ea606ebd4aa3d561215bd5cd4,2021-10,Staffordshire Police,Staffordshire Police,-2.200648,52.999084,On or near THISTLEY HOUGH,E01014341,Stoke-on-Trent 023B,Further action is not in the public interest
bbcc219073426c67b26f5dde719ab195803b429ab5da7c76e9fcb7b1c7bfd2a3,2021-10,Staffordshire Police,Staffordshire Police,-2.207688,53.062616,On or near CRICKLEWOOD DRIVE,E01014355,Stoke-on-Trent 005B,Suspect charged
2c8873c49b7f67c216e320733ed7cd404b3ff2c679f252de19bf16457959ee0f,2021-10,Staffordshire Police,Staffordshire Police,-2.137747,52.888965,On or near THE LINDENS,E01029754,Stafford 004D,Suspect charged
b37d9cafaddb857b6bb4ecacd94349e9101923a30d2c0874bc304c68590d1c2c,2021-10,Staffordshire Police,Staffordshire Police,-2.098506,52.958842,On or near BIRKHOLME DRIVE,E01029705,Stafford 001D,Investigation complete; no suspect identified
faf91de26b7d8848f07116f99744c904751e631b8766234a3034944d5aa11cc5,2021-10,Staffordshire Police,Staffordshire Police,-1.625143,52.804691,On or near Sports/Recreation Area,E01032896,East Staffordshire 011F,Investigation complete; no suspect identified
2064d27ff7978b951328aace76b211018ee8c37517f9140c22a48785634295f4,2021-10,Staffordshire Police,Staffordshire Police,-2.161331,53.000258,On or near HITCHMAN STREET,E01014275,Stoke-on-Trent 020B,Unable to prosecute suspect
d859280965afe7ae5f94bcaab291057a985ae28aa968604e9668de4a4a70c4cf,2021-10,Staffordshire Police,Staffordshire Police,-2.161331,53.000258,On or near HITCHMAN STREET,E01014275,Stoke-on-Trent 020B,Unable to prosecute suspect
b7f94aace653dbff7b2cc1221c6bcbfa94bc68d0bdabe7a8682bd16acd86af57,2021-10,Staffordshire Police,Staffordshire Police,-2.217792,53.012699,On or near Parking Area,E01029603,Newcastle-under-Lyme 011D,Unable to prosecute suspect
32ea1ae1ce92de592145236dd7cbb06f95fa422edcf7e8bacccc264ecec4d32e,2021-10,Staffordshire Police,Staffordshire Police,-2.176535,53.049083,On or near ORION STREET,E01014266,Stoke-on-Trent 008B,Investigation complete; no suspect identified
155055a05acc1bcd2446683e745cddbb43df853e3e2cfededa72ad875dea4d35,2021-10,Staffordshire Police,Staffordshire Police,-2.201462,53.048954,On or near FEDERATION ROAD,E01014252,Stoke-on-Trent 009D,Investigation complete; no suspect identified
0fc452e20b723e1d944121539d1a42d8494b9e01da35cc5e1eea217ed5555f63,2021-10,Staffordshire Police,Staffordshire Police,-2.290609,53.018143,On or near CHELTENHAM GROVE,E01029593,Newcastle-under-Lyme 012B,Unable to prosecute suspect
da8451025dba91a000d87da414a45ca4deaab5ee80d03c07dd8366f79d0a77b9,2021-10,Staffordshire Police,Staffordshire Police,-1.989308,52.987171,On or near HIGH STREET,E01029787,Staffordshire Moorlands 011D,Investigation complete; no suspect identified
edf27653b66a8097caff7bc0a5ec8d47b7a0bbc6d6f3d6c63d9ab144f59bdd47,2021-10,Staffordshire Police,Staffordshire Police,-2.220034,53.037316,On or near PORTHILL GREEN,E01029584,Newcastle-under-Lyme 008B,Unable to prosecute suspect
789ca17d7312353344b3e766ff634a14bf538cff44a7ed88284c3d946d5e5977,2021-10,Staffordshire Police,Staffordshire Police,-2.244815,53.039065,On or near BEASLEY AVENUE,E01029558,Newcastle-under-Lyme 006E,Local resolution
a2f9cc1d6ed376f8cd6a563f13dc4ca790e40b5bb68d0478c8c7f6e146fefd96,2021-10,Staffordshire Police,Staffordshire Police,-2.125203,53.017741,On or near TAUNTON WAY,E01014220,Stoke-on-Trent 017A,Further action is not in the public interest
3d32de05491a4147ee6c4c160b415b1845cdbc00b33e5ff1daf52d974a7bba58,2021-10,Staffordshire Police,Staffordshire Police,-1.935559,52.678116,On or near CHASE VALE,E01029497,Lichfield 006E,Investigation complete; no suspect identified
405fd829ef10a8a986dcc6bacf21a06a557772f6565fd83323cc37ff017f0fc1,2021-10,Staffordshire Police,Staffordshire Police,-2.255107,52.854782,On or near CROSS BUTTS,E01029698,Stafford 005D,Unable to prosecute suspect
e71d5cd413e454b4db88936b4b323df4da732c2e970d4eafb75c712ac62755ee,2021-10,Staffordshire Police,Staffordshire Police,-2.214327,53.062334,On or near BANK STREET,E01014361,Stoke-on-Trent 005D,Unable to prosecute suspect
ba6ac6ea22d1cefe6725f078e1b83d05d319c6ecb08b6a98e24175f13b492fed,2021-10,Staffordshire Police,Staffordshire Police,-1.981487,52.953587,On or near GREAT WOOD ROAD,E01029790,Staffordshire Moorlands 013D,Unable to prosecute suspect
3f60b8e3d3b8cba7f0046f7ace43295ec7b5c4851e8e1df8232471380a22b359,2021-10,Staffordshire Police,Staffordshire Police,-2.155372,52.971564,On or near RIPON ROAD,E01014235,Stoke-on-Trent 032A,Investigation complete; no suspect identified
216bbb42ea16a6b8da9496046909dc1f5859d9071e843ef8d88aa51d8110edfe,2021-10,Staffordshire Police,Staffordshire Police,-2.219921,52.453794,On or near BRINDLEY BRAE,E01029651,South Staffordshire 014C,Investigation complete; no suspect identified
a269d186f3e6763eccd04d74cfe149c276d572ac1843c60ca21e7144fb83baa0,2021-10,Staffordshire Police,Staffordshire Police,-1.645404,52.792123,On or near ANGLESEY ROAD,E01029407,East Staffordshire 011A,Unable to prosecute suspect
6fe9d7b2436c5aaba7ba020238400cd2fec55c92173c09bce7a17f073eba5fb0,2021-10,Staffordshire Police,Staffordshire Police,-1.689160,52.626198,On or near ORCHARD STREET,E01029838,Tamworth 005C,Unable to prosecute suspect
6e61818f0b7a76b2968033a5960389fac76043015f8e04d384becde6f1f08eda,2021-10,Staffordshire Police,Staffordshire Police,-2.160965,53.001922,On or near CLARENCE STREET,E01014275,Stoke-on-Trent 020B,Unable to prosecute suspect
70b34b77ddf9ddf6fbe60321c486d034c7cedc7706bf1986bab51094f5d061e1,2021-10,Staffordshire Police,Staffordshire Police,-2.104653,52.964742,On or near GRANGE ROAD,E01014319,Stoke-on-Trent 033C,Unable to prosecute suspect
86551ca384d194fedb7d89d9a41c38c635faa68582535ba7d61813e171dcf779,2021-10,Staffordshire Police,Staffordshire Police,-1.626287,52.806196,On or near Parking Area,E01032896,East Staffordshire 011F,Unable to prosecute suspect
3ad4cb17b53889553a372dc93cf3207e8b21d04f459f748247a239948d1f80fe,2021-10,Staffordshire Police,Staffordshire Police,-2.198895,53.045506,On or near STEVENTON PLACE,E01014251,Stoke-on-Trent 009C,Unable to prosecute suspect
d1fb9286500828d7602e63e455e3cb0503721750b6f1263a49aac2c67ae7df6a,2021-10,Staffordshire Police,Staffordshire Police,-2.192381,53.036573,On or near WULSTAN ROAD,E01014255,Stoke-on-Trent 009E,Investigation complete; no suspect identified
c5ee716241d621392aeab73b34f18aabe6a1a44eff716777464cc1d4d7f5df36,2021-10,Staffordshire Police,Staffordshire Police,-2.106483,52.782895,On or near HINTON CLOSE,E01029735,Stafford 016D,Unable to prosecute suspect
5700cfa7d29b90bb02ad0afc07dcd815d3bbb0f5fea4032ad5b3af126356cdba,2021-10,Staffordshire Police,Staffordshire Police,-1.633565,52.821033,On or near CHAUCER CLOSE,E01029427,East Staffordshire 008B,Investigation complete; no suspect identified
820c611410da3b55ec2778cdb9a37da7ef8e1f4e398ab8a46fcd51c957668186,2021-10,Staffordshire Police,Staffordshire Police,-2.136165,53.076212,On or near CROSS EDGE,E01029777,Staffordshire Moorlands 008D,Unable to prosecute suspect
12ad35f36010d6487fcd75932a4d1e0b91ab28fe0ade4ee6f496b64626f261a2,2021-10,Staffordshire Police,Staffordshire Police,-2.255312,53.051340,On or near SMALLWOOD CLOSE,E01029546,Newcastle-under-Lyme 004D,Further investigation is not in the public interest
ef47aac571f9663675e17aeecabc50d566de7c754bcd236dca08afc176e45969,2021-10,Staffordshire Police,Staffordshire Police,-2.103349,52.973445,On or near HARROWBY ROAD,E01014317,Stoke-on-Trent 031D,Unable to prosecute suspect
c6237ac205ddb0385eb534b74d40f92721a5b77184801bd180a239f2b683e068,2021-10,Staffordshire Police,Staffordshire Police,-2.205686,53.049522,On or near BARTON CRESCENT,E01014252,Stoke-on-Trent 009D,Investigation complete; no suspect identified
725b73e8aec9cf600a50090056250d8d916d49e94859e30de569ee74c8389a4f,2021-10,Staffordshire Police,Staffordshire Police,-2.135669,52.989530,On or near TIMES SQUARE,E01014302,Stoke-on-Trent 022D,Unable to prosecute suspect
f70dc9c14465c54fae30f2979e39a634bf8408817e2e2aecae186f8361c8ff5a,2021-10,Staffordshire Police,Staffordshire Police,-2.077686,53.086386,On or near A53,E01029802,Staffordshire Moorlands 002D,Further action is not in the public interest
5535dad880867f4635c7a7eb426536b14e311f048493987ef5e64b3a55108ce1,2021-10,Staffordshire Police,Staffordshire Police,-1.673261,52.600759,On or near HEDGING LANE,E01032901,Tamworth 010F,Investigation complete; no suspect identified
2508cd5bf176e48bfbdd6119ba87f339b1049013b052054918613e21aafd8d44,2021-10,Staffordshire Police,Staffordshire Police,-1.839398,52.950145,On or near EATON ROAD,E01029423,East Staffordshire 001D,Unable to prosecute suspect
7b3208b15ed2b90b70ca904b9e176b9b19d27a1b7ed322b152111d1d2894548a,2021-10,Staffordshire Police,Staffordshire Police,-2.107775,52.974897,On or near BOLTON PLACE,E01014316,Stoke-on-Trent 031C,Suspect charged
7b3208b15ed2b90b70ca904b9e176b9b19d27a1b7ed322b152111d1d2894548a,2021-10,Staffordshire Police,Staffordshire Police,-2.107775,52.974897,On or near BOLTON PLACE,E01014316,Stoke-on-Trent 031C,Suspect charged
c67b1d5614482764d7b3c201cc53b69303e754c66a8aaaaaf5dd2083325eaf98,2021-10,Staffordshire Police,Staffordshire Police,-2.157780,52.998995,On or near PARK PLACE,E01014274,Stoke-on-Trent 020A,Formal action is not in the public interest
79558919eeca393d7c64da4c3b15179a14f3064086e40c3063f8f622cae7f896,2021-10,Staffordshire Police,Staffordshire Police,-2.105654,52.807608,On or near CORPORATION STREET,E01029725,Stafford 009D,Unable to prosecute suspect
1462d56b345446ebc5e513a916a31d6b286373705c91ea7b4b34c9c82034a26c,2021-10,Staffordshire Police,Staffordshire Police,-1.652292,52.608682,On or near SWINDALE,E01029857,Tamworth 008C,Further action is not in the public interest
1dac36a6f93c6ff80636cd82810c156a05523dec838038dfd30cfccea1022a57,2021-10,Staffordshire Police,Staffordshire Police,-2.031661,52.688153,On or near Police Station,E01029360,Cannock Chase 012B,Offender given a caution
6d1833df3a1761b2a8074f0b7c20cab07b0f1dc81e2b21f5d18eb256fcf577f5,2021-10,Staffordshire Police,Staffordshire Police,-2.184400,53.032334,On or near BOWNESS STREET,E01014256,Stoke-on-Trent 011D,Investigation complete; no suspect identified
bb6635cf971e5c835cac0cc3a82335c5b577c0fccf2af9204c967360a7137aab,2021-10,Staffordshire Police,Staffordshire Police,-2.225244,53.009773,On or near Nightclub,E01029604,Newcastle-under-Lyme 011E,Investigation complete; no suspect identified
c6a8d40d949ea1407c4f08e4a7d31f3f5f6c2a8063eee7e188d360c70bd3f4ba,2021-10,Staffordshire Police,Staffordshire Police,-2.389898,52.923445,On or near SHARPLANDS,E01029571,Newcastle-under-Lyme 016C,Unable to prosecute suspect
e68bcf4fb60e5947f4ac419c8ea955ea83b3dbd8137426295c25125949f4cf56,2021-10,Staffordshire Police,Staffordshire Police,-2.186055,53.066813,On or near BROCKBANK PLACE,E01014262,Stoke-on-Trent 003B,Unable to prosecute suspect
722a2e542ff8e1f21dd82d9d888c18c41c85e2e761bff2a87ab9a0a2f0cb4d29,2021-10,Staffordshire Police,Staffordshire Police,-2.160258,52.967979,On or near SHEPLEY GROVE,E01014237,Stoke-on-Trent 032C,Unable to prosecute suspect
3a9f2729cacb65c094ca6c070c6ed1de20476649d2c91a05abd88519db16e8db,2021-10,Staffordshire Police,Staffordshire Police,-2.229219,53.014592,On or near BRINDLEY STREET,E01029604,Newcastle-under-Lyme 011E,Formal action is not in the public interest
4b46d208a13c97c6e42f3af287025c4af0b5d1f0312bd4f99bb0f5e7c69846e6,2021-10,Staffordshire Police,Staffordshire Police,-2.103702,52.977769,On or near UTTOXETER ROAD,E01014316,Stoke-on-Trent 031C,Suspect charged
4b46d208a13c97c6e42f3af287025c4af0b5d1f0312bd4f99bb0f5e7c69846e6,2021-10,Staffordshire Police,Staffordshire Police,-2.103702,52.977769,On or near UTTOXETER ROAD,E01014316,Stoke-on-Trent 031C,Suspect charged
d36d36260b343f43d93d539c30d6dd9652d01ed4b4e975cd4efd538bdc3753dc,2021-10,Staffordshire Police,Staffordshire Police,-1.631603,52.784583,On or near SOMERSET ROAD,E01029450,East Staffordshire 014B,Suspect charged
687e83bc5ac16408d30abadb42f64931606d5fca056da8b210787e041fcc7844,2021-10,Staffordshire Police,Staffordshire Police,-2.102504,52.975037,On or near CROSSLAND PLACE EAST,E01014317,Stoke-on-Trent 031D,Unable to prosecute suspect
89ae39f3cee58210774dac832837b86511bd8f10ebce2074a00ae92645e555c3,2021-10,Staffordshire Police,Staffordshire Police,-2.025277,52.675173,On or near WALSALL ROAD,E01029359,Cannock Chase 012A,Unable to prosecute suspect
317fd96d7b9dda6d114e7f3b1f30937ead4a9626fb8eb4461fc3e113dcdf2739,2021-10,Staffordshire Police,Staffordshire Police,-2.281493,53.014588,On or near UNDERWOOD ROAD,E01029593,Newcastle-under-Lyme 012B,Unable to prosecute suspect
aa1ba627b0cafd645eb16eecf795ca08865f2537d331ed15bcc7ee00f6db6bc0,2021-10,Staffordshire Police,Staffordshire Police,-2.165563,53.008217,On or near LORDSHIP LANE,E01014276,Stoke-on-Trent 020C,Investigation complete; no suspect identified
d5c73cf9394466b631e142c6ffd0a67ffb06fc403a3cf17c8e3f7e6a8267a231,2021-10,Staffordshire Police,Staffordshire Police,-2.226108,53.009600,On or near HICK STREET,E01029604,Newcastle-under-Lyme 011E,Investigation complete; no suspect identified
41c38cb590b41e80e22d44e3735a62d0bc68f0b4659bbba67bf3e5505445ef18,2021-10,Staffordshire Police,Staffordshire Police,-2.030293,52.699534,On or near CELTIC ROAD,E01029355,Cannock Chase 007B,Formal action is not in the public interest
c138ffa3e5483914a2e1d39d3c183fa58a376083d8097e947140b30cf48b231e,2021-10,Staffordshire Police,Staffordshire Police,-2.143453,52.996434,On or near CARLING GROVE,E01014273,Stoke-on-Trent 021A,Unable to prosecute suspect
e68bff7d0e4a28e51becf274383ff74a7a904eb591da53f97deca816096a3282,2021-10,Staffordshire Police,Staffordshire Police,-2.135669,52.989530,On or near TIMES SQUARE,E01014302,Stoke-on-Trent 022D,Investigation complete; no suspect identified
5ff5a8e32b1378ee26ffaa38c18f26175dd67a0d44b3edad58cbeb190b7ea944,2021-10,Staffordshire Police,Staffordshire Police,-2.030883,52.697259,On or near TEDDESLEY COURT,E01029356,Cannock Chase 007C,Investigation complete; no suspect identified
89994b5c27c21f6cfbada5f723d2a10d859ed151f1c680d6fcb0a4e6cd98f022,2021-10,Staffordshire Police,Staffordshire Police,-1.661279,52.603710,On or near TINKERS GREEN ROAD,E01029868,Tamworth 010D,Unable to prosecute suspect
bbc4b53f8117e0c809a93991d8b08f68ad72ceeafca145940247d3f815483486,2021-10,Staffordshire Police,Staffordshire Police,-2.186489,53.005057,On or near LIVERPOOL ROAD,E01014293,Stoke-on-Trent 019A,Investigation complete; no suspect identified
dacfc31f9527c55634ded29ba3f6827eefbb0dee16eaf71917e925cf7b43e06a,2021-10,Staffordshire Police,Staffordshire Police,-2.129098,52.979155,On or near HALES PLACE,E01014312,Stoke-on-Trent 029D,Unable to prosecute suspect
5887f219d79118350d29de5b7cdce26eabea74fa529d542e33a9d19d99c5fffc,2021-10,Staffordshire Police,Staffordshire Police,-2.143372,53.057524,On or near BESWICK BROOK CLOSE,E01014265,Stoke-on-Trent 007D,Unable to prosecute suspect
fc92c4e4edfd957bee6731e4cc46b3834080400e8360ab07ec69e4a2a7efc12f,2021-10,Staffordshire Police,Staffordshire Police,-1.761019,52.720774,On or near WATSON CLOSE,E01029479,Lichfield 002C,Unable to prosecute suspect
db6523b8f40d282e51b8f55613ab5ec144b953debf72cc29e4ec79d22094ed7f,2021-10,Staffordshire Police,Staffordshire Police,-2.173347,53.050176,On or near BADEN ROAD,E01014268,Stoke-on-Trent 008C,Investigation complete; no suspect identified
c31e1368464d807861767757c3ad15ad98e255474ccffb8e3577a33d887a4fd7,2021-10,Staffordshire Police,Staffordshire Police,-2.139335,53.031550,On or near CASTLE GROVE,E01014212,Stoke-on-Trent 012C,Unable to prosecute suspect
725ee76a45e2cb235576838b0d2f1309b7df4d3895535f84443647f8324b7bd6,2021-10,Staffordshire Police,Staffordshire Police,-2.244825,52.550001,On or near Sports/Recreation Area,E01029667,South Staffordshire 013B,Local resolution
747b52aecf0b11cfe45c2ad5158f23ff1c28dba973a4b7cba649247a5c78886b,2021-10,Staffordshire Police,Staffordshire Police,-2.232355,52.987951,On or near TRENT GROVE,E01029590,Newcastle-under-Lyme 015C,Unable to prosecute suspect
80c7620a70852c7986cf052fad31044dfc680f85d60273079e32608dbd2b8a1e,2021-10,Staffordshire Police,Staffordshire Police,-2.080589,52.970299,On or near FIELDWAY,E01029702,Stafford 001A,Unable to prosecute suspect
13f6dddb52b9e90ac5663828bcd0a6aa76df5c679921fdd9a912ad109df37be6,2021-10,Staffordshire Police,Staffordshire Police,-2.239117,53.092805,On or near GLOUCESTER ROAD,E01029561,Newcastle-under-Lyme 002A,Investigation complete; no suspect identified
c09b6c625a9caa5ea391dca908a5412ef414f920ee233ff8d227fbcb880e89ac,2021-10,Staffordshire Police,Staffordshire Police,-2.209408,53.001846,On or near GRINDLEY HILL COURT,E01014294,Stoke-on-Trent 018F,Unable to prosecute suspect
c635dd77cbce0c73bd09b323d0fcc1d1731f19632e99de42dc5a3e393cdfb245,2021-10,Staffordshire Police,Staffordshire Police,-2.213451,53.024006,On or near RANGEMORE TERRACE,E01029579,Newcastle-under-Lyme 009B,Unable to prosecute suspect
8a7dbca6e78d0ae42b9c2a5888078f87f2cdd25bdee083dbe833d4af409b6c9a,2021-10,Staffordshire Police,Staffordshire Police,-2.097206,52.996759,On or near FERNLEA GROVE,E01014369,Stoke-on-Trent 024D,Unable to prosecute suspect
9cbddbe32dcad5c4960c3acde55a03776c7e18d7864655e6dc94100b566ef480,2021-10,Staffordshire Police,Staffordshire Police,-2.145723,53.015677,On or near SOUTHALL WAY,E01014228,Stoke-on-Trent 014E,Further action is not in the public interest
bf57e618818f1d2250384f2879c301c80b746c7d3da4f26dc181aaefc8aa23f3,2021-10,Staffordshire Police,Staffordshire Police,-1.637163,52.816657,On or near THORNLEY STREET,E01029426,East Staffordshire 008A,Unable to prosecute suspect
c8555398f31381f96e555ff6a48066cbf760aede6f4bc8747e74c61c9c595c2c,2021-10,Staffordshire Police,Staffordshire Police,-1.881432,52.565829,On or near ELMWOOD ROAD,E01009464,Birmingham 007B,Unable to prosecute suspect
aa3f0d2540efe2a0bc3a3ca2de286aac9f3b9f87d396fd2c11a0b55d5eb43ec4,2021-10,Staffordshire Police,Staffordshire Police,-2.110968,52.785714,On or near LYRIC CLOSE,E01029729,Stafford 016B,Further action is not in the public interest
f48eae70bfaa48ba6ae89d1186202674eb459acd702d873a5f1f1c7f34ad14d0,2021-10,Staffordshire Police,Staffordshire Police,-2.104233,52.815025,On or near DOUGLAS ROAD WEST,E01029693,Stafford 009B,Unable to prosecute suspect
91a3ac57bbf62e84e3b52ad95fbcfa135624e59319428450cbe23df675568153,2021-10,Staffordshire Police,Staffordshire Police,-2.145955,53.000584,On or near ELBURTON ROAD,E01014280,Stoke-on-Trent 021C,Further investigation is not in the public interest
cb40bc60a2787be0c40b14dee772fd6374abcc555dc3f4065d0e0e5909a503c1,2021-10,Staffordshire Police,Staffordshire Police,-2.027729,53.108827,On or near BADGERS SETT,E01029807,Staffordshire Moorlands 005B,Unable to prosecute suspect
d6056616e53eff4141fc97cfb666cb44954b7a4dd8b77c7334270301486f1465,2021-10,Staffordshire Police,Staffordshire Police,-1.643022,52.811452,On or near WATERLOO STREET,E01029445,East Staffordshire 009A,Unable to prosecute suspect
91e03e3774c5234be906b02bc341c4bf8c0cdd5b21565a436708faf2c152cf57,2021-10,Staffordshire Police,Staffordshire Police,-2.109580,52.811353,On or near CORPORATION STREET,E01029725,Stafford 009D,Unable to prosecute suspect
3e1557519f8390456224cb4e38f82d94c2a38e4158f7700838d0bd57b72f7813,2021-10,Staffordshire Police,Staffordshire Police,-2.199218,52.973341,On or near JUBILEE ROAD,E01014348,Stoke-on-Trent 030B,Unable to prosecute suspect
e7efcf917ee494a3bf158796d260d3d60c936d4770c238233fdcc0d7fe5407ce,2021-10,Staffordshire Police,Staffordshire Police,-2.066518,52.825130,On or near Conference/Exhibition Centre,E01029732,Stafford 011E,Formal action is not in the public interest
62e6cccfbd4254144a2ad638d33d3f1997692002631eb5c2f1baa74faf109ab2,2021-10,Staffordshire Police,Staffordshire Police,-2.026202,52.712633,On or near MARGARET DRIVE,E01029357,Cannock Chase 007D,Further action is not in the public interest
43acb06696541f142c5f30502a3bc5365b00f40b3a352de01addbdbc2ccff861,2021-10,Staffordshire Police,Staffordshire Police,,,No location,,,Unable to prosecute suspect
45081a32b9a6c2208a0176cbc4690efbb0b83b6952fbef22e16f8e69243b11e2,2021-10,Staffordshire Police,Staffordshire Police,-2.192404,53.028195,On or near RIDGEHOUSE DRIVE,E01014285,Stoke-on-Trent 015B,Investigation complete; no suspect identified
e94bc3faf67f89d7d36f8726af02fa3da706495eac0b2f63ca1b162cfaae94bf,2021-10,Staffordshire Police,Staffordshire Police,-2.176706,53.021532,On or near RANELAGH STREET,E01014287,Stoke-on-Trent 015D,Unable to prosecute suspect
0863b42a4d781d95e4c217dc56f365952b27cb055b799e682a8ac265c801c8eb,2021-10,Staffordshire Police,Staffordshire Police,-2.134975,52.986735,On or near Parking Area,E01014302,Stoke-on-Trent 022D,Investigation complete; no suspect identified
0f420c79d90699c09b443262615a440dd18e63ab404aa55e76d8e706d3c0883a,2021-10,Staffordshire Police,Staffordshire Police,-2.167583,53.110114,On or near EDGELEY ROAD,E01029765,Staffordshire Moorlands 003C,Unable to prosecute suspect
56f013d33fd8f6e35ef022a3be512325fc52ae9e6b537aa2dc8e9b2a46269a32,2021-10,Staffordshire Police,Staffordshire Police,-2.193844,53.030152,On or near Petrol Station,E01014285,Stoke-on-Trent 015B,Offender given a caution
ce8a424fae58426fec6ca3cce9ea95b560ae56f5760363eb938b9da9e023fa70,2021-10,Staffordshire Police,Staffordshire Police,-1.645220,52.796617,On or near OAK STREET,E01029407,East Staffordshire 011A,Unable to prosecute suspect
f92624228e185c2e5ea970c3914542847a21279f799241547076b8499e840a9d,2021-10,Staffordshire Police,Staffordshire Police,-1.960176,52.998995,On or near LOCKWOOD ROAD,E01029782,Staffordshire Moorlands 010B,Unable to prosecute suspect
656fe5bbdb29edd5efb552eb0c17be4c4da25cebc68acedc19326d6c0473a66f,2021-10,Staffordshire Police,Staffordshire Police,-2.028175,52.697062,On or near LYSANDER WAY,E01029367,Cannock Chase 011E,Unable to prosecute suspect
45a0b8443f7246c1ed8f624f71733ae6c9e2f6510d3443ae8eb109e50ec12b8e,2021-10,Staffordshire Police,Staffordshire Police,-2.035724,52.699856,On or near STAFFORD ROAD,E01029356,Cannock Chase 007C,Investigation complete; no suspect identified
83ed18e2aca21ed3748659fa427d52a6ffdc7f74c6b5ced85ecb489beb595631,2021-10,Staffordshire Police,Staffordshire Police,-2.193575,52.532790,On or near KIRKSTONE CRESCENT,E01029671,South Staffordshire 012A,Unable to prosecute suspect
3cdcded3d120178349cc8867336623ba9486d85de6a07168283ab61c0c178cca,2021-10,Staffordshire Police,Staffordshire Police,-1.662004,52.624622,On or near Pedestrian Subway,E01029841,Tamworth 003E,Further action is not in the public interest
4433d585ce11f7574b096bfea1ee11d8021d5b936d5477630891839d01ae2ead,2021-10,Staffordshire Police,Staffordshire Police,-2.180929,53.011781,On or near BERESFORD STREET,E01014283,Stoke-on-Trent 016E,Investigation complete; no suspect identified
06bd688c01b5cfa9efb6cf42abae7364c43daed303f8a4b0c70201c917cf93ec,2021-10,Staffordshire Police,Staffordshire Police,-2.198620,52.975931,On or near Supermarket,E01014346,Stoke-on-Trent 030A,Investigation complete; no suspect identified
fa86a3e90ad19f92e99c367fa7c0b1633f5d6c4e3e64d295cd9b4b2c0df7e0fb,2021-10,Staffordshire Police,Staffordshire Police,-2.166932,53.046032,On or near Petrol Station,E01014270,Stoke-on-Trent 008D,Investigation complete; no suspect identified
8eb038fe6d0ba1771cb649a8dab315790d48cb3db553a1247697beb51a518092,2021-10,Staffordshire Police,Staffordshire Police,-2.051914,52.725857,On or near POTTAL POOL ROAD,E01029656,South Staffordshire 001B,Investigation complete; no suspect identified
8dce6e0d97bf7aec812d2d245a91f60a15f2369f17c587101b978d3b771bde8a,2021-10,Staffordshire Police,Staffordshire Police,-2.125456,52.791371,On or near HIGHLANDS,E01029737,Stafford 012C,Suspect charged
41ee89ff90aed9b46f05413416b8d8fcb76283903bc36b51e5bc86aa2c8580a3,2021-10,Staffordshire Police,Staffordshire Police,-1.688656,52.634701,On or near ALEXANDRA MEWS,E01029835,Tamworth 002A,Investigation complete; no suspect identified
3ea40f4eaa02b62a6ef20440c821195bbccad96175fc86abec519cbb8dcce3a2,2021-10,Staffordshire Police,Staffordshire Police,-2.021439,53.105691,On or near A53,E01029805,Staffordshire Moorlands 006C,Unable to prosecute suspect
9eb1c620b0e2b284c36823417717432c3a78a2b072e59833ad42ddc524326486,2021-10,Staffordshire Police,Staffordshire Police,-2.227419,53.012420,On or near MERRIAL STREET,E01029604,Newcastle-under-Lyme 011E,Suspect charged
1c41a090dfd1e9340669e4a178bf16edc7164e84425de3d8e0d569687f598403,2021-10,Staffordshire Police,Staffordshire Police,-2.116739,52.808901,On or near Parking Area,E01029701,Stafford 010E,Unable to prosecute suspect
570cb669f45f6422f2eb3112e7473bde1474cc2aeb809774e9d9e5f233c4a791,2021-10,Staffordshire Police,Staffordshire Police,-2.183953,53.011525,On or near Petrol Station,E01014283,Stoke-on-Trent 016E,Investigation complete; no suspect identified
13754049cdf31b16aa216645086034b2feb6cf0539c4fa70f18e64cb453dcd75,2021-10,Staffordshire Police,Staffordshire Police,-1.885408,52.682214,On or near ST MATTHEW'S AVENUE,E01029508,Lichfield 003C,Suspect charged
469f6d17009cac34a445afa1602273fa30a22c63aa9079db84dd2d50e32cd9e2,2021-10,Staffordshire Police,Staffordshire Police,-2.178094,53.112247,On or near WEST STREET,E01029774,Staffordshire Moorlands 003E,Unable to prosecute suspect
ff316840506bb1becf35f6f4a9b00bdacfadcfd0ef69b2b90c507c760f516399,2021-10,Staffordshire Police,Staffordshire Police,-2.184502,53.017816,On or near HAVELOCK PLACE,E01014286,Stoke-on-Trent 015C,Suspect charged
119e9eecb3a29cc7ef6d47454e49933d3e2d8972b1aef262c5693c7db450d370,2021-10,Staffordshire Police,Staffordshire Police,-2.223138,53.081051,On or near OLDCOTT CRESCENT,E01029587,Newcastle-under-Lyme 001F,Further action is not in the public interest
6d1b503966392254bba420c1fbb215180b5f6246cb4845363a1340cbe055fe49,2021-10,Staffordshire Police,Staffordshire Police,-1.639916,52.810256,On or near DERBY STREET,E01029447,East Staffordshire 009C,Investigation complete; no suspect identified
dbe379f6738ade74b06844b84357640c8738437ba3508417c5ba788f81c9036c,2021-10,Staffordshire Police,Staffordshire Police,-2.020709,52.710386,On or near Sports/Recreation Area,E01029357,Cannock Chase 007D,Unable to prosecute suspect
e126bbef7542089e596b9121dc22d035934d77d2a0f012d2497b579c9f932db1,2021-10,Staffordshire Police,Staffordshire Police,-1.660268,52.598924,On or near OVERWOODS ROAD,E01029869,Tamworth 010E,Further action is not in the public interest
4b6ded9c6b15bd682ede43db8ab553ba22a6cae108e24de1c9c03a09862379d6,2021-10,Staffordshire Police,Staffordshire Police,-2.207720,53.059829,On or near PARK TERRACE,E01014355,Stoke-on-Trent 005B,Unable to prosecute suspect
4126816d3f295bda78e27989be7fe77e164d2c8660c7025fd9153313b884a81c,2021-10,Staffordshire Police,Staffordshire Police,-1.699836,52.644205,On or near THACKERAY DRIVE,E01029849,Tamworth 002C,Offender given a caution
2d1bae81aa962e33dd65d5a169cbeb148e1b0794becbd44e2cf4800cda155df3,2021-10,Staffordshire Police,Staffordshire Police,-2.211750,53.020728,On or near Supermarket,E01029580,Newcastle-under-Lyme 009C,Investigation complete; no suspect identified
570c279b738898542e7630cd5d5818232bb9e3d44d4d4a5c421bb7b45da1a803,2021-10,Staffordshire Police,Staffordshire Police,-2.092571,52.968258,On or near WENHAM DRIVE,E01014315,Stoke-on-Trent 033A,Formal action is not in the public interest
b0f183c2178f60db25a9278c67004d345ab09c87472f85858a01d597fc7ceab0,2021-10,Staffordshire Police,Staffordshire Police,-2.255767,53.034979,On or near PALATINE DRIVE,E01029559,Newcastle-under-Lyme 007C,Unable to prosecute suspect
19dace72dcf055c4bc99100f65e17b4497b54a4a90ede06e5bcb44e7b8e76271,2021-10,Staffordshire Police,Staffordshire Police,-2.098289,52.981387,On or near WESTWOOD ROAD,E01014367,Stoke-on-Trent 028C,Unable to prosecute suspect
22af85804838e1071a481576f8da577f7faef931171c4b4f7326cd2150bc8300,2021-10,Staffordshire Police,Staffordshire Police,-1.673854,52.787179,On or near COURT FARM LANE,E01029416,East Staffordshire 013D,Unable to prosecute suspect
df1e9a9aad4fe360cdccad8435190ce52c90153fce34616f023d360c6f0a9be6,2021-10,Staffordshire Police,Staffordshire Police,-2.022049,52.696830,On or near GRESHAM ROAD,E01029367,Cannock Chase 011E,Investigation complete; no suspect identified
ff63b58da23798e53f37a7fd9f0cf8f756f6579fc147b033555ca4515021526f,2021-10,Staffordshire Police,Staffordshire Police,-2.022380,53.106590,On or near FORD STREET,E01029804,Staffordshire Moorlands 005A,Suspect charged
b9fe96b10e3c11ff7144114294829031d4ef0e9fd9f4d556dc5764872bb0acde,2021-10,Staffordshire Police,Staffordshire Police,-1.987857,52.954513,On or near OLD ROAD,E01029791,Staffordshire Moorlands 013E,Unable to prosecute suspect
ec9a187240ffacdc5e36d2a1047673ed8de427d778dbd175866cc9ff5562c00f,2021-10,Staffordshire Police,Staffordshire Police,-2.162535,53.003439,On or near VICTORIA ROAD,E01014275,Stoke-on-Trent 020B,Further action is not in the public interest
16726f1f883648676838c5c926345d534e50685e97ae30196f6ed6a7c9250d9a,2021-10,Staffordshire Police,Staffordshire Police,-2.109626,52.817870,On or near HENRY STREET,E01029694,Stafford 010C,Offender given a caution
e457a497e19a44d9da4fc8e2659f69f123fd9c327a4c6953bf4ab542e9e1a5b4,2021-10,Staffordshire Police,Staffordshire Police,-1.945426,52.735951,On or near STILE COP ROAD,E01029348,Cannock Chase 003D,Investigation complete; no suspect identified
efa3dbbfa1be621b0cad26f1be23541b6cdec2cad1ce84f4b07e32c725912851,2021-10,Staffordshire Police,Staffordshire Police,-2.141807,53.048860,On or near Parking Area,E01014267,Stoke-on-Trent 007E,Investigation complete; no suspect identified
8f065426883293eeff699b804003f96f14a15315d51727a76e3271d4d31c35e0,2021-10,Staffordshire Police,Staffordshire Police,-2.214327,53.062334,On or near BANK STREET,E01014361,Stoke-on-Trent 005D,Formal action is not in the public interest
76750ec8e87b229b2de13d311b5d92c5cc75deaf67283bf368a0803275c51dc2,2021-10,Staffordshire Police,Staffordshire Police,-2.185736,53.006650,On or near LIVERPOOL ROAD,E01014293,Stoke-on-Trent 019A,Suspect charged
3bf08309241c4e8e34cd92bcc9ae6905a538dd601b4d59f504bf96587410eae5,2021-10,Staffordshire Police,Staffordshire Police,-2.174250,53.052143,On or near ROBERT HEATH STREET,E01014246,Stoke-on-Trent 008A,Investigation complete; no suspect identified
0f27da77548e04238448b51aebe2a08f382772cea08fcea1d7d65b05375f783e,2021-10,Staffordshire Police,Staffordshire Police,-1.837253,52.676071,On or near ELLSMORE MEADOW,E01032900,Lichfield 004G,Unable to prosecute suspect
850204b3add5fb372867670e1de28cc638d7efcb07abfb96ae89084ab4add45b,2021-10,Staffordshire Police,Staffordshire Police,-1.698922,52.624461,On or near A5,E01029837,Tamworth 005B,Unable to prosecute suspect
4a313330c4a8d805124e57122cad3c0d281d28359ff97b9b52a4937416c3fd4b,2021-10,Staffordshire Police,Staffordshire Police,-2.120623,52.989582,On or near AMBERFIELD CLOSE,E01014299,Stoke-on-Trent 025A,Investigation complete; no suspect identified
5134474bfb14ab01ead7a87af065f7c2df8722803d35880a6ea0cb8c6828909c,2021-10,Staffordshire Police,Staffordshire Police,-2.205624,52.461363,On or near Pedestrian Subway,E01029652,South Staffordshire 014D,Investigation complete; no suspect identified
fc14502012e40c35d5812c8b18c0d04244d4ef09f6de485067c17f6a01f38efd,2021-10,Staffordshire Police,Staffordshire Police,-2.188299,53.020417,On or near WARWICK STREET,E01014286,Stoke-on-Trent 015C,Action to be taken by another organisation
4de09b68eb9bae22aa631561b70dbfb0976b046b15dcbf3176facb10c97ee8a3,2021-10,Staffordshire Police,Staffordshire Police,-2.215546,52.992585,On or near SUFFOLK CLOSE,E01029549,Newcastle-under-Lyme 014A,Investigation complete; no suspect identified
7b06b329bc5b5937b4d6f84cc6d0ff55de77998524a952dae198514e74456a75,2021-10,Staffordshire Police,Staffordshire Police,-2.162344,53.023898,On or near CRESSWELL ROAD,E01014231,Stoke-on-Trent 016B,Unable to prosecute suspect
41125cbf6431397c144ac21c9fbabda3f0ab2bafdd671c3def6148e9728a29ff,2021-10,Staffordshire Police,Staffordshire Police,-1.683875,52.605058,On or near TAMWORTH ROAD,E01029861,Tamworth 009B,Action to be taken by another organisation
5665fdbf58860349574379f1270a3b33ef5a564d607e2e2521043d6fe491e3a0,2021-10,Staffordshire Police,Staffordshire Police,-2.003999,52.714335,On or near HIGH MOUNT STREET,E01029387,Cannock Chase 005C,Suspect charged
8fb9eb55b189c4c52a3ec0001c6696a94e39e0945d68fc568d54fc8bb9a5ff77,2021-10,Staffordshire Police,Staffordshire Police,-2.214244,53.042549,On or near LONGPORT ROAD,E01014252,Stoke-on-Trent 009D,Unable to prosecute suspect
27f7c552eeba90996860c42bd969e999413712edb97cd447e2480bb9ffade0df,2021-10,Staffordshire Police,Staffordshire Police,-2.175587,53.017614,On or near HARDING ROAD,E01014287,Stoke-on-Trent 015D,Local resolution
39e92eafbeb5c192736da8235b46cef07e3527325a886e3289428d24e1551362,2021-10,Staffordshire Police,Staffordshire Police,-2.183994,53.073666,On or near OXFORD ROAD,E01014337,Stoke-on-Trent 004E,Investigation complete; no suspect identified
5945b7ef42101421dde504ac5723286d6cad097142f4266e8567e28705e9eda5,2021-10,Staffordshire Police,Staffordshire Police,-2.184502,53.017816,On or near HAVELOCK PLACE,E01014286,Stoke-on-Trent 015C,Unable to prosecute suspect
a497a7ce3d54e13f7df7c1f0dbef3c9089fd54bf9e6599ec5f79d116d45ecaed,2021-10,Staffordshire Police,Staffordshire Police,-2.175113,53.051567,On or near KIRK STREET,E01014246,Stoke-on-Trent 008A,Investigation complete; no suspect identified
25535455322cad816a25c909fd8fa57af5ee43425a8d1f95add2f7b50a60c6b9,2021-10,Staffordshire Police,Staffordshire Police,-2.184502,53.017816,On or near HAVELOCK PLACE,E01014286,Stoke-on-Trent 015C,Further action is not in the public interest
9a56e275ca407dd1a8cceb547dbc916ff1aeb90ceafccfdb5c1b6bbab27f67f2,2021-10,Staffordshire Police,Staffordshire Police,-2.103512,52.979576,On or near BRIGHT STREET,E01014321,Stoke-on-Trent 028A,Investigation complete; no suspect identified
e93af37c2e5c088e1467532786a446a8c1055cbce69d8cc5b31320e824b3002f,2021-10,Staffordshire Police,Staffordshire Police,-2.054992,52.642405,On or near Petrol Station,E01029635,South Staffordshire 007D,Investigation complete; no suspect identified
c400db3bebf4e503a268e68ccbbc609f06c51aa85aad36eea30b0616aac3c305,2021-10,Staffordshire Police,Staffordshire Police,-2.187820,53.030234,On or near SHAW STREET,E01014254,Stoke-on-Trent 011C,Unable to prosecute suspect
c29a98e986db4bceab93df59e2686d9ce3184bbf59c4b1758a9e521552f5aeff,2021-10,Staffordshire Police,Staffordshire Police,-2.115960,52.806277,On or near ST CHAD'S PLACE,E01029701,Stafford 010E,Investigation complete; no suspect identified
16843198e52705dcee951d74e230b2008089a80dec20a35edb54f94ec5a64c30,2021-10,Staffordshire Police,Staffordshire Police,-2.207611,53.009256,On or near Supermarket,E01014290,Stoke-on-Trent 018C,Unable to prosecute suspect
2b910c584e16228ac6f684c2cdaf9dbe0dcbfd7beeb3194ef31e8377e51345ac,2021-10,Staffordshire Police,Staffordshire Police,-2.026836,52.684927,On or near TRINITY CLOSE,E01029360,Cannock Chase 012B,Action to be taken by another organisation
39fc1a78b9ef8bd32e42f966649b4ad0c7155dc58388e290137f27d8a6c330cd,2021-10,Staffordshire Police,Staffordshire Police,-2.104559,52.969102,On or near DENTDALE CLOSE,E01014317,Stoke-on-Trent 031D,Unable to prosecute suspect
a07f99aeb318b77d173f7de2c55750cd8cea8b2a1fb47a45a358e67c1ce20751,2021-10,Staffordshire Police,Staffordshire Police,-2.103097,52.817795,On or near Park/Open Space,E01029694,Stafford 010C,Further action is not in the public interest
f500d3e97073da7ff00b1cebb7a3c5baea18b676d291517335a50dc93cbeb9bc,2021-10,Staffordshire Police,Staffordshire Police,-2.137865,52.682800,On or near CRATEFORD LANE,E01029617,South Staffordshire 003A,Further investigation is not in the public interest
af227f6481ae18ddebe9693650b8fee99c8a6d64e5392aa3d82ee4ffaeff87cc,2021-10,Staffordshire Police,Staffordshire Police,-2.183038,52.995948,On or near FIELDING STREET,E01014339,Stoke-on-Trent 019C,Investigation complete; no suspect identified
f2299c0305db23ea6e76a5552acd6c4f8ae15821922588fcda27c39a4b8fafce,2021-10,Staffordshire Police,Staffordshire Police,-2.145353,52.901442,On or near B5027,E01029745,Stafford 003C,Unable to prosecute suspect
545d29a002b5e52e7c5503a289b9e1b498469d9e150369d540ac862b4888e70b,2021-10,Staffordshire Police,Staffordshire Police,-2.035262,52.696179,On or near BISHOP CLOSE,E01029367,Cannock Chase 011E,Investigation complete; no suspect identified
fdacb58a07e5a614dd795526bea0443962cbbc33f056a069ce1bcd0acedcda2c,2021-10,Staffordshire Police,Staffordshire Police,-2.192404,53.028195,On or near RIDGEHOUSE DRIVE,E01014285,Stoke-on-Trent 015B,Investigation complete; no suspect identified
14696d9bad2937e667b4c8a8139a9ad27c8405ee8c4e78becab9ba3ebb67a39a,2021-10,Staffordshire Police,Staffordshire Police,-1.666032,52.613657,On or near RYTON,E01029829,Tamworth 010A,Unable to prosecute suspect
4752e022492ddfb322370237d7e758b3af00b8c7995c18a4e5b3b907f472ca43,2021-10,Staffordshire Police,Staffordshire Police,-2.055917,52.971320,On or near PARK WAY,E01029799,Staffordshire Moorlands 012D,Investigation complete; no suspect identified
36280257bce9aca12d3ca7098ae2f06848d93a318dcdc3be4585f3fc8c980a5a,2021-10,Staffordshire Police,Staffordshire Police,-1.892027,52.991573,On or near Theme/Adventure Park,E01029761,Staffordshire Moorlands 010A,Unable to prosecute suspect
25c940f7dc6edf492acd6aa2c031383bf2afc6619db6d5dfee548e45e94ff604,2021-10,Staffordshire Police,Staffordshire Police,-2.157359,52.989746,On or near DORCAS DRIVE,E01014239,Stoke-on-Trent 026C,Investigation complete; no suspect identified
8f1cb165f68d8e0361729c0701b7eca77d48ee6cb37df241dfcd9fa150e0562b,2021-10,Staffordshire Police,Staffordshire Police,-2.169203,53.020329,On or near EASTWOOD ROAD,E01014231,Stoke-on-Trent 016B,Unable to prosecute suspect
1921d351a598293e21bf3dc3bbe4a3d405ebd39ae15386ea01914a6dfad8051d,2021-10,Staffordshire Police,Staffordshire Police,-2.161042,52.970567,On or near NETLEY PLACE,E01014237,Stoke-on-Trent 032C,Unable to prosecute suspect
3d232538566c4c72e706aaf774c5c5658b4e7729f9be1c295506e1755828b6d1,2021-10,Staffordshire Police,Staffordshire Police,-1.984479,52.952454,On or near SAPLING RISE,E01029791,Staffordshire Moorlands 013E,Action to be taken by another organisation
74cec73a718f9baa6b5dfd00c9a1625dbafc8bcb122687cf19bdcb0c3462c281,2021-10,Staffordshire Police,Staffordshire Police,-2.165344,53.059922,On or near HUGHSON GROVE,E01014331,Stoke-on-Trent 004A,Further action is not in the public interest
a2dc214864b6f4ed8e71e6dd92b934099ccd49bd6160df7f86dd13c601c73a6c,2021-10,Staffordshire Police,Staffordshire Police,-2.165344,53.059922,On or near HUGHSON GROVE,E01014331,Stoke-on-Trent 004A,Unable to prosecute suspect
188ab26341caa002ca39c61f6bc3270bcfb0b7202be692daff8367c822763dab,2021-10,Staffordshire Police,Staffordshire Police,-2.167358,53.048342,On or near SOUTHERN WAY,E01014268,Stoke-on-Trent 008C,Unable to prosecute suspect
9df23ed6a3c9e7f8b594171805f41237b529d63db6ee39de5ff3e42f75382124,2021-10,Staffordshire Police,Staffordshire Police,-2.141137,53.017210,On or near ZENNOR GROVE,E01014226,Stoke-on-Trent 014D,Suspect charged
ed7963b5e9a3b78bf65c591cce93022a731e9338c0feaccf748987d788f2f950,2021-10,Staffordshire Police,Staffordshire Police,-2.085608,52.782885,On or near WRENSWOOD,E01029759,Stafford 014G,Unable to prosecute suspect
accd785c1c9aea7b1ca6b90d930b7533f71584e93c03bf75034cde43e174e0ea,2021-10,Staffordshire Police,Staffordshire Police,-2.033345,52.685347,On or near ST JOHN'S CLOSE,E01029360,Cannock Chase 012B,Investigation complete; no suspect identified
ca374cc17fbae9206de9ce32b2bc3b4399178d119303244205e9484ae3e1faac,2021-10,Staffordshire Police,Staffordshire Police,-2.116944,52.808002,On or near SALTER STREET,E01029701,Stafford 010E,Investigation complete; no suspect identified
f2a6f9f0241a8e37345cf9410deeb57a20a3ca43109e833ea2c132f2f6d7235e,2021-10,Staffordshire Police,Staffordshire Police,-2.114999,52.779372,On or near BURTON HOUSE GARDENS,E01029726,Stafford 016A,Investigation complete; no suspect identified
248e84dd0f2977d7380b9bcd0726bc18c21a975b0f00971e7578fa78b5a66d03,2021-10,Staffordshire Police,Staffordshire Police,-2.128667,52.994356,On or near TIDESWELL ROAD,E01014300,Stoke-on-Trent 022C,Suspect charged
a15d01d7a0d55c973fda270f73c714b3db518ef43113af4bbcaa431f45088ad3,2021-10,Staffordshire Police,Staffordshire Police,-2.170306,53.118641,On or near EAST DRIVE,E01029766,Staffordshire Moorlands 003D,Investigation complete; no suspect identified
4ca6f166fd79df64397d1ea6bc039d16767a124ecb849784ba7004fa96914e79,2021-10,Staffordshire Police,Staffordshire Police,-1.990336,52.986246,On or near OAK STREET,E01029787,Staffordshire Moorlands 011D,Unable to prosecute suspect
5612975128c0a620102ae1a16e5268fe9a83b8ab02054cda00a441ab574141d4,2021-10,Staffordshire Police,Staffordshire Police,-2.140102,52.992249,On or near GOLDENHILL ROAD,E01014302,Stoke-on-Trent 022D,Unable to prosecute suspect
98254109ecc48144b3a717daf86de50e617c8996c9850d14c7a714727fb2caff,2021-10,Staffordshire Police,Staffordshire Police,-2.147700,52.813595,On or near RYE COURT,E01029752,Stafford 007E,Unable to prosecute suspect
a270ba9b92967860a2ec033b03137eaf0425ceea476fcecaef9283241c30dabe,2021-10,Staffordshire Police,Staffordshire Police,-2.199241,53.081696,On or near SCRAGG STREET,E01014264,Stoke-on-Trent 001E,Unable to prosecute suspect
c30f9aa9be35e968e4bd7df4810d0157fdf7d77c552cfc828c4d7508eb954e6a,2021-10,Staffordshire Police,Staffordshire Police,-1.892027,52.991573,On or near Theme/Adventure Park,E01029761,Staffordshire Moorlands 010A,Investigation complete; no suspect identified
a94eb495ec176254714d54b53046de7e79966204531483b41139b001c4da3c65,2021-10,Staffordshire Police,Staffordshire Police,-2.192404,53.028195,On or near RIDGEHOUSE DRIVE,E01014285,Stoke-on-Trent 015B,Investigation complete; no suspect identified
5c272cbe3fc387b0dd3562be3e5c7936382c78a33d4ff9339ad6d5dc793f977f,2021-10,Staffordshire Police,Staffordshire Police,-2.176159,53.026395,On or near Shopping Area,E01014287,Stoke-on-Trent 015D,Suspect charged
c1438e395fa0797722f0ab387fa01be8b09f273ec953676c9ef3a9c31d52fe39,2021-10,Staffordshire Police,Staffordshire Police,-1.610275,52.805236,On or near ALEXANDRA ROAD,E01029471,East Staffordshire 010D,Unable to prosecute suspect
fa9ff23d4a2c13520d07461028fcbea4854d1df15d48d5e8e4e96747bfaa9abb,2021-10,Staffordshire Police,Staffordshire Police,-2.226128,53.093181,On or near CASTLEVIEW ROAD,E01029563,Newcastle-under-Lyme 002B,Suspect charged
56f0cb3cdb6d42d8dd5c270503578ad45ab64b960d3dda4eedf526dc6f47d88e,2021-10,Staffordshire Police,Staffordshire Police,-2.228409,53.010782,On or near Supermarket,E01029604,Newcastle-under-Lyme 011E,Investigation complete; no suspect identified
7feeb3c2b2fb8c2579d5714e7fdacd18d2486771ea5528da9b64e1493a547e37,2021-10,Staffordshire Police,Staffordshire Police,-2.160033,52.991837,On or near HOLLY PLACE,E01014279,Stoke-on-Trent 020E,Unable to prosecute suspect
e047f4d9b78107de028d360e7a7747168a301d3b1d257848be64a7b13cac6560,2021-10,Staffordshire Police,Staffordshire Police,-2.044187,52.988710,On or near NEW ROAD,E01029778,Staffordshire Moorlands 012A,Unable to prosecute suspect
b7f2a3c352d607aaba5795d24816a8dd1513051579c69ef6c93ef28f4eada563,2021-10,Staffordshire Police,Staffordshire Police,-2.180045,53.010704,On or near ASHFORD STREET,E01014284,Stoke-on-Trent 016F,Investigation complete; no suspect identified
75376801946a8ca16eb142e8927a24f31d956ff2622e2bf515a84784bac0e1c5,2021-10,Staffordshire Police,Staffordshire Police,-1.687786,52.649046,On or near MANSTON VIEW,E01029854,Tamworth 001F,Action to be taken by another organisation
d77189aa619f98f5a725c8d5648648b6ace6efec581069dc8a7900e9ca2a7706,2021-10,Staffordshire Police,Staffordshire Police,-2.202855,53.078777,On or near ROSSETT GROVE,E01014258,Stoke-on-Trent 001B,Investigation complete; no suspect identified
b10a6549246d014b40ab7ef49826a50859a5d75bd774c8cd32956da03542049f,2021-10,Staffordshire Police,Staffordshire Police,-2.204179,53.039933,On or near BENNETT STREET,E01014251,Stoke-on-Trent 009C,Unable to prosecute suspect
fdd1966f66bc1306f720c91c3dc3c653424a123affec76ff5064a37b45ed6120,2021-10,Staffordshire Police,Staffordshire Police,-2.074537,52.785329,On or near MENDIP AVENUE,E01029760,Stafford 014H,Unable to prosecute suspect
5c67ad6f002d721aceba6f3dd0410f2e9f440be5a6621085c98e5d56921b2d4b,2021-10,Staffordshire Police,Staffordshire Police,-2.226915,53.010003,On or near FRIARS' STREET,E01029604,Newcastle-under-Lyme 011E,Suspect charged
8025a6b3497874b682b8bb89899b16a4ee0e3c28c2bd7a70d559f18a86a92ea8,2021-10,Staffordshire Police,Staffordshire Police,-1.946372,52.762273,On or near PARK VIEW TERRACE,E01029403,Cannock Chase 002D,Investigation complete; no suspect identified
075f010fa178eab03b7558ce0d93f00ed1432151575e5b5f63268e581cb467fd,2021-10,Staffordshire Police,Staffordshire Police,-1.678171,52.631922,On or near FERRERS ROAD,E01029831,Tamworth 004B,Unable to prosecute suspect
fca6db09d80b5aca8a877738f8f20d82db9a3f7bfd617b1df281218614759c25,2021-10,Staffordshire Police,Staffordshire Police,-2.042403,52.962965,On or near STUART AVENUE,E01029789,Staffordshire Moorlands 012B,Unable to prosecute suspect
fdda87eb8a0fb90d4a5381541415fdb255e6d2ae65daa34cbbefa24c9f2dce94,2021-10,Staffordshire Police,Staffordshire Police,-1.860467,52.900973,On or near A518,E01029460,East Staffordshire 003B,Local resolution
9a3238807a1af08ab19143cd66d0c66b0df43e91c87d62d1dce8911fb0799928,2021-10,Staffordshire Police,Staffordshire Police,-1.977156,52.810017,On or near MORETON LANE,E01029711,Stafford 008C,Unable to prosecute suspect
142b892045b74b94dcda786514ba1f51b9eae97f3608c58b18a7de3f345774ec,2021-10,Staffordshire Police,Staffordshire Police,-1.628670,52.803416,On or near Further/Higher Educational Building,E01032896,East Staffordshire 011F,Investigation complete; no suspect identified
2965bb06029488d04842c5d407d85ede59a6400713891e95394e7ac381743cb2,2021-10,Staffordshire Police,Staffordshire Police,-2.177415,53.027185,On or near NEW HALL STREET,E01014287,Stoke-on-Trent 015D,Unable to prosecute suspect
78e17f0a1a18fd2024a3406c74965bd91c24d0da204e48d4a06519b001d3344b,2021-10,Staffordshire Police,Staffordshire Police,-2.066518,52.825130,On or near Conference/Exhibition Centre,E01029732,Stafford 011E,Formal action is not in the public interest
79224db6d0c6a0746d7860b1a79f65e1b05283dbbe482434bf7acaec94e49939,2021-10,Staffordshire Police,Staffordshire Police,-1.829032,52.683207,On or near Supermarket,E01029526,Lichfield 004E,Investigation complete; no suspect identified
b7e14268386fc89a5848b6c424218ffa9bc471ee0206d743c0c68ac5ae4b5ef7,2021-10,Staffordshire Police,Staffordshire Police,-2.010849,52.700643,On or near SHERWOOD DRIVE,E01029351,Cannock Chase 008C,Offender given a caution
a3ae6e5ec53d4a20e4b17750f6f3a8432b5356ac1c0f1acc6dde06024a09c299,2021-10,Staffordshire Police,Staffordshire Police,-1.715183,52.636448,On or near BLACKFRIARS CLOSE,E01029836,Tamworth 002B,Unable to prosecute suspect
7a9a924b5c35b86d1986fa1339a186472ada4d990edd78226978bdad927d93ff,2021-10,Staffordshire Police,Staffordshire Police,-2.114633,52.803680,On or near LICHFIELD ROAD,E01029701,Stafford 010E,Investigation complete; no suspect identified
1139491e9e1b1a18a5360af41be654b96d5889a15ad9a3aac0070ea59b9a3d8b,2021-10,Staffordshire Police,Staffordshire Police,-2.176351,53.025811,On or near STAFFORD STREET,E01014287,Stoke-on-Trent 015D,Investigation complete; no suspect identified
caa2d0f42df6959e0f196265f1829922081754af06544f392a6591ef5aa1bb71,2021-10,Staffordshire Police,Staffordshire Police,-1.692697,52.633668,On or near COLEHILL,E01029835,Tamworth 002A,Investigation complete; no suspect identified
e9ef03c423b348374237231d3b8a03d561164d9930fd7e0f847d9c677517395b,2021-10,Staffordshire Police,Staffordshire Police,-1.873461,52.588007,On or near HARDWICK ROAD,E01029514,Lichfield 011B,Investigation complete; no suspect identified
2b6f3e6f6c7f91fe930754b887cd6ac786fba6fd1b25749b7610d336f4587e2e,2021-10,Staffordshire Police,Staffordshire Police,-2.220649,53.011669,On or near NORTH STREET,E01029602,Newcastle-under-Lyme 011C,Unable to prosecute suspect
cf64a4766c141b22eafee4819f8745b8c96aa2c444a4401f15aeb141185583bc,2021-10,Staffordshire Police,Staffordshire Police,-2.186748,53.006316,On or near VALE STREET,E01014293,Stoke-on-Trent 019A,Unable to prosecute suspect
9fe70d9b54a7f74e84f601046c4e463a58be127bd4913624bedf9c2d7468fb62,2021-10,Staffordshire Police,Staffordshire Police,-1.986210,52.985886,On or near CHAPEL STREET,E01029787,Staffordshire Moorlands 011D,Investigation complete; no suspect identified
b505d86bd1a00db764056ce16138bf75a26d44f557748438ccfab3dd0f4b1a8f,2021-10,Staffordshire Police,Staffordshire Police,-1.682032,52.631240,On or near ARGYLE AVENUE,E01029831,Tamworth 004B,Unable to prosecute suspect
ef87dc5df13193ec9ea886df09c5165cf899d27369ca91872221e5760d983c6a,2021-10,Staffordshire Police,Staffordshire Police,-1.987059,52.986785,On or near Supermarket,E01029787,Staffordshire Moorlands 011D,Investigation complete; no suspect identified
ed91719bfa887123d8365e1d9a5f651c3e35b79c02782366de53cc9499e22bd0,2021-10,Staffordshire Police,Staffordshire Police,-2.176351,53.025811,On or near STAFFORD STREET,E01014287,Stoke-on-Trent 015D,Investigation complete; no suspect identified
b0e1939e1a623d78e2cb5717717cffd2988bc0ae1704c2afbb2db6428b6c32a8,2021-10,Staffordshire Police,Staffordshire Police,-2.149155,52.986619,On or near ANGLESEY DRIVE,E01014313,Stoke-on-Trent 027D,Investigation complete; no suspect identified
efaaa4532cd10ed4d313bd1135709c07776409a8f0914d7db9b78f4e273ef0f5,2021-10,Staffordshire Police,Staffordshire Police,-2.141450,53.035368,On or near AINSLEY CLOSE,E01014211,Stoke-on-Trent 012B,Suspect charged
389540f6ca1da48d59cea988bb54eab5395c446eb49a34b954415d11c660e177,2021-10,Staffordshire Police,Staffordshire Police,-2.134711,52.791883,On or near MILTON GROVE,E01029716,Stafford 013B,Unable to prosecute suspect
fea5d02358aca40e1362007c1d88169c8e3eeebfa1cbe766064c8942ab83c3f0,2021-10,Staffordshire Police,Staffordshire Police,-1.650711,52.610583,On or near RIBBLESDALE,E01029857,Tamworth 008C,Further action is not in the public interest
2a7d139c5c00b94df2409a06543cc5d0edab9e3b4f6ae20169fe804fc03301a5,2021-10,Staffordshire Police,Staffordshire Police,-2.184912,52.998633,On or near KEARY STREET,E01014339,Stoke-on-Trent 019C,Unable to prosecute suspect
dc42c1872c0d4c90cd93601a502a239cf3d923f4f82fd716e6b69a49e96e60c9,2021-10,Staffordshire Police,Staffordshire Police,-2.177960,53.022069,On or near WARNER STREET,E01014287,Stoke-on-Trent 015D,Unable to prosecute suspect
78d0abdd262eb473bdf05da6f088ce9866164d75dd4709e7c7cd6a1d4c3d0444,2021-10,Staffordshire Police,Staffordshire Police,-1.999380,52.695079,On or near ALMOND CLOSE,E01029376,Cannock Chase 010B,Unable to prosecute suspect
58f5426d1e38bc78c0627edbcdc1470bfcfb0ef5453e1c5e1fb2fbc267fe6e40,2021-10,Staffordshire Police,Staffordshire Police,-1.679433,52.629084,On or near ROSEWOOD COURT,E01029830,Tamworth 006E,Investigation complete; no suspect identified
d3d28ba78e66fd9c521195f9ad9278e4ef3ca3ffd215f37e9b9f8941fd362c7a,2021-10,Staffordshire Police,Staffordshire Police,-2.141629,52.999267,On or near SLOANE WAY,E01014280,Stoke-on-Trent 021C,Unable to prosecute suspect
84b621ed7e2377e8b8d5d8c5c04b949f004e3131a649fb6983ac06c488b40ae8,2021-10,Staffordshire Police,Staffordshire Police,-1.635366,52.820346,On or near SHAKESPEARE ROAD,E01029427,East Staffordshire 008B,Unable to prosecute suspect
305c6fd84b7545e7e725efab8c9451dc3999575025bfaa2cd106a6653a1fca22,2021-10,Staffordshire Police,Staffordshire Police,-2.201199,53.053476,On or near Petrol Station,E01014252,Stoke-on-Trent 009D,Unable to prosecute suspect
10a1162236b5c72bd953cc2679ae16dcc042736b76a47b770bf83d9b07d151f5,2021-10,Staffordshire Police,Staffordshire Police,-2.185736,53.006650,On or near LIVERPOOL ROAD,E01014293,Stoke-on-Trent 019A,Unable to prosecute suspect
f692b16acb8ea971c75d04ca764df42994ea9b5a9721c84afbf02ceeb07891d4,2021-10,Staffordshire Police,Staffordshire Police,-2.231004,52.754221,On or near OAK CLOSE,E01029688,Stafford 015A,Unable to prosecute suspect
c0978dc889aea9b16a85d8231e7e722ff2f23bd777506fc585a7b10d9a5e31e1,2021-10,Staffordshire Police,Staffordshire Police,-2.113874,52.994992,On or near LINACRE WAY,E01014362,Stoke-on-Trent 025E,Investigation complete; no suspect identified
21cc3ba89aa7e342f7ce2598546ce379a7973095b16e1033b5c3ea8dbd2e34a1,2021-10,Staffordshire Police,Staffordshire Police,-2.202887,52.592431,On or near Pedestrian Subway,E01029664,South Staffordshire 011B,Unable to prosecute suspect
f7c9db8ec6bb574d3b89fadd658262df3731fb1c7d6e834765ad8d2dd9602832,2021-10,Staffordshire Police,Staffordshire Police,-2.018722,52.702098,On or near PETERSFIELD,E01029350,Cannock Chase 008B,Unable to prosecute suspect
d3b078b6f1933c6100686dab14f4a4bb3a915c9d61fc343bf7de40879235818d,2021-10,Staffordshire Police,Staffordshire Police,-2.180350,53.015980,On or near CHAMBERLAIN STREET,E01014281,Stoke-on-Trent 015A,Unable to prosecute suspect
a43eb3cc643b17291f5e0514b6e3a635a5ceb71c664e97467ff1e1912a4bfef5,2021-10,Staffordshire Police,Staffordshire Police,-2.166243,52.975567,On or near Sports/Recreation Area,E01014236,Stoke-on-Trent 032B,Unable to prosecute suspect
328571045f59e278aa6cc86f4b72ac44c626558f884dc018c21de77ffe0f5af4,2021-10,Staffordshire Police,Staffordshire Police,-1.922678,52.685651,On or near SLADE AVENUE,E01029486,Lichfield 003A,Unable to prosecute suspect
78b13f2794f13133eb28874a122818ca83181be76d3ff880fc7238141680c14c,2021-10,Staffordshire Police,Staffordshire Police,-1.720560,52.812936,On or near B5017,E01029440,East Staffordshire 015B,Unable to prosecute suspect
3954eec07f7de9571a5ed743f2255d7696a39a4162ac3f10a39454f95d95bc59,2021-10,Staffordshire Police,Staffordshire Police,-2.182068,53.020301,On or near YATES STREET,E01014287,Stoke-on-Trent 015D,Unable to prosecute suspect
b982ce23faf29024d298b290cb673345db706315dcf9c8fa6eb78e59d454169b,2021-10,Staffordshire Police,Staffordshire Police,-2.054992,52.642405,On or near Petrol Station,E01029635,South Staffordshire 007D,Investigation complete; no suspect identified
c1b89c9e47b1f35400ef304d16b7ad1b8139b6e536950bd8d63aee57209051c8,2021-10,Staffordshire Police,Staffordshire Police,-2.166288,53.033835,On or near MOSTON STREET,E01014323,Stoke-on-Trent 013A,Unable to prosecute suspect
f60b56b03445d898c2161a3ed1fcb88f0069a7db8ad03116078dce3cdf31c094,2021-10,Staffordshire Police,Staffordshire Police,-2.032477,52.690957,On or near PARK ROAD,E01029364,Cannock Chase 011B,Further action is not in the public interest
87511f658f809443da7d4438c7a81deaf2ae93b31b51d4c2906b44ed4a3cc29d,2021-10,Staffordshire Police,Staffordshire Police,-1.708533,52.627550,On or near ETCHELL ROAD,E01029837,Tamworth 005B,Investigation complete; no suspect identified
3c66f6dd9a4846ca096931a7ac16645cd4909b56633ca12c8b631cd09e13ec40,2021-10,Staffordshire Police,Staffordshire Police,-1.633855,52.816503,On or near GOODMAN STREET,E01029429,East Staffordshire 008D,Unable to prosecute suspect
247c3b150defc0ed6b53e4b9927c180297902661e2ab8b93b30f69499a157328,2021-10,Staffordshire Police,Staffordshire Police,-2.157314,53.051070,On or near CHASEWATER DRIVE,E01014267,Stoke-on-Trent 007E,Investigation complete; no suspect identified
cb561b17825a5ff081b40b3d0ebb33337af4a933ce8d78db0805bf05e0c71eb0,2021-10,Staffordshire Police,Staffordshire Police,-1.656207,52.819536,On or near FAVERSHAM ROAD,E01029435,East Staffordshire 007B,Investigation complete; no suspect identified
def0ee66dc70875e74f895ecdd28c60ce0b1e0bb3b569b3050da7010c5155113,2021-10,Staffordshire Police,Staffordshire Police,-2.200144,52.541284,On or near BRATCH COMMON ROAD,E01029674,South Staffordshire 013D,Investigation complete; no suspect identified
f4091d21ae402ab9689a2010e52b57368f98efe44a243b53cfc3e8fc696f9e23,2021-10,Staffordshire Police,Staffordshire Police,-2.184912,52.998633,On or near KEARY STREET,E01014339,Stoke-on-Trent 019C,Offender given a caution
9dee68c4e101a43424aa4ea011122bb25ba4a5f18f169c57d55134f3876b7714,2021-10,Staffordshire Police,Staffordshire Police,-2.210639,53.052767,On or near BROWNHILLS ROAD,E01014356,Stoke-on-Trent 005C,Investigation complete; no suspect identified
9e50ec346d7af713783a343ea4238e01c8505de418d03aaf1ce1b844ee4438dd,2021-10,Staffordshire Police,Staffordshire Police,-1.690764,52.645862,On or near BOROUGH ROAD,E01029853,Tamworth 001E,Unable to prosecute suspect
391c4f547e7c3a81e6c58b7c930a2d3a2f9364ecd08c9155556bfefa613e51b4,2021-10,Staffordshire Police,Staffordshire Police,-2.164411,53.034359,On or near HAMMERSLEY STREET,E01014327,Stoke-on-Trent 013B,Unable to prosecute suspect
f513b0d536d31a6bb1020027b70c97151bd59dcff74021b38691627032efcf91,2021-10,Staffordshire Police,Staffordshire Police,-2.178264,53.048694,On or near A5272,E01014266,Stoke-on-Trent 008B,Unable to prosecute suspect
1210732277a8596ae0a8fc0605cfb72fd6ac82fbf61756f8ad8c5c5ebe55d3f6,2021-10,Staffordshire Police,Staffordshire Police,-1.982036,52.994371,On or near KEMPTON GROVE,E01029781,Staffordshire Moorlands 011A,Unable to prosecute suspect
dd7feb314467f5bc0ba179ed4ed3136adba4255c5666656f2b2e3b0716ab02eb,2021-10,Staffordshire Police,Staffordshire Police,-2.214219,53.040617,On or near Petrol Station,E01014250,Stoke-on-Trent 009B,Investigation complete; no suspect identified
5af09131387df89f33089950ee98ee03dd4e0333c64b29d14cd62cbae6106b74,2021-10,Staffordshire Police,Staffordshire Police,-2.202263,52.514805,On or near MANOR DRIVE,E01029645,South Staffordshire 013A,Investigation complete; no suspect identified
ff42c4bcb7e968cbef635681db8d57fe1ad7efeb0f94ef77289a3ba6474637ca,2021-10,Staffordshire Police,Staffordshire Police,-1.942613,52.747223,On or near UPLANDS GREEN,E01029374,Cannock Chase 003E,Local resolution
b832e270eae8dd28dc46b41eabd0836b8aebdd7ccf31ab6a77196d9e6630f67f,2021-10,Staffordshire Police,Staffordshire Police,-1.683500,52.812672,On or near HENHURST HILL,E01029417,East Staffordshire 013E,Unable to prosecute suspect
c416fc9bd3d006766a73c5c99e366d24eedd4389a3c1df8f096d4754e60b3312,2021-10,Staffordshire Police,Staffordshire Police,-1.635070,52.786617,On or near HUNTINGDON ROAD,E01029450,East Staffordshire 014B,Unable to prosecute suspect
2847234dc2de00b0844aa25f012d4d41f877a4558a98db47cad2bdb0163d0360,2021-10,Staffordshire Police,Staffordshire Police,-2.207720,53.059829,On or near PARK TERRACE,E01014355,Stoke-on-Trent 005B,Unable to prosecute suspect
5554b57d0180d2eb5be78d0e180bbbfb9b83011f431d2c30738d88707118a28c,2021-10,Staffordshire Police,Staffordshire Police,-2.253431,53.086672,On or near MILLSTONE AVENUE,E01029541,Newcastle-under-Lyme 003B,Unable to prosecute suspect
d4b031a51de22187c44af64605269ebf1ab8f4986a3b4c9dd0de4f9b18ed5783,2021-10,Staffordshire Police,Staffordshire Police,-1.778972,52.874097,On or near Park/Open Space,E01029425,East Staffordshire 006D,Unable to prosecute suspect
3a4f842925b196dfbb83f641f0d7fefc1a16b36ab66402c8085773f8e8f76743,2021-10,Staffordshire Police,Staffordshire Police,-1.972414,52.706699,On or near LITTLEWORTH ROAD,E01029399,Cannock Chase 006C,Unable to prosecute suspect
ff35154148d4da5e2c1ddc2c2cd96de23f68824dfb034dc8d4a11dc636d6bedc,2021-10,Staffordshire Police,Staffordshire Police,-1.833608,52.673936,On or near THE MALTINGS,E01029518,Lichfield 007D,Unable to prosecute suspect
7ee8a450117596991df64c5f416cf25def28433417ff1d95063f3f5adb496fd2,2021-10,Staffordshire Police,Staffordshire Police,-2.124012,52.981767,On or near QUEENSBERRY ROAD,E01014305,Stoke-on-Trent 029A,Investigation complete; no suspect identified
6aa9f62ce8b6bac5be6c4f8caa68050059f8b0a81196ed0e74b91fb3362753c0,2021-10,Staffordshire Police,Staffordshire Police,-1.829032,52.683207,On or near Supermarket,E01029526,Lichfield 004E,Offender given a caution
3c34846415dcf1a6962af78b2aba092223dabda9a492f6c58077d9e97a156411,2021-10,Staffordshire Police,Staffordshire Police,-2.207612,53.090275,On or near MEADOW COURT,E01029581,Newcastle-under-Lyme 001C,Formal action is not in the public interest
1865b1ac01876d07e7b5de0a9540765ed3fc08e48f371e4979b4193def1cfe0c,2021-10,Staffordshire Police,Staffordshire Police,-2.123136,52.804858,On or near DERBY STREET,E01029701,Stafford 010E,Unable to prosecute suspect
9c4e79566d2de7e1bc7ce40b0151ec23f81fed1a8643ab33cacd02d9d22b2549,2021-10,Staffordshire Police,Staffordshire Police,-1.825759,52.684056,On or near Nightclub,E01029526,Lichfield 004E,Action to be taken by another organisation
d37d5c2caa86f00b8e75c84f3dae178d067fa36b17c31938825edd11e4d1ae78,2021-10,Staffordshire Police,Staffordshire Police,-2.202087,52.595102,On or near Supermarket,E01029666,South Staffordshire 011C,Investigation complete; no suspect identified
510009c7b510d38a8e345d2d23763f6e7d2419469c342938c66958f71fcd2ae7,2021-10,Staffordshire Police,Staffordshire Police,-2.141406,52.994818,On or near CARRON STREET,E01014278,Stoke-on-Trent 021B,Investigation complete; no suspect identified
e5feccc7488e48cafdc3f0426c7290aeb0968b2e5e89657637bcccc9f7d4b6da,2021-10,Staffordshire Police,Staffordshire Police,-1.663494,52.622900,On or near ST CHAD COURT,E01029841,Tamworth 003E,Suspect charged
4ce66c117991e2268db1dd9e3bdd5b4ceecac7c550c8feb3564977a27d13daab,2021-10,Staffordshire Police,Staffordshire Police,-2.187460,53.005604,On or near HARTSHILL ROAD,E01014345,Stoke-on-Trent 019E,Investigation complete; no suspect identified
b3fb6ae4ff9267747678934fab4b2bf747f499b489324a88b044653b5c107781,2021-10,Staffordshire Police,Staffordshire Police,-2.103243,52.979036,On or near CORNELIOUS STREET,E01014321,Stoke-on-Trent 028A,Unable to prosecute suspect
3b866d50d5f2fd93b44b99de07867d1dff1a2b2433a0aa409f660ca3fef3bcf7,2021-10,Staffordshire Police,Staffordshire Police,-2.183183,53.012596,On or near STOKE ROAD,E01014283,Stoke-on-Trent 016E,Unable to prosecute suspect
622e5b48fdb6f96963243be288bd81c841b380292b25cd3299ce678d73afdba4,2021-10,Staffordshire Police,Staffordshire Police,-2.061301,52.966409,On or near BRIDGE COURT,E01029798,Staffordshire Moorlands 012C,Unable to prosecute suspect
eddc38e32fad39854d13e3b64c181530083249c697d5f693866998a5fe2ca63c,2021-10,Staffordshire Police,Staffordshire Police,-1.689247,52.615967,On or near KENNEDY CLOSE,E01029863,Tamworth 009D,Further investigation is not in the public interest
a9c0de5cb7acbad3296c4020be225b599543fbd53ca34cabc2a874609684e340,2021-10,Staffordshire Police,Staffordshire Police,-2.134613,53.028400,On or near Hospital,E01014212,Stoke-on-Trent 012C,Formal action is not in the public interest
62d6e473f3bdfd5e62967a829dfb8aecca589bfa661946bcfdd5b6b75fa0a0fc,2021-10,Staffordshire Police,Staffordshire Police,-2.386857,52.922673,On or near ALDER CLOSE,E01029572,Newcastle-under-Lyme 016D,Investigation complete; no suspect identified
4bac2314343080ababccdc14e773bc083b452a0ca963fe52a4556b732bbfb2da,2021-10,Staffordshire Police,Staffordshire Police,-1.792754,52.596910,On or near LONDON ROAD,E01029488,Lichfield 012A,Unable to prosecute suspect
d8c134d6fd9ace2f283db09743a45c1ea71875162b0ff45c4bfa6bef10ddbf11,2021-10,Staffordshire Police,Staffordshire Police,-2.166308,53.062294,On or near PEASCROFT ROAD,E01014331,Stoke-on-Trent 004A,Suspect charged
4df424a673faadc628656d0225380c66142d323d082de905d92ada1e24c4337f,2021-10,Staffordshire Police,Staffordshire Police,-2.180789,53.021094,On or near CLINTON SQUARE,E01014287,Stoke-on-Trent 015D,Unable to prosecute suspect
f5bce903e2dbd31871ab2a0320055fb1a7335821604a974516cecd6a95d6e5d7,2021-10,Staffordshire Police,Staffordshire Police,-2.158029,52.973376,On or near GAINSBOROUGH ROAD,E01014235,Stoke-on-Trent 032A,Unable to prosecute suspect
e67478d2d89fd6635eff950d5d1f1a99b2f7d991d660ff64069dcf21ba012972,2021-10,Staffordshire Police,Staffordshire Police,-2.214545,53.016049,On or near Theatre/Concert Hall,E01029578,Newcastle-under-Lyme 011B,Formal action is not in the public interest
265656c9ddf9878a6d9e72630c3b86d8a4e60ddafc2083debabca419ba25dc7e,2021-10,Staffordshire Police,Staffordshire Police,-2.189312,53.016685,On or near LOMAS STREET,E01014281,Stoke-on-Trent 015A,Investigation complete; no suspect identified
523f62b8efea7f9d71a0c2012f1a153634ec9d1608f5f24fa138edbda713d0e7,2021-10,Staffordshire Police,Staffordshire Police,-1.927596,52.690580,On or near BYRON CLOSE,E01029487,Lichfield 006A,Unable to prosecute suspect
60f87abc354bdaa09cf35452ba98cb3ce825f4bc545ebca5f934a5b19f98a032,2021-10,Staffordshire Police,Staffordshire Police,-2.185879,52.633659,On or near RIVERSIDE GARDENS,E01029614,South Staffordshire 008B,Further investigation is not in the public interest
5fb54d712680e25726d2a77fc1349c28c6f825044652b863c59e556037662541,2021-10,Staffordshire Police,Staffordshire Police,-2.139152,53.039668,On or near FRIARS PLACE,E01014217,Stoke-on-Trent 012E,Unable to prosecute suspect
aaa14cf0fb0e4c30a26b5a8cc254ff17a2a4933d6eb5ccea893fcde25b9f9d37,2021-10,Staffordshire Police,Staffordshire Police,-1.931787,52.677970,On or near Sports/Recreation Area,E01029497,Lichfield 006E,Unable to prosecute suspect
2d398d494cf26cd8d368af86581d09cf3dda2d37f79c04328467f57bd768a195,2021-10,Staffordshire Police,Staffordshire Police,-1.642288,52.828584,On or near ST MARY'S DRIVE,E01029437,East Staffordshire 007D,Action to be taken by another organisation
1dc0fe1cf34b928b260977c5f42a680b75714b5a188d52389d5f3fe0384ebd90,2021-10,Staffordshire Police,Staffordshire Police,-2.007405,52.976259,On or near HARPLOW LANE,E01029785,Staffordshire Moorlands 013B,Investigation complete; no suspect identified
cd8731661c1e02f009664d413dd9647cff53b44109689d3e2e43419d855bda9d,2021-10,Staffordshire Police,Staffordshire Police,-2.028481,52.667351,On or near LITTLEWOOD ROAD,E01029622,South Staffordshire 004B,Further action is not in the public interest
b9377e125a23eb18ec126393ae54a5f1552fca07187b47e0f1e9e751338f99bb,2021-10,Staffordshire Police,Staffordshire Police,-2.198308,53.044312,On or near WILLIAM CLOWES STREET,E01014251,Stoke-on-Trent 009C,Investigation complete; no suspect identified
6c5727b40db4f7c76a120247440d71609457b64dc121704f89d1beaaec19d280,2021-10,Staffordshire Police,Staffordshire Police,-2.186111,52.993516,On or near HOLM CLOSE,E01014343,Stoke-on-Trent 023D,Investigation complete; no suspect identified
775ab4ee749e4a2da9bf57eb080c0f46504f373fe8cb2f6a9d30509e69198b07,2021-10,Staffordshire Police,Staffordshire Police,-2.092985,52.980753,On or near BROOKWOOD DRIVE,E01014367,Stoke-on-Trent 028C,Further action is not in the public interest
4e76fdb5ea9341a58b893e64f0da94c372ab09920b93e9596453fede08c78b53,2021-10,Staffordshire Police,Staffordshire Police,-1.622619,52.818751,On or near WETMORE LANE,E01032897,East Staffordshire 011G,Further action is not in the public interest
b67b4185beee1f623a24d62048370b01955218f33e5d8a53da264baf3315dddc,2021-10,Staffordshire Police,Staffordshire Police,-1.720602,52.764537,On or near PALMER CLOSE,E01029441,East Staffordshire 015C,Unable to prosecute suspect
b586cdf3c23898ea491653f1699546b0fac902c8a696d8078de66e89ae7e047a,2021-10,Staffordshire Police,Staffordshire Police,-2.243410,53.054332,On or near MILLENIUM WAY,E01029536,Newcastle-under-Lyme 004A,Unable to prosecute suspect
05c1a5e227bdb40b6655f0df8274676c10bfcb15691d80ecf14e3a0a446904d3,2021-10,Staffordshire Police,Staffordshire Police,-2.117010,52.815957,On or near Sports/Recreation Area,E01029689,Stafford 010A,Investigation complete; no suspect identified
ae268c0e35eac71610a30cd6a4909f046a5cea9ee934379bb74bf8c0f48482ff,2021-10,Staffordshire Police,Staffordshire Police,-2.135084,52.988380,On or near Supermarket,E01014302,Stoke-on-Trent 022D,Formal action is not in the public interest
3b123f8bc180404324a1bc860a70d8aa6fa518750c136634f97f49e7b27db837,2021-10,Staffordshire Police,Staffordshire Police,-2.225082,53.015930,On or near DELAMERE GROVE,E01029578,Newcastle-under-Lyme 011B,Suspect charged
9bcdba3d661565ba98c458edb18d1a5fb48a2aa4ae5b9807231e273bbcedf3b0,2021-10,Staffordshire Police,Staffordshire Police,,,No location,,,Further action is not in the public interest
14970bc0f22cb4e7a0bc4b7ab3323c7a3cfabe7d7bd3400fa119747502dbf21a,2021-10,Staffordshire Police,Staffordshire Police,-1.729358,52.618907,On or near FRENCH AVENUE,E01029502,Lichfield 012B,Unable to prosecute suspect
80023d23f9dfd567c7df60ed66026576503b143736d4a9576ab22b38cfc0508e,2021-10,Staffordshire Police,Staffordshire Police,-2.183686,53.050322,On or near LEONARD STREET,E01014248,Stoke-on-Trent 006F,Investigation complete; no suspect identified
78e27961255f834b89464cd92ba036971f6339cd5ecae499b6a10488db8ab305,2021-10,Staffordshire Police,Staffordshire Police,-1.949791,52.765268,On or near GLENHAVEN,E01029401,Cannock Chase 002C,Action to be taken by another organisation
b0f9b0326d32ff1fe0602593111c4a1329ac1eb8541f611fc846f58987783c01,2021-10,Staffordshire Police,Staffordshire Police,-2.123393,52.973777,On or near CHAROLAIS CRESCENT,E01014310,Stoke-on-Trent 031A,Investigation complete; no suspect identified
b9979d144e1ce62821176f6c36736e88c5fd7e5e44ca8a99b4f71b06a664d2a7,2021-10,Staffordshire Police,Staffordshire Police,-2.194125,52.527198,On or near CYGNET COURT,E01029677,South Staffordshire 013F,Investigation complete; no suspect identified
1eda971bf26e26ac4b72f7b3f3a785b205c966781f715c04df87ae0fb51546cb,2021-10,Staffordshire Police,Staffordshire Police,-2.028672,52.687021,On or near HALLCOURT LANE,E01029360,Cannock Chase 012B,Suspect charged
5659b11ece3cefeca8fd50d766625d5dd8c646c0cc2dd78eb4e028018a6a8c94,2021-10,Staffordshire Police,Staffordshire Police,-2.026173,52.690060,On or near CHURCH STREET,E01029367,Cannock Chase 011E,Investigation complete; no suspect identified
4de93d76ec030d2754a43696b4322361459759e9851467c9b6920cfb13192667,2021-10,Staffordshire Police,Staffordshire Police,-2.039519,53.096625,On or near SWALLOW CROFT,E01029816,Staffordshire Moorlands 006F,Unable to prosecute suspect
10d99c64af09f5b249608ffc6d4e76c3f06c2bd1918f685b5b59370aac6e675e,2021-10,Staffordshire Police,Staffordshire Police,-1.642359,52.819909,On or near BALFOUR STREET,E01029436,East Staffordshire 007C,Unable to prosecute suspect
1fcc976e3ef827c7f0f63bf7d75e7cac63178760231e2fa46c7643584894a2dd,2021-10,Staffordshire Police,Staffordshire Police,-2.140196,53.030354,On or near WALLIS PLACE,E01014213,Stoke-on-Trent 012D,Unable to prosecute suspect
2c42c828ae3c84f91b8de3f04fb86e160ca9384e9fbb1fdcb245fc87d8b18d6d,2021-10,Staffordshire Police,Staffordshire Police,-2.038215,52.689140,On or near LLOYD STREET,E01029364,Cannock Chase 011B,Investigation complete; no suspect identified
1823aca90c155c58127b7b1a91350b982ae7a0244d14865226556ec4bd4922ae,2021-10,Staffordshire Police,Staffordshire Police,-1.715756,52.636917,On or near DOWNING DRIVE,E01029836,Tamworth 002B,Unable to prosecute suspect
1ea9ccfef1c85ede644d07c8301742ad1bbe29b7fe8ab52792a617ecbbcc9927,2021-10,Staffordshire Police,Staffordshire Police,-1.701816,52.648534,On or near CHERRY TREE WALK,E01029852,Tamworth 001D,Unable to prosecute suspect
16597331e7635d5b496301b4aa28793222d065f77f396b9b11ce61c30be3ac12,2021-10,Staffordshire Police,Staffordshire Police,-2.111664,52.779528,On or near GARTH ROAD,E01029729,Stafford 016B,Suspect charged
086d0d49c35424600a9a2a9b2959ea9b54f18a33b7c702ebf7a65e4d847338cf,2021-10,Staffordshire Police,Staffordshire Police,-1.912167,52.748526,On or near WHEELHOUSE ROAD,E01029481,Lichfield 001B,Unable to prosecute suspect
7bec64a55658ef6d1aaeecaa73b632189b122f4a117a706b6d1a696a83289d28,2021-10,Staffordshire Police,Staffordshire Police,-1.679008,52.620426,On or near Pedestrian Subway,E01029828,Tamworth 006D,Further action is not in the public interest
9c8cefe964a57b8082f2649448e95b6a6f7dc37cdc34fd7a421886afc1d38dc2,2021-10,Staffordshire Police,Staffordshire Police,-2.157119,52.977099,On or near ASHBY CRESCENT,E01014236,Stoke-on-Trent 032B,Unable to prosecute suspect
fd9e9e56c4a8b04c1c82e9be9919c4616275954714855f691b35029f1392181d,2021-10,Staffordshire Police,Staffordshire Police,-2.210965,53.058232,On or near TOWER SQUARE,E01014355,Stoke-on-Trent 005B,Investigation complete; no suspect identified
8cd3561ac6eb2e8156e8fff13e19b90c295c00bf1f3e9efb5c79849d21ab9e42,2021-10,Staffordshire Police,Staffordshire Police,-2.135145,52.988812,On or near ST MARTIN'S LANE,E01014302,Stoke-on-Trent 022D,Investigation complete; no suspect identified
37d3592d2ea0984a5e6294ac20b6b24f04cc7851d05727e7efa841240540f5dc,2021-10,Staffordshire Police,Staffordshire Police,-2.155154,52.997929,On or near RUBIAN STREET,E01014274,Stoke-on-Trent 020A,Unable to prosecute suspect
184417f23df235f1ca27f6c58602dc38cec461424f337140ef8168c9e338db47,2021-10,Staffordshire Police,Staffordshire Police,-2.249902,53.000608,On or near COMO PLACE,E01029601,Newcastle-under-Lyme 015E,Unable to prosecute suspect
e2e4e8bf37cdc92361ac25cba79a4ad22e472b18af0fbb15d9f2cc4d2b732a9b,2021-10,Staffordshire Police,Staffordshire Police,-2.202400,53.077367,On or near DRUMBURN CLOSE,E01014258,Stoke-on-Trent 001B,Unable to prosecute suspect
a4150a9114cb48e500a9bec5c65e4503237e45276ecd4add09267204f2781be0,2021-10,Staffordshire Police,Staffordshire Police,-2.023374,52.712157,On or near BELT ROAD,E01029384,Cannock Chase 005A,Further action is not in the public interest
6662ec2db6e226b3b4663d20df997fc170c9c92b69baa5e8b1d055bc69d51bfc,2021-10,Staffordshire Police,Staffordshire Police,-2.174928,53.016842,On or near THE PARKWAY,E01014287,Stoke-on-Trent 015D,Investigation complete; no suspect identified
d450692c17f856e955a5563caaed7e9f86f7cea73cd066a59fb568b1da5936bf,2021-10,Staffordshire Police,Staffordshire Police,-2.162937,52.975563,On or near ALDBURY PLACE,E01014236,Stoke-on-Trent 032B,Unable to prosecute suspect
3dd30c2eaf729800ef8ab1fb2d89e4bb77f6863d24a7cc661cbcc8b1dcf0622f,2021-10,Staffordshire Police,Staffordshire Police,-2.188534,52.999049,On or near EMPIRE PASSAGE,E01014340,Stoke-on-Trent 019D,Unable to prosecute suspect
7ddb1d91638bc125be5cd9c0393ef6c87ec859498bfc540ca65d53036893038b,2021-10,Staffordshire Police,Staffordshire Police,-1.824419,52.689879,On or near ST CHADS CLOSE,E01029501,Lichfield 004C,Further action is not in the public interest
81123ca27e5e67e837eb73c359754e24aa265df3f8ae802c4777211af5f725a3,2021-10,Staffordshire Police,Staffordshire Police,-2.036004,52.680555,On or near Supermarket,E01029361,Cannock Chase 012C,Suspect charged
1b39d2f31689de78b426ea91e5bf7db2f993d012bcee52095498171493480de1,2021-10,Staffordshire Police,Staffordshire Police,-2.178094,53.112247,On or near WEST STREET,E01029774,Staffordshire Moorlands 003E,Unable to prosecute suspect
0229396a9b7c62705c5b7f94dcb6a16c7b110eee79dc66a55d41b5b6476761f8,2021-10,Staffordshire Police,Staffordshire Police,-2.238267,53.041668,On or near KNYPE WAY,E01029538,Newcastle-under-Lyme 006B,Investigation complete; no suspect identified
a910252ada746401197085d27d0426138f26ade039a409cd512abe9ffd939710,2021-10,Staffordshire Police,Staffordshire Police,-2.166780,53.026121,On or near ST ANN STREET,E01014328,Stoke-on-Trent 013C,Action to be taken by another organisation
6fd3d762f5239bed7b5289ca7f74b8b46441455c4c7dafa573f6e6893436545f,2021-10,Staffordshire Police,Staffordshire Police,-2.156020,52.973720,On or near FOXFIELD WAY,E01014235,Stoke-on-Trent 032A,Action to be taken by another organisation
7a9536c72643ad74678d4381fd6ff8ccd2ef60b74acdba7134a3585ef7f0fc84,2021-10,Staffordshire Police,Staffordshire Police,-1.667144,52.809643,On or near LORDSWELL ROAD,E01029446,East Staffordshire 009B,Offender given a caution
f34f5c207d91c3d3976f50cdfe9fe7f24a4f4bb6b00aa00d8aebbd925b278d4a,2021-10,Staffordshire Police,Staffordshire Police,-2.025097,53.104018,On or near JOLLIFFE STREET,E01029804,Staffordshire Moorlands 005A,Investigation complete; no suspect identified
deb8289edb690310cb0e49e5b9845eb2d0395c40b87a757c7cefe68c8d3aa5e8,2021-10,Staffordshire Police,Staffordshire Police,-2.196532,52.978658,On or near FLORENCE ROAD,E01014353,Stoke-on-Trent 030D,Unable to prosecute suspect
c5265f7e1229e5bc10e936c4778c3e3948296aec305157465cffd12f5739472d,2021-10,Staffordshire Police,Staffordshire Police,-2.168230,53.030758,On or near TIERNEY STREET,E01014330,Stoke-on-Trent 013E,Unable to prosecute suspect
97a3b3c9fcb5bda6145f57fe46a97dc15fb2c53b8ab3c59aab06a93b321cda31,2021-10,Staffordshire Police,Staffordshire Police,-1.661443,52.601553,On or near HAWFINCH,E01029868,Tamworth 010D,Investigation complete; no suspect identified
8c02c12ddf0a7ca0d996f2e906b97a40fe8e5ec15f94d9ead6f068749a42e49c,2021-10,Staffordshire Police,Staffordshire Police,-1.946385,52.763388,On or near GREEN LANE,E01029401,Cannock Chase 002C,Investigation complete; no suspect identified
168dda77b8a48a2fd05cf9e36a8c7205cc320372554828001c14c165cc0f0a3e,2021-10,Staffordshire Police,Staffordshire Police,-2.226915,53.010003,On or near FRIARS' STREET,E01029604,Newcastle-under-Lyme 011E,Unable to prosecute suspect
28f23b335b544e7351aa2805086167a94387d02e1ac026bd44277ed1f7eafe30,2021-10,Staffordshire Police,Staffordshire Police,-2.006219,53.115446,On or near PRINCESS AVENUE,E01029809,Staffordshire Moorlands 001D,Further action is not in the public interest
9eb7eb38344528fbcc56e27d5cd75566b878bf0c6596afedb5c2c60a823a7799,2021-10,Staffordshire Police,Staffordshire Police,-2.135272,53.076950,On or near LEEK ROAD,E01029777,Staffordshire Moorlands 008D,Investigation complete; no suspect identified
5ed227192a89dfd3e4d04e34ae52baeda0d4299099bc300f01177717bf6d1091,2021-10,Staffordshire Police,Staffordshire Police,-1.687217,52.643875,On or near HAMPTON CLOSE,E01029854,Tamworth 001F,Unable to prosecute suspect
1055165edb5bc5b9625ea506f4631d3edd272ea996e9967cd52427d8b3236b0e,2021-10,Staffordshire Police,Staffordshire Police,-2.013736,52.704221,On or near ST CHAD'S CLOSE,E01029350,Cannock Chase 008B,Further action is not in the public interest
789b67b0adab24f0810bb5406053f5fe91b48d7ad733e5ea4902bf1a82450743,2021-10,Staffordshire Police,Staffordshire Police,-2.165189,52.972638,On or near KIDBROOKE PLACE,E01014236,Stoke-on-Trent 032B,Unable to prosecute suspect
572ae160229f54f86605e571e6f6a75682eea17b66ec6efa0430fbb32fc7ee69,2021-10,Staffordshire Police,Staffordshire Police,-2.141406,52.994818,On or near CARRON STREET,E01014278,Stoke-on-Trent 021B,Local resolution
e99f4ebe827a68be29ff3e7cf2f1b1ebbe5cc8b556c735daad75488506f2b1a9,2021-10,Staffordshire Police,Staffordshire Police,-1.865787,52.896961,On or near Police Station,E01029462,East Staffordshire 003D,Unable to prosecute suspect
c03e5db13b6698525bb0fc6a276baf75acfefdab8f13479b965dcb44615cbbb6,2021-10,Staffordshire Police,Staffordshire Police,-2.192809,53.042173,On or near GLENDALE STREET,E01014251,Stoke-on-Trent 009C,Unable to prosecute suspect
19f832b6e33073d5f3ad65ba732bc58520e601c77a53eab5c9336d0bfd688e03,2021-10,Staffordshire Police,Staffordshire Police,-2.206445,52.989842,On or near ST JOHN'S AVENUE,E01014344,Stoke-on-Trent 023E,Suspect charged
7826028741287c07b3407bee5baaa8d4c09ad76445fc246516b18dfb98813eba,2021-10,Staffordshire Police,Staffordshire Police,-2.157703,52.892050,On or near FOXWOOD CLOSE,E01029753,Stafford 003E,Unable to prosecute suspect
ca5024832c38b66035a5a4cbf8db885f08299a5e7fb272c0efbcbd2707da89e3,2021-10,Staffordshire Police,Staffordshire Police,-2.156499,52.966267,On or near UFTON CLOSE,E01014238,Stoke-on-Trent 032D,Unable to prosecute suspect
2d4937172894aae793ca94cbf33da3aa59c1910b75dc1fe9f80072ddf5d5d5f4,2021-10,Staffordshire Police,Staffordshire Police,-2.156471,52.892483,On or near BUSHBERRY CLOSE,E01029755,Stafford 004E,Investigation complete; no suspect identified
bb2088dc0465b7ed838404915c493109e1ebbf81937c30d178368f4696fd0be7,2021-10,Staffordshire Police,Staffordshire Police,-2.126640,53.009460,On or near MIDDLEFIELD ROAD,E01014224,Stoke-on-Trent 017E,Unable to prosecute suspect
2e33661a233a9d25e970b922c7d529b95dc45fd815a8a0fb882dbaa305a9bc45,2021-10,Staffordshire Police,Staffordshire Police,-2.011374,53.115706,On or near HAREGATE ROAD,E01029809,Staffordshire Moorlands 001D,Unable to prosecute suspect
cd8a058c96e98af8bd4021e0ab0f22ba50bdad72c6c9e81f5b030b73352ec29b,2021-10,Staffordshire Police,Staffordshire Police,-2.339821,53.001724,On or near NEWCASTLE ROAD,E01029573,Newcastle-under-Lyme 013B,Unable to prosecute suspect
a2e4146a7602686a37c34889711faacbe89e827f64a98e5281aa2f068339098f,2021-10,Staffordshire Police,Staffordshire Police,-2.103097,52.817795,On or near Park/Open Space,E01029694,Stafford 010C,Unable to prosecute suspect
318df1ea7e7157cb67778b13e0539d15ab1647da2989d7cc62542c3ee5b7d449,2021-10,Staffordshire Police,Staffordshire Police,-1.814632,52.681234,On or near MARYVALE COURT,E01029484,Lichfield 005B,Unable to prosecute suspect
b6d28e15fbbfb748941773620f0e479270fc8fc9b71e56b06a240d9a6496ea66,2021-10,Staffordshire Police,Staffordshire Police,-2.180929,53.011781,On or near BERESFORD STREET,E01014283,Stoke-on-Trent 016E,Unable to prosecute suspect
8da7ec41a5716562e1ec1725353753e1271513a2ae5805281cb4e5124cee9b05,2021-10,Staffordshire Police,Staffordshire Police,-2.027872,53.098346,On or near JUNCTION ROAD,E01029811,Staffordshire Moorlands 005C,Unable to prosecute suspect
7a33e03136f2ab522d4ea29e4ca1b2df4f2590157a3c25dd407d293cef73176f,2021-10,Staffordshire Police,Staffordshire Police,-2.013587,52.655317,On or near BENTON'S LANE,E01029638,South Staffordshire 005A,Investigation complete; no suspect identified
b0efe70231113bdf83b8cacfc75c9d76fe956cfc90e053aeb158acf3d8015302,2021-10,Staffordshire Police,Staffordshire Police,-2.137434,52.827963,On or near CRAB LANE,E01029719,Stafford 007A,Investigation complete; no suspect identified
f337515d65b6c7fd17ec5c95846886ac609c43544bca898103aff3eb66446b16,2021-10,Staffordshire Police,Staffordshire Police,-2.181792,53.089275,On or near BRIDGE STREET,E01014257,Stoke-on-Trent 001A,Suspect charged
1547683be934591fa30f3ad48192a7e8a2c18b8022515b963dadf08255484ba2,2021-10,Staffordshire Police,Staffordshire Police,-2.233942,52.989350,On or near TWEED GROVE,E01029591,Newcastle-under-Lyme 014C,Investigation complete; no suspect identified
479f86d8893bf198387e69d3454a4834e6cb94d8b9c29f8fc1aa867aff917e54,2021-10,Staffordshire Police,Staffordshire Police,-2.034497,52.701322,On or near GAELIC ROAD,E01029356,Cannock Chase 007C,Unable to prosecute suspect
da5496e128f6a11a889ef69ae807b5689479c6e317ceda127225961ccd8b5c5a,2021-10,Staffordshire Police,Staffordshire Police,-1.985004,52.983998,On or near BADDELEY STREET,E01029783,Staffordshire Moorlands 011B,Unable to prosecute suspect
9bc8977a68667edf214ddf54e05f75cc1291a09c93251e0656c6e1975f1eeb84,2021-10,Staffordshire Police,Staffordshire Police,-2.118123,52.783360,On or near CHURCHILL WAY,E01029726,Stafford 016A,Unable to prosecute suspect
eb91bffd7cdb9424dc2688390c6e2919291ddaf1f3b9695249c2c8697b12d2d4,2021-10,Staffordshire Police,Staffordshire Police,-2.125403,52.829640,On or near ASHDALE DRIVE,E01029718,Stafford 006B,Unable to prosecute suspect
54e359047bb9b8e1de335f42f20273611fde3ce79ba418188ddaa0fab025b3e4,2021-10,Staffordshire Police,Staffordshire Police,-2.104087,52.822154,On or near BEACONSIDE,E01029690,Stafford 006A,Local resolution
dccee13e0557b5715fa9f3a30a1f876a4c55df2131fbeb745d088ab168151576,2021-10,Staffordshire Police,Staffordshire Police,-2.206999,53.058904,On or near THE BOULEVARD,E01014355,Stoke-on-Trent 005B,Investigation complete; no suspect identified
72519f202070ff6932de1de4127d8dd6d5c5c05746b1c212a655b66961c65ab1,2021-10,Staffordshire Police,Staffordshire Police,-2.148691,52.994611,On or near BISHOP STREET,E01014279,Stoke-on-Trent 020E,Unable to prosecute suspect
074cdfda2fb5c4a12c06569a2c8f0773e9d085024b6fa553c2bb46a4131d00cd,2021-10,Staffordshire Police,Staffordshire Police,-2.165563,53.008217,On or near LORDSHIP LANE,E01014276,Stoke-on-Trent 020C,Investigation complete; no suspect identified
0fbc9e93c2cc3031d7238dbe871712cd2a6c280d40d8586c4a940ee5b0e7cfaa,2021-10,Staffordshire Police,Staffordshire Police,-2.198895,53.045506,On or near STEVENTON PLACE,E01014251,Stoke-on-Trent 009C,Unable to prosecute suspect
4a236b7e0d10fe48fa1b00ea7afeac95ca00817be9282b853624f580fa1083f4,2021-10,Staffordshire Police,Staffordshire Police,-2.116125,52.790140,On or near BROOK GLEN ROAD,E01029727,Stafford 013D,Investigation complete; no suspect identified
0ae3a7c7b2ea97fedf43f2c0897abf904bb8ee357515b63039dc349d8d84cb29,2021-10,Staffordshire Police,Staffordshire Police,-1.704290,52.614855,On or near ALBERT ROAD,E01029504,Lichfield 012D,Unable to prosecute suspect
717695eeb45825c3760b7a41602f1f80ba4bd56608793ab672fde0351f880439,2021-10,Staffordshire Police,Staffordshire Police,-1.651190,52.632052,On or near SPRUCE,E01029820,Tamworth 003A,Further action is not in the public interest
0d94e0c21d51f7e2dc6c3163ea5c87bb9050b3fbe101084d8d671706fb64eb9a,2021-10,Staffordshire Police,Staffordshire Police,-2.139527,53.035613,On or near KEVERMONT CLOSE,E01014211,Stoke-on-Trent 012B,Investigation complete; no suspect identified
c6b9300b66a81267d3dfa95720f546e17cd9bd8f6623cfbe49d193a1dd199b6e,2021-10,Staffordshire Police,Staffordshire Police,-2.166017,53.009969,On or near VICTORIA ROAD,E01014282,Stoke-on-Trent 016D,Local resolution
2d56e982fea0636e45d0489725c75ff6f390fb8dbc199487f50d10daeafa65b7,2021-10,Staffordshire Police,Staffordshire Police,-2.226128,53.093181,On or near CASTLEVIEW ROAD,E01029563,Newcastle-under-Lyme 002B,Suspect charged
2b6d9c4235b2fe5ddd07430dae538fe0e8c6bc7b2046fcddb2c7ac61b9253b25,2021-10,Staffordshire Police,Staffordshire Police,-2.179015,52.956401,On or near LAXTON GROVE,E01014352,Stoke-on-Trent 034D,Unable to prosecute suspect
cfc7a04c53290f9dea06fd448632bb2923e74f3126145720644c617e11e8be2c,2021-10,Staffordshire Police,Staffordshire Police,-1.672916,52.633247,On or near Supermarket,E01029832,Tamworth 004C,Suspect charged
7a2946ac39121e6365509bd52950285d6be45ed17871f2c253a1c5783feb770c,2021-10,Staffordshire Police,Staffordshire Police,-2.269787,53.073476,On or near AUDLEY ROAD,E01029595,Newcastle-under-Lyme 003E,Unable to prosecute suspect
05c5e03e8349799bf3c0c8f109330f977a2acb34361c89833499183e7d029efd,2021-10,Staffordshire Police,Staffordshire Police,-2.010178,53.114025,On or near ARGLES ROAD,E01029810,Staffordshire Moorlands 001E,Unable to prosecute suspect
dd8530426f3e49e90823d7b433b475262630c19893111b949f87994b0f3cec10,2021-10,Staffordshire Police,Staffordshire Police,-2.203859,53.076385,On or near TIDEBROOK PLACE,E01014258,Stoke-on-Trent 001B,Unable to prosecute suspect
25adcc6e75bc7c030d2326f9a0116b79b6d130a6e2f120f55eeb65daf9a7d06d,2021-10,Staffordshire Police,Staffordshire Police,-1.607640,52.796355,On or near SEFTON CLOSE,E01029419,East Staffordshire 012B,Unable to prosecute suspect
8b363bab38aaa66adc879e43075c89448e29b06152bb8a35cfd170ca8692fa2a,2021-10,Staffordshire Police,Staffordshire Police,-1.701450,52.613383,On or near Sports/Recreation Area,E01029504,Lichfield 012D,Further investigation is not in the public interest
822139b07f0384f15a18a1d63854f1f43fb545035e0736e83899c45eff7c04d5,2021-10,Staffordshire Police,Staffordshire Police,-2.155828,52.965873,On or near VENTNOR GROVE,E01014238,Stoke-on-Trent 032D,Unable to prosecute suspect
9ab341551cae12d9062c9f8b905c838f038aa4a3ca4ab359eb2094190f613a84,2021-10,Staffordshire Police,Staffordshire Police,-1.863703,52.897894,On or near QUEEN STREET,E01029460,East Staffordshire 003B,Unable to prosecute suspect
5177783a5e02bf98f9f1c5b40efa0a7a364404b2ac01c3bd38d25e0d743cff46,2021-10,Staffordshire Police,Staffordshire Police,-2.045556,52.691232,On or near HATHERTON CROFT,E01029366,Cannock Chase 011D,Unable to prosecute suspect
386663575d52fd35e9eb0e41df7885241539c80f95cd2cfe4bee550ee6403a01,2021-10,Staffordshire Police,Staffordshire Police,-2.125658,52.979168,On or near LENNOX ROAD,E01014305,Stoke-on-Trent 029A,Investigation complete; no suspect identified
be5e68afc96f7b944f123a1237e47573c6fce694c866421e3540e608eff6d5a0,2021-10,Staffordshire Police,Staffordshire Police,-2.107381,52.816074,On or near NEWTON ROAD,E01029692,Stafford 009A,Investigation complete; no suspect identified
c300a8e018fdd25c2d7352f953a85fffaa23da844773f6eed10156f5138ecb75,2021-10,Staffordshire Police,Staffordshire Police,-1.647719,52.821327,On or near CARLTON STREET,E01029434,East Staffordshire 007A,Formal action is not in the public interest
c6a0f7d88c663abcf656fce5b0526d4c6cf8921f441d236d24bac1cedb6faed0,2021-10,Staffordshire Police,Staffordshire Police,-2.017168,53.110114,On or near HAYES CLOSE,E01029808,Staffordshire Moorlands 001C,Unable to prosecute suspect
60c864ee49ff1de47ba894471f8a26004c6552e69feef0de0967c0bfa89dc11f,2021-10,Staffordshire Police,Staffordshire Police,-2.026836,52.684927,On or near TRINITY CLOSE,E01029360,Cannock Chase 012B,Investigation complete; no suspect identified
2fbfa683debf2793fc3261626f358670b8b8fb8d8fbc3f6bb3025a136ba10488,2021-10,Staffordshire Police,Staffordshire Police,-2.219748,53.022215,On or near THE CROSSWAY,E01029578,Newcastle-under-Lyme 011B,Unable to prosecute suspect
25d2112e148dc2c4a83824751b6094ad5797856ad3fa5dc9d9cebfeca22c4b94,2021-10,Staffordshire Police,Staffordshire Police,-2.111661,52.778297,On or near TEN BUTTS CRESCENT,E01029729,Stafford 016B,Unable to prosecute suspect
d7397e7f03d8f1aa9f08725fc9f66d550f85d216b35e2ffe99c05cec00b54915,2021-10,Staffordshire Police,Staffordshire Police,-2.109306,52.797069,On or near FELTON CLOSE,E01029699,Stafford 010D,Unable to prosecute suspect
320f3839d207af4f730b343dd408caed391b3d13a4ff1d39ee8cc87d61826a14,2021-10,Staffordshire Police,Staffordshire Police,-1.964711,52.918462,On or near RED GABLES COURT,E01029406,East Staffordshire 001B,Suspect charged
311df5a08b6936dbfa47bbb4b35d51648cc01386ccbd8d4d27cf64f3e1bfd528,2021-10,Staffordshire Police,Staffordshire Police,-2.027626,53.065194,On or near Parking Area,E01029792,Staffordshire Moorlands 006A,Further action is not in the public interest
099a37ad66dc889033f0fc04fb1b4fd4ad25d10de62bdfa75587531bdd3f2c45,2021-10,Staffordshire Police,Staffordshire Police,-1.635366,52.820346,On or near SHAKESPEARE ROAD,E01029427,East Staffordshire 008B,Unable to prosecute suspect
1bc7806671e6307725a276c964bda04241ce8d920050bd1d0c50c1865dc491a9,2021-10,Staffordshire Police,Staffordshire Police,-2.008271,52.687420,On or near WINCHAT DRIVE,E01029375,Cannock Chase 010A,Unable to prosecute suspect
d524a7ced79b942f7b5ae211524b618e7136ca6cfadb2dc03ffd11fcdf9cd729,2021-10,Staffordshire Police,Staffordshire Police,-2.224794,52.991993,On or near Pedestrian Subway,E01029591,Newcastle-under-Lyme 014C,Unable to prosecute suspect
15cba52e4013422fa959d1046e78cf18818f9d07b048f3f14021eb9796e4e288,2021-10,Staffordshire Police,Staffordshire Police,-2.029812,52.688171,On or near Supermarket,E01029360,Cannock Chase 012B,Suspect charged
c79359306f2e47cc7781b42e3bf9c4132a243e5f3075ed20d770c04428925676,2021-10,Staffordshire Police,Staffordshire Police,-2.089517,53.024910,On or near HILL VILLAGE ROAD,E01029780,Staffordshire Moorlands 009B,Unable to prosecute suspect
441ac6adc23e3d3b2a17a3bcb7ecd9bf7a69528852ab701b4ae4c7dd727453ec,2021-10,Staffordshire Police,Staffordshire Police,-2.131254,52.692920,On or near WAITLING STREET,E01029658,South Staffordshire 001D,Unable to prosecute suspect
a08a21362c6c79d8e1c67c305ba04cf191795528242366eaf39f99514073efbf,2021-10,Staffordshire Police,Staffordshire Police,-2.165866,53.024792,On or near LUDLOW STREET,E01033216,Stoke-on-Trent 016G,Investigation complete; no suspect identified
ed8749fda7e1ea2e98ec12dd784f22b8471a2a165cecbb2831dbc68012e1a2a3,2021-10,Staffordshire Police,Staffordshire Police,-2.104714,52.793261,On or near FERRY FARM DRIVE,E01029734,Stafford 016C,Offender given a caution
8b271118d1cbfc37b15e35b4ecc76d9e905735367ab0c2b68df0fb3ac1c247de,2021-10,Staffordshire Police,Staffordshire Police,-1.932846,52.672325,On or near EDWARDS ROAD,E01029496,Lichfield 010A,Investigation complete; no suspect identified
8faffc501e84522dc5940f61b829fb273649403e93857cdb16dd65530e0b8b24,2021-10,Staffordshire Police,Staffordshire Police,-1.985004,52.983998,On or near BADDELEY STREET,E01029783,Staffordshire Moorlands 011B,Investigation complete; no suspect identified
81cccc07ec0a74683c5ead8f7333e3d2b4803284aa7b8c00196dcebdb87138c8,2021-10,Staffordshire Police,Staffordshire Police,-1.987857,52.954513,On or near OLD ROAD,E01029791,Staffordshire Moorlands 013E,Further action is not in the public interest
8a34cf65d1927aaefe95861051ee6c12a5c9fdbfa5517ccc0609cdacf0fa7153,2021-10,Staffordshire Police,Staffordshire Police,-2.186380,53.021337,On or near MOUNT PLEASANT,E01014287,Stoke-on-Trent 015D,Investigation complete; no suspect identified
8c95f09dfe28d2cd8979d6c49215168e8369162435fd108681051dc6103c0155,2021-10,Staffordshire Police,Staffordshire Police,-2.120623,52.989582,On or near AMBERFIELD CLOSE,E01014299,Stoke-on-Trent 025A,Unable to prosecute suspect
414072fa5f447bc8046b021174de8130827b14d43209ba617de3abeee70cf558,2021-10,Staffordshire Police,Staffordshire Police,-2.015845,52.726128,On or near PLANTATION ROAD,E01029390,Cannock Chase 004D,Unable to prosecute suspect
fdcd11e7e089174e8902a4e1b340d1523ae433cea9beae669217b57a69e7419a,2021-10,Staffordshire Police,Staffordshire Police,-2.185960,53.017257,On or near BEDFORD ROAD,E01014281,Stoke-on-Trent 015A,Unable to prosecute suspect
6a52efdd623c5a8fb5aa9d15d7489088611436328980edebc3436f2bace78992,2021-10,Staffordshire Police,Staffordshire Police,-2.215659,52.523906,On or near CHAPEL LANE,E01029645,South Staffordshire 013A,Investigation complete; no suspect identified
44e06b9151550d05c8848888d1f5fb7816fd1d5523218becda45bf5959749f33,2021-10,Staffordshire Police,Staffordshire Police,,,No location,,,Unable to prosecute suspect
bc8fa73abf4ab32721bd4ab2578d4e220ad031444642c6f5d4264ef6774fb784,2021-10,Staffordshire Police,Staffordshire Police,-1.818803,52.670642,On or near CROMWELLS MEADOW,E01029518,Lichfield 007D,Investigation complete; no suspect identified
de676eacf0cec8880f2bbe7a9d06f59fc7c83e759587c2aad26790a833bbff78,2021-10,Staffordshire Police,Staffordshire Police,-1.822446,52.673030,On or near LONDON ROAD,E01029518,Lichfield 007D,Unable to prosecute suspect
e8a77aaeee2dec2c6b1dc0a5a491ad7795df913a09b09e3db1283757bf79fa53,2021-10,Staffordshire Police,Staffordshire Police,-2.102470,52.979675,On or near MEIR VIEW,E01014321,Stoke-on-Trent 028A,Suspect charged
676c901333e2c0af3f32f6cf5f4321dbbe90eff3c10258d9b02e5b243175f6a1,2021-10,Staffordshire Police,Staffordshire Police,-1.703975,52.626523,On or near VENTURA PARK ROAD,E01029837,Tamworth 005B,Investigation complete; no suspect identified
7755c4bffe4e9a061db9d69420d8ad919aa6cf8948b7422d4a4f8a1d77adc50e,2021-10,Staffordshire Police,Staffordshire Police,-2.131895,52.787670,On or near LARKIN CLOSE,E01029717,Stafford 013C,Unable to prosecute suspect
3ec8859e4034218bd0f52c7e3e82ec70a32190e52df35be3218ba7a1e6d33c31,2021-10,Staffordshire Police,Staffordshire Police,-2.181792,53.089275,On or near BRIDGE STREET,E01014257,Stoke-on-Trent 001A,Unable to prosecute suspect
5bd7f1910fe25a8c6bc8c8607347628bdf7fd88f5e4a8800895e9dba2c5594a3,2021-10,Staffordshire Police,Staffordshire Police,-1.689247,52.615967,On or near KENNEDY CLOSE,E01029863,Tamworth 009D,Further action is not in the public interest
c1c38ba786e82df71bdb51b44b6a73df4dc6b44b860b3522899371c71389740f,2021-10,Staffordshire Police,Staffordshire Police,-1.841873,52.678640,On or near VICTORIA GARDENS,E01029512,Lichfield 007C,Unable to prosecute suspect
beb058319580bf1951e00a76c0ba201d3750765eee6b6a257bdf2a5ea6c3f372,2021-10,Staffordshire Police,Staffordshire Police,-2.153791,52.966702,On or near Supermarket,E01014238,Stoke-on-Trent 032D,Offender given a caution
f9357aa1f16775508035490178575caac446f516d24cb11cee59ac67ccdcf3b7,2021-10,Staffordshire Police,Staffordshire Police,-2.011959,52.701470,On or near ASHBOURNE CLOSE,E01029351,Cannock Chase 008C,Investigation complete; no suspect identified
59029e0332699d3bb7fb1929718ca62b7ccde123cd25567ad9673bace7b92d58,2021-10,Staffordshire Police,Staffordshire Police,-2.129812,52.978983,On or near CHAPLIN ROAD,E01014312,Stoke-on-Trent 029D,Unable to prosecute suspect
765aa57c0078304994eed8265750e54e97b4a3de4736f3c72345dcb5252a7bc4,2021-10,Staffordshire Police,Staffordshire Police,-2.222013,53.024808,On or near BEECH GROVE,E01029577,Newcastle-under-Lyme 009A,Unable to prosecute suspect
bf55c4f8d75364221b4c562ee2250287537b8d8cc31314f0d44992905278e5c2,2021-10,Staffordshire Police,Staffordshire Police,-2.160375,52.983611,On or near WILLOW GROVE,E01014240,Stoke-on-Trent 026D,Unable to prosecute suspect
fe5befbaa4d3b69bdc26b0911f2a04ed033c7557ff4552a04fcbc20abcc9c5cf,2021-10,Staffordshire Police,Staffordshire Police,-2.301824,53.053011,On or near Parking Area,E01029532,Newcastle-under-Lyme 005A,Investigation complete; no suspect identified
80484129be294af4d161abc2d709e50a43aeb2189d0655bf487d4664fb4d46d5,2021-10,Staffordshire Police,Staffordshire Police,-2.175776,53.027421,On or near Shopping Area,E01014287,Stoke-on-Trent 015D,Investigation complete; no suspect identified
2e64578ee64a9fe66ef9b5580278987e99845bcffe27a00bd8a31e5012784da1,2021-10,Staffordshire Police,Staffordshire Police,-2.029812,52.688171,On or near Supermarket,E01029360,Cannock Chase 012B,Suspect charged
01d986373bd0d84a21035530f8fa7661c119c7e1f6cd3560e3969c300f05bc94,2021-10,Staffordshire Police,Staffordshire Police,-1.680494,52.603089,On or near LAMPREY,E01029860,Tamworth 009A,Further action is not in the public interest
5b41dc4244b570579c6ef2941e968ad7844a3acc0e4149f51133a36178ae7d4e,2021-10,Staffordshire Police,Staffordshire Police,-2.117027,52.992957,On or near RAVENNA WAY,E01014301,Stoke-on-Trent 025B,Further action is not in the public interest
e89367a532292141b09cf0332f26b98f43bfcfe46d36a99f3f479b9297bc1bde,2021-10,Staffordshire Police,Staffordshire Police,-2.204860,53.013855,On or near CAMELLIA CLOSE,E01014291,Stoke-on-Trent 018D,Unable to prosecute suspect
a5a1f913dbc29127fab035f14c102ba33737808d8178b420767aac3861ad006b,2021-10,Staffordshire Police,Staffordshire Police,-2.189582,53.023948,On or near JOSIAH WEDGWOOD STREET,E01014285,Stoke-on-Trent 015B,Unable to prosecute suspect
3490c57aaa27c8e90a71fe9fb4da8c26fd7706eb0cf85d68f8f5fd48ca29aca6,2021-10,Staffordshire Police,Staffordshire Police,-1.947330,52.618394,On or near SCHOOL STREET,E01010320,Walsall 016A,Unable to prosecute suspect
e7dafd80a7bcdea192927282114738d1d2020d2b68e826f221101d981a11e223,2021-10,Staffordshire Police,Staffordshire Police,-2.143832,53.025324,On or near STEVENSON ROAD,E01014219,Stoke-on-Trent 014B,Investigation complete; no suspect identified
ece3c57276cf96451580ea4976cb1970a4890ed8d15ab35d78723e659db85e87,2021-10,Staffordshire Police,Staffordshire Police,-1.956109,53.205121,On or near A53,E01029797,Staffordshire Moorlands 001A,Investigation complete; no suspect identified
fb833092fee90744683565fab5cedbb87c9c9eb0182d3e308e2fba894a501545,2021-10,Staffordshire Police,Staffordshire Police,-1.861143,52.670043,On or near FOSSEWAY LANE,E01029521,Lichfield 011C,Unable to prosecute suspect
cf380a9b3f653026f7b4bb413e30af20dee610e9c39a4661707b8368e9718816,2021-10,Staffordshire Police,Staffordshire Police,-1.765588,52.721808,On or near HOLLY DRIVE,E01029479,Lichfield 002C,Suspect charged
c0064101d1f49b641c238a2979cffe2fd8f6a72192a1157767c2e5676424c1d8,2021-10,Staffordshire Police,Staffordshire Police,-1.835250,52.693607,On or near GREENCROFT,E01029492,Lichfield 004A,Investigation complete; no suspect identified
8b7564de66455b427291a227f606c6f9a482bfbb32346730da064815db304360,2021-10,Staffordshire Police,Staffordshire Police,-2.162876,53.002971,On or near MAUD STREET,E01014275,Stoke-on-Trent 020B,Investigation complete; no suspect identified
ffbe21e1c3b9dbde0476c577a1c95e2121b6528d736aca05c25f7d67815f2af1,2021-10,Staffordshire Police,Staffordshire Police,-1.627590,52.787403,On or near BAKER STREET,E01029450,East Staffordshire 014B,Unable to prosecute suspect
4c2198fcaec97cb8279e65ee46194663fa09fba8b4593ce84a7de8ba19aae19d,2021-10,Staffordshire Police,Staffordshire Police,-2.161042,52.970567,On or near NETLEY PLACE,E01014237,Stoke-on-Trent 032C,Investigation complete; no suspect identified
8c00f4f01a9457bd736ef421c6c770b70fa0407c76fca96c27e7363077011637,2021-10,Staffordshire Police,Staffordshire Police,-2.055257,52.757849,On or near JOYCE'S LANE,E01029656,South Staffordshire 001B,Investigation complete; no suspect identified
33e62b6ae131e90e233daadbe5baa9d9a3ceee966ec712728989ceec1b2e8db7,2021-10,Staffordshire Police,Staffordshire Police,-2.189337,53.066557,On or near VICKERS ROAD,E01014262,Stoke-on-Trent 003B,Unable to prosecute suspect
ec006cbbb4cc64f3027920f71ff91da6e14985ac7535a2533def201cf24434c2,2021-10,Staffordshire Police,Staffordshire Police,-2.140102,52.992249,On or near GOLDENHILL ROAD,E01014302,Stoke-on-Trent 022D,Unable to prosecute suspect
440290a53f1dfc9fa5a3f320fcdd9696cbf2afe48039984267ebc795b061841e,2021-10,Staffordshire Police,Staffordshire Police,-1.916961,52.744016,On or near PRIORY ROAD,E01029347,Cannock Chase 003C,Suspect charged
855466c2e7abf120b8f3dc3f8009d82ec61870548dd70d2b392963118c69fd5c,2021-10,Staffordshire Police,Staffordshire Police,-2.189626,53.050978,On or near STANFIELD ROAD,E01014247,Stoke-on-Trent 009A,Local resolution
384f71df8f7480193df631cdcba5ed2f64d00b286f52e05953af9750019595ab,2021-10,Staffordshire Police,Staffordshire Police,-2.158878,53.001861,On or near LAUREN CLOSE,E01014275,Stoke-on-Trent 020B,Unable to prosecute suspect
47d0ee44727ff5447bf0fe42f9a8d8e708209a24e77f7f934e7dc1f6ad82e6b9,2021-10,Staffordshire Police,Staffordshire Police,-2.118414,53.009927,On or near GALLOWAY ROAD,E01014223,Stoke-on-Trent 017D,Unable to prosecute suspect
16462e2093c32772f1eb46002ad85c25baec5b92d6bc570d0c35d194b27bff92,2021-10,Staffordshire Police,Staffordshire Police,-2.108062,52.970600,On or near QUEENSMEAD ROAD,E01014319,Stoke-on-Trent 033C,Suspect charged
9de6665ab00c7b4fc98348631a3243363d838514a52cb29b5557a3545def9136,2021-10,Staffordshire Police,Staffordshire Police,-1.698922,52.624461,On or near A5,E01029837,Tamworth 005B,Local resolution
fa3ba85cffb7cb2b0d4cfeaedd5043e19b6d0d2d4b76b033d78a84af4472eef4,2021-10,Staffordshire Police,Staffordshire Police,-2.194442,53.046979,On or near OWEN GROVE,E01014247,Stoke-on-Trent 009A,Local resolution
d192013e033d6e482c64b13ef194e602c6a7403c9c9c2549b1585530786d1432,2021-10,Staffordshire Police,Staffordshire Police,-2.135120,52.833009,On or near HURRICANE CLOSE,E01029743,Stafford 006C,Investigation complete; no suspect identified
a44b5b488c8a1f9e4dd170666d65e8ea38cf4f62810dd57698a52b3bcb8b5319,2021-10,Staffordshire Police,Staffordshire Police,-1.636803,52.815308,On or near PARKER STREET,E01029426,East Staffordshire 008A,Investigation complete; no suspect identified
3672ef50eae11f3f8e9b25d38f17c551726af5740149b1ad967d5e81dc77a954,2021-10,Staffordshire Police,Staffordshire Police,-1.635822,52.813785,On or near Supermarket,E01029426,East Staffordshire 008A,Investigation complete; no suspect identified
8db9ec3b1c58c05b2cb4ecdcdfa14d1eda75980c4a2f7776c319d24937e44479,2021-10,Staffordshire Police,Staffordshire Police,-1.679433,52.629084,On or near ROSEWOOD COURT,E01029830,Tamworth 006E,Suspect charged
8554fdd86291c9fc99e6abb9d5c06e036722f9ac5cf4d624e0a665ca1f0c0433,2021-10,Staffordshire Police,Staffordshire Police,-2.178484,53.033269,On or near ASHBOURNE GROVE,E01014256,Stoke-on-Trent 011D,Unable to prosecute suspect
76eb2d1218571ef15723fc37afb1b4ee4c257296aa61baa131198800c7cc43bb,2021-10,Staffordshire Police,Staffordshire Police,-1.824931,52.683938,On or near TAMWORTH STREET,E01029526,Lichfield 004E,Investigation complete; no suspect identified
83cc3178982fe5927dffefce83383ac7e31b1e588ac567503b565d04e7cc2709,2021-10,Staffordshire Police,Staffordshire Police,-1.984808,52.990515,On or near HARBORNE CRESCENT,E01029782,Staffordshire Moorlands 010B,Investigation complete; no suspect identified
30a53926a5369475d50be9ea6741c38b6c95f6069e33f05bd8d3109f9889ef45,2021-10,Staffordshire Police,Staffordshire Police,-2.197091,53.006497,On or near PRINCES ROAD,E01014292,Stoke-on-Trent 018E,Unable to prosecute suspect
b7d1b46b70840c276114f7a910f56325bc5d94dd56fb6d4821766e8855dcb345,2021-10,Staffordshire Police,Staffordshire Police,-2.186728,52.998234,On or near CORPORATION STREET,E01014340,Stoke-on-Trent 019D,Unable to prosecute suspect
11da10c364c1847d65cce28976d44420b74db40aa1d5453aa889cd7ea825a23d,2021-10,Staffordshire Police,Staffordshire Police,-2.192434,53.004832,On or near BRIGHTON STREET,E01014292,Stoke-on-Trent 018E,Unable to prosecute suspect
ac5a60cf01c8391334e27a5cc7b95c50fbd52708e4ab83dc9835564d0f231b57,2021-10,Staffordshire Police,Staffordshire Police,-1.985004,52.983998,On or near BADDELEY STREET,E01029783,Staffordshire Moorlands 011B,Formal action is not in the public interest
286906dc12781b84fb1aa31d645ae06e7a2bc14c85645c53acd774bc0295353a,2021-10,Staffordshire Police,Staffordshire Police,-2.181345,52.961836,On or near PORLOCK GROVE,E01014352,Stoke-on-Trent 034D,Further investigation is not in the public interest
cc361a9a94df15acfe0e9e3ce1be591d92969d7cc4adc45f7cb93cfa18b15d6f,2021-10,Staffordshire Police,Staffordshire Police,-2.039566,53.098954,On or near CHARNWOOD CLOSE,E01029816,Staffordshire Moorlands 006F,Unable to prosecute suspect
23207fee58aeb77423378f028a8d4fff60869a37f86506f102589e60ebcce7cd,2021-10,Staffordshire Police,Staffordshire Police,-2.164224,53.024318,On or near EAGLE STREET,E01033216,Stoke-on-Trent 016G,Unable to prosecute suspect
baf7265543ea72e42a40cbe8fceee9d30a99e0e4f7ac6ac91bb73ac578d895c6,2021-10,Staffordshire Police,Staffordshire Police,-2.196944,53.046112,On or near WEDGWOOD STREET,E01014247,Stoke-on-Trent 009A,Suspect charged
6dd7e7e91cc53f7fea2918c8baead6cf0c15de7e4b38f99e8f2adaea3d216c37,2021-10,Staffordshire Police,Staffordshire Police,-2.214117,53.025929,On or near MORETON PARADE,E01029611,Newcastle-under-Lyme 008E,Unable to prosecute suspect
045974887552dfbed09f55f5eb0c586fbe64458a354e8cc35afa68831f1381bd,2021-10,Staffordshire Police,Staffordshire Police,-2.179643,53.093251,On or near CHILDERPLAY ROAD,E01029771,Staffordshire Moorlands 004B,Investigation complete; no suspect identified
9664b4364fb258bc735dbc3a966032f8df67ba6899653c4ecea0009a85d2ef63,2021-10,Staffordshire Police,Staffordshire Police,-2.227527,52.447730,On or near Supermarket,E01029649,South Staffordshire 014A,Unable to prosecute suspect
ad6df73320ebea1752556d5b19d2a7cc7dae7f360c03bf9a776d1955ab3f0495,2021-10,Staffordshire Police,Staffordshire Police,-2.186711,53.015053,On or near CEMETERY ROAD,E01014283,Stoke-on-Trent 016E,Investigation complete; no suspect identified
7791108521813f01f10917398b1a5e1448c019d8a4420b39bc8ce329adebc888,2021-10,Staffordshire Police,Staffordshire Police,-1.684290,52.621294,On or near BRIGHT CRESCENT,E01029827,Tamworth 006C,Unable to prosecute suspect
8a58b7ab4658fefe516c6549e1f6e8e4cabf6a7ef6d636e9f016b16b279be37e,2021-10,Staffordshire Police,Staffordshire Police,-2.133414,52.988005,On or near Further/Higher Educational Building,E01014302,Stoke-on-Trent 022D,Investigation complete; no suspect identified
d09098c514adf524a32fb7a90e93b73688ed47164c4021de9115fcdbac9b24dc,2021-10,Staffordshire Police,Staffordshire Police,-1.961745,52.670037,On or near CHERRY TREE ROAD,E01029397,Cannock Chase 013D,Unable to prosecute suspect
d380aaae25c8b1e4943056036951135e851345eb5779cf99e252d8060a2c50a4,2021-10,Staffordshire Police,Staffordshire Police,-2.186711,53.015053,On or near CEMETERY ROAD,E01014283,Stoke-on-Trent 016E,Investigation complete; no suspect identified
a6c9c2c40e855aaf0a6f5df07323c5777b492c225b8bebba62f2eed7372425ad,2021-10,Staffordshire Police,Staffordshire Police,-2.143453,52.996434,On or near CARLING GROVE,E01014273,Stoke-on-Trent 021A,Investigation complete; no suspect identified
b11271d4ae57711dfa6fb374c5fb91f777e7cabc84b3e590d907485db8ce3e15,2021-10,Staffordshire Police,Staffordshire Police,-1.857818,52.901707,On or near RUSSELL CLOSE,E01029461,East Staffordshire 003C,Unable to prosecute suspect
dacfa4b0a9361db1e6fc776b1e9e493ae112ffda1b5e271b84e85a33fbf42410,2021-10,Staffordshire Police,Staffordshire Police,-2.103707,52.793766,On or near OLD RICKERSCOTE LANE,E01029734,Stafford 016C,Further action is not in the public interest
e74069ebce01147a5a74d045ce091b0e1bb3961a72f13b12ac59ab505a7e331e,2021-10,Staffordshire Police,Staffordshire Police,-2.184441,53.049018,On or near MACCLESFIELD STREET,E01014248,Stoke-on-Trent 006F,Investigation complete; no suspect identified
cebca108da7652d0539d528ac0ba4273996b92861d61fbae70b0da8870689275,2021-10,Staffordshire Police,Staffordshire Police,-2.115807,52.804524,On or near BRIDGE STREET,E01029701,Stafford 010E,Unable to prosecute suspect
af89109848ad9ab04aa43374025827ca14d880c8979099987194b345792f5dc5,2021-10,Staffordshire Police,Staffordshire Police,-2.253237,53.048495,On or near APPLECROFT,E01029545,Newcastle-under-Lyme 004C,Unable to prosecute suspect
dcf6e79c77cb5f24f5ff1c708d0aa01a2b1576b1b418560010970f3eea6c6c6d,2021-10,Staffordshire Police,Staffordshire Police,-2.003999,52.714335,On or near HIGH MOUNT STREET,E01029387,Cannock Chase 005C,Suspect charged
0a384e82bd842cec405b444e51880332ba8c509e27d195946050e5497bb0a769,2021-10,Staffordshire Police,Staffordshire Police,-2.108862,52.815156,On or near BELL CLOSE,E01029692,Stafford 009A,Unable to prosecute suspect
191b052fdbc730937e2ac830c5356f73a390c8727aaba23fd94a231101203b14,2021-10,Staffordshire Police,Staffordshire Police,-2.006797,52.718308,On or near LOMAX ROAD,E01029386,Cannock Chase 005B,Unable to prosecute suspect
0eeec8cebd5292386c5f57b0e667f4787e0572219a2d9cac98993082ed9b8d73,2021-10,Staffordshire Police,Staffordshire Police,-2.200801,53.051247,On or near EVANS STREET,E01014252,Stoke-on-Trent 009D,Unable to prosecute suspect
e7155da629466eef253c435ca693faa8a55570901416598a2e4737935520be85,2021-10,Staffordshire Police,Staffordshire Police,-2.179487,53.012682,On or near AVENUE ROAD,E01014282,Stoke-on-Trent 016D,Unable to prosecute suspect
e77bf80d541b406779e1a1f645acbdf92c72bae645914e4119bed0d0977ebb96,2021-10,Staffordshire Police,Staffordshire Police,-2.010671,53.113324,On or near FURMSTON PLACE,E01029810,Staffordshire Moorlands 001E,Unable to prosecute suspect
3000d2191b26ab40027e9be3d16e8f69d4c467b31d6a4a9bb6fb939e20dde662,2021-10,Staffordshire Police,Staffordshire Police,-2.138849,53.029070,On or near NEWHOUSE ROAD,E01014212,Stoke-on-Trent 012C,Unable to prosecute suspect
1d8d61c3b4e53f2f62b2e603bbe2288b69dc84a52c66a47c5346c4d7aec6eedf,2021-10,Staffordshire Police,Staffordshire Police,-1.860467,52.900973,On or near A518,E01029460,East Staffordshire 003B,Local resolution
6216804ca01d74d211bf2f8641c0ed1763a41a1c5cca02f657ba778e8a85aa3d,2021-10,Staffordshire Police,Staffordshire Police,-2.210965,53.058232,On or near TOWER SQUARE,E01014355,Stoke-on-Trent 005B,Investigation complete; no suspect identified
ebe487535e2c8f4a6d2156913328fd4f4b5603a15f41ae88abb998def8d0b97c,2021-10,Staffordshire Police,Staffordshire Police,-2.209280,53.003150,On or near HILTON ROAD,E01014294,Stoke-on-Trent 018F,Further action is not in the public interest
80ed4b82534e2327ffd8bf3d0af900957f6d81d7d6b41b8b3f5998927236122d,2021-10,Staffordshire Police,Staffordshire Police,-2.147103,53.022561,On or near CLOWES ROAD,E01014230,Stoke-on-Trent 014F,Unable to prosecute suspect
50f57ee30d5131ee08a52b9d0aabd93c445d7aca78cd81158d5ee412aed7a88f,2021-10,Staffordshire Police,Staffordshire Police,-2.167060,52.998228,On or near MASTERSON STREET,E01014276,Stoke-on-Trent 020C,Unable to prosecute suspect
f0d13daae34b8c83c3b6324e732b00d2cf1467dbf8e0c8709de719bfbd64c911,2021-10,Staffordshire Police,Staffordshire Police,-2.088707,52.964315,On or near GRINDLEY LANE,E01029705,Stafford 001D,Unable to prosecute suspect
9af8409389aa54cf855adb91526c5565239a9269c2f907f58b49be2c7b7a4f56,2021-10,Staffordshire Police,Staffordshire Police,-2.323143,52.889459,On or near CHURCH LANE,E01029696,Stafford 005B,Unable to prosecute suspect
0024073b4e19d4c344fb6c09e09d023130836c1f17a128a7fe0d9969aba4d93e,2021-10,Staffordshire Police,Staffordshire Police,-2.247274,53.010196,On or near GALINGALE VIEW,E01029598,Newcastle-under-Lyme 010E,Further action is not in the public interest
d2486c06b8a2d20d838ed8395cbf77de51111c0ceb7e256fff2a9459ef35ebda,2021-10,Staffordshire Police,Staffordshire Police,-1.592801,52.803658,On or near EDMONTON PLACE,E01029472,East Staffordshire 010E,Unable to prosecute suspect
637e5bacfc64b92cc92cc60c54c0d7755613ffc2defbd93a310a352ad1331649,2021-10,Staffordshire Police,Staffordshire Police,-2.161606,52.970189,On or near NEWBURY GROVE,E01014237,Stoke-on-Trent 032C,Unable to prosecute suspect
fe613aafc3a03173a141f565ce6a255f998f1ee5833708fec07cdbc2e7aa39d8,2021-10,Staffordshire Police,Staffordshire Police,-2.029911,52.982125,On or near THE COMMON,E01029778,Staffordshire Moorlands 012A,Investigation complete; no suspect identified
8ec23164b0d2e198756f27a58b491fcf43b9f1a501768f5e2babf5ccaedd3a36,2021-10,Staffordshire Police,Staffordshire Police,-1.648736,52.617526,On or near ESHTON WAY,E01029859,Tamworth 007E,Further action is not in the public interest
4ccac34899f11413ef744b1e88461e272ff609dc31c7e73efdd5043b11cdb916,2021-10,Staffordshire Police,Staffordshire Police,-1.837803,52.687255,On or near GREENHOUGH ROAD,E01032899,Lichfield 004F,Unable to prosecute suspect
130bdcf9b4c30ae401d17350ebd4646b70238628f9098f67855fa0a85955e4ee,2021-10,Staffordshire Police,Staffordshire Police,-1.987498,52.698827,On or near KEYS PARK ROAD,E01029392,Cannock Chase 009E,Formal action is not in the public interest
2c19f3235f9398b6382c466693f8d91a79d0312b47c19f834c33486f01405562,2021-10,Staffordshire Police,Staffordshire Police,-2.228409,53.010782,On or near Supermarket,E01029604,Newcastle-under-Lyme 011E,Suspect charged
3e9fe590691f708800b9b9bc5047725762f690c98eba92b0567e6a3b85aa57bf,2021-10,Staffordshire Police,Staffordshire Police,-1.696623,52.636438,On or near HOSPITAL STREET,E01029851,Tamworth 002E,Further action is not in the public interest
4766c6d24ecd28f5c9794cd20f301a3f07af7b72ca5cd02cb6632bfacf02d6ca,2021-10,Staffordshire Police,Staffordshire Police,-2.117455,52.673023,On or near LATHERFORD CLOSE,E01029619,South Staffordshire 006B,Offender given a caution
992ba132e956aef3b9478b430847ad63f22427a28c1f9de41e063dd9eeb43f37,2021-10,Staffordshire Police,Staffordshire Police,-2.077686,53.086386,On or near A53,E01029802,Staffordshire Moorlands 002D,Further action is not in the public interest
c08e99db3abdd5c62051b03dd4bf8bf5c3003c8b277b07bbbab584741391b3cb,2021-10,Staffordshire Police,Staffordshire Police,-2.136528,52.959847,On or near BARLASTON ROAD,E01029681,Stafford 002A,Investigation complete; no suspect identified
044f482f34fb5a99c106d85335a816fd6f1e14362e9bc23746b190c403b3c019,2021-10,Staffordshire Police,Staffordshire Police,-2.251863,53.014933,On or near ELLAM'S PLACE,E01029567,Newcastle-under-Lyme 010D,Suspect charged
044f482f34fb5a99c106d85335a816fd6f1e14362e9bc23746b190c403b3c019,2021-10,Staffordshire Police,Staffordshire Police,-2.251863,53.014933,On or near ELLAM'S PLACE,E01029567,Newcastle-under-Lyme 010D,Suspect charged
044f482f34fb5a99c106d85335a816fd6f1e14362e9bc23746b190c403b3c019,2021-10,Staffordshire Police,Staffordshire Police,-2.251863,53.014933,On or near ELLAM'S PLACE,E01029567,Newcastle-under-Lyme 010D,Suspect charged
044f482f34fb5a99c106d85335a816fd6f1e14362e9bc23746b190c403b3c019,2021-10,Staffordshire Police,Staffordshire Police,-2.251863,53.014933,On or near ELLAM'S PLACE,E01029567,Newcastle-under-Lyme 010D,Suspect charged
044f482f34fb5a99c106d85335a816fd6f1e14362e9bc23746b190c403b3c019,2021-10,Staffordshire Police,Staffordshire Police,-2.251863,53.014933,On or near ELLAM'S PLACE,E01029567,Newcastle-under-Lyme 010D,Suspect charged
ccde0379c8444991883190687379ccde5a8490ee9050bfc1c60cb7b2a52420f6,2021-10,Staffordshire Police,Staffordshire Police,-2.184441,53.069980,On or near STANDERSFOOT PLACE,E01014261,Stoke-on-Trent 003A,Investigation complete; no suspect identified
93df7aab6f9281a5f57fb8f54117d614c8008e27f5d2e55c6104ee3717052258,2021-10,Staffordshire Police,Staffordshire Police,-1.666586,52.604884,On or near LYNDALE,E01032902,Tamworth 010G,Further action is not in the public interest
dbdb456ae325eafcccb5c09f3ccc8f7f52c6baa3f0022e41062b5df3694e9338,2021-10,Staffordshire Police,Staffordshire Police,-2.167994,53.062094,On or near MALLORIE ROAD,E01014336,Stoke-on-Trent 004D,Investigation complete; no suspect identified
57506a5131f222752bdd30abb0f291f10644f15f646696d114594a6a3adc2410,2021-10,Staffordshire Police,Staffordshire Police,-2.032000,53.106704,On or near ANGLE STREET,E01029814,Staffordshire Moorlands 005E,Unable to prosecute suspect
37b470f3bf6dad2447c948a152cf399198e68b9faeda07f2dff3fcd444013af9,2021-10,Staffordshire Police,Staffordshire Police,-2.120538,53.001961,On or near Bus/Coach Station,E01014229,Stoke-on-Trent 017F,Investigation complete; no suspect identified
7f3a51c2aa73656307be0947df8450f3184e9ae0597ffb77905370525f0797b4,2021-10,Staffordshire Police,Staffordshire Police,-2.175991,53.050999,On or near CROFT COURT,E01014246,Stoke-on-Trent 008A,Investigation complete; no suspect identified
4c097fc4c617f84cbe1439e7c8360e2a91fe24b4f8d4e5cd96bc9e22449df68d,2021-10,Staffordshire Police,Staffordshire Police,-1.656468,52.616533,On or near GAYLE,E01029856,Tamworth 008B,Further action is not in the public interest
3ecf28fcfc6db1a922a66e6b7a401cb9a7a1efab380442a24ba70697655dc075,2021-10,Staffordshire Police,Staffordshire Police,-2.034053,52.701520,On or near CAMBRIA STREET,E01029356,Cannock Chase 007C,Unable to prosecute suspect
b4edc9274297a34cd3664385a23dd3844e31a0fe2e0d7c802cbe9d35d6bc0fb5,2021-10,Staffordshire Police,Staffordshire Police,-2.235238,53.085127,On or near Supermarket,E01029588,Newcastle-under-Lyme 002D,Investigation complete; no suspect identified
ba80f50a30e5519d552dd1cd67c36cc9ad29be5aa1f140e44d54da8f9d8045b5,2021-10,Staffordshire Police,Staffordshire Police,-1.831359,52.682032,On or near SANDFORD STREET,E01032899,Lichfield 004F,Investigation complete; no suspect identified
b0d5ca41691b702040bb6d28b0e3d6da11b954469cec795de03bc90516e33eda,2021-10,Staffordshire Police,Staffordshire Police,-1.986287,52.690323,On or near LYNDHURST ROAD,E01029382,Cannock Chase 009C,Unable to prosecute suspect
037112a865a5f66410059119887769bb65939859c55d48e975e9d540a5a6d914,2021-10,Staffordshire Police,Staffordshire Police,-1.946052,52.769554,On or near JOHN BALL CLOSE,E01029372,Cannock Chase 002A,Unable to prosecute suspect
235fb3b572925779f5027d072bb433eb30e6ad34f37ca0a18f5456848126028b,2021-10,Staffordshire Police,Staffordshire Police,-1.652401,52.615335,On or near Pedestrian Subway,E01029856,Tamworth 008B,Investigation complete; no suspect identified
1ba59c0a422659fb684ed0a17669a4ca10a835191bff9fcd8da508ae486c30eb,2021-10,Staffordshire Police,Staffordshire Police,-1.701757,52.626769,On or near Shopping Area,E01029835,Tamworth 002A,Investigation complete; no suspect identified
56099ae6b75ac8972af95c18af76d1e23ec3c44fb9b498bf4703b3a4d61a3c51,2021-10,Staffordshire Police,Staffordshire Police,-2.171069,53.047366,On or near LARKSFIELD ROAD,E01014266,Stoke-on-Trent 008B,Formal action is not in the public interest
7b74a6fb818749c309de364e69948ada57aeef5fdb220a0eab863a2b51398893,2021-10,Staffordshire Police,Staffordshire Police,-1.982258,52.997724,On or near WEAVER CLOSE,E01029782,Staffordshire Moorlands 010B,Unable to prosecute suspect
9e61e6d2dc166f06bdb8ee1deae4850da5ef9d5f4a87d3f301130c4f004a1316,2021-10,Staffordshire Police,Staffordshire Police,-1.625143,52.804691,On or near Sports/Recreation Area,E01032896,East Staffordshire 011F,Investigation complete; no suspect identified
16c83b1699511610f2c6816273a93d02abeb12f8e3b0635444279bb5ad8e1731,2021-10,Staffordshire Police,Staffordshire Police,-1.826944,52.683752,On or near CONDUIT STREET,E01029526,Lichfield 004E,Unable to prosecute suspect
38904531cfcf23855afefea8dada14cc0c1984f8475534a5f2ae990f325976e8,2021-10,Staffordshire Police,Staffordshire Police,-2.021857,52.697963,On or near SHORT STREET,E01029367,Cannock Chase 011E,Investigation complete; no suspect identified
ab1a18bd8e70970d06845452ac3ad56a9f09bb177b8b17ab879f4167dde3b616,2021-10,Staffordshire Police,Staffordshire Police,-2.033112,52.689941,On or near HIGH GREEN,E01029365,Cannock Chase 011C,Formal action is not in the public interest
100d8b845fc7ea26d7c0fb7aaff5c3f26cdb0ece923acf9df815b57ad3f4bd8a,2021-10,Staffordshire Police,Staffordshire Police,-2.173475,53.026139,On or near Shopping Area,E01014287,Stoke-on-Trent 015D,Suspect charged
d99faa9a5b64c3deff668c21567966fce085995febfe7c46aaa933e4890a2083,2021-10,Staffordshire Police,Staffordshire Police,-2.182672,53.039950,On or near SUDLOW STREET,E01014249,Stoke-on-Trent 011A,Unable to prosecute suspect
02f5ea9ff81624eff3d4fc3b3a9d0ee6f14c1c4eaa5c8bb099293d6e8a956152,2021-10,Staffordshire Police,Staffordshire Police,-1.625516,52.788960,On or near BYRON AVENUE,E01029451,East Staffordshire 014C,Suspect charged
d745da364ea1872bc634d4ec2168073674d9b09cd25fa8e53987f9487720fbfe,2021-10,Staffordshire Police,Staffordshire Police,-2.049723,52.621964,On or near UPPER SNEYD ROAD,E01029632,South Staffordshire 007A,Unable to prosecute suspect
57785a6462f4576cb69e4f2725bb1e9d500d7615061e9a159889e5c5d970e2f7,2021-10,Staffordshire Police,Staffordshire Police,-2.234969,53.041395,On or near CHELL GROVE,E01029538,Newcastle-under-Lyme 006B,Investigation complete; no suspect identified
43c440cbff273e32e6231e88c4e277b8b986198e7b454cef9a924426ecb20b4a,2021-10,Staffordshire Police,Staffordshire Police,-2.207688,53.062616,On or near CRICKLEWOOD DRIVE,E01014355,Stoke-on-Trent 005B,Suspect charged
18e0e0d126a7d0b8a59133c9f2d3aae151df122655c575c32d5b49bf0d1d20bc,2021-10,Staffordshire Police,Staffordshire Police,-2.181184,53.022927,On or near MORLEY STREET,E01014287,Stoke-on-Trent 015D,Unable to prosecute suspect
80d1c9b6ba701961d3217b943e985cf900da40cb423de0c94d986b820bf7e1bb,2021-10,Staffordshire Police,Staffordshire Police,-2.029181,52.674534,On or near Motorway Service Area,E01029359,Cannock Chase 012A,Investigation complete; no suspect identified
936487f4bc66520ac712f1942c70e41447cb2d3486feb1989e1cdcef9b29f800,2021-10,Staffordshire Police,Staffordshire Police,-2.217792,53.012699,On or near Parking Area,E01029603,Newcastle-under-Lyme 011D,Unable to prosecute suspect
e1397f5dcf57038e6ab35e857e9ff330a4c8d7bc3dd994005c3211986a4606d3,2021-10,Staffordshire Police,Staffordshire Police,-1.715036,52.761323,On or near Sports/Recreation Area,E01029441,East Staffordshire 015C,Investigation complete; no suspect identified
b4d5db8bd085e5c25acfabbbeb08b4569c42583f83aaea3d67e72c4dcd3b561a,2021-10,Staffordshire Police,Staffordshire Police,-2.213913,53.039044,On or near A500,E01029584,Newcastle-under-Lyme 008B,Unable to prosecute suspect
cf61f297a9439edd6448774094548376ebc565adb48ec706a4ed903df2aa9a76,2021-10,Staffordshire Police,Staffordshire Police,-2.124152,53.009930,On or near DALECOT GREEN,E01014224,Stoke-on-Trent 017E,Further action is not in the public interest
037babadbc636a1c12ab633eabbf69e8d20444cf77e160ab792fc152576bc522,2021-10,Staffordshire Police,Staffordshire Police,-1.867257,52.599453,On or near SQUIRREL WALK,E01029514,Lichfield 011B,Investigation complete; no suspect identified
b51d639e81e3c1e42e9fb63a9f10181285d4bc03987e6c860fe42f230e3a162a,2021-10,Staffordshire Police,Staffordshire Police,-2.164450,53.068023,On or near MOSS STREET,E01014337,Stoke-on-Trent 004E,Suspect charged
ec1f0c8769693bd59c45d1666ce720892cff08ca79a1437d96557feaa68f6a2a,2021-10,Staffordshire Police,Staffordshire Police,-2.198890,53.070307,On or near ST MICHAEL'S ROAD,E01014259,Stoke-on-Trent 001C,Local resolution
6f1e8b2380de1b215d7e31fc9bdb79036a09f4c5a40c8f7bb1a7afc665dc5823,2021-10,Staffordshire Police,Staffordshire Police,-2.237344,53.009470,On or near ST GEORGE'S ROAD,E01029599,Newcastle-under-Lyme 010F,Unable to prosecute suspect
8854f375c39fc501da1f4a53555b4ef164ca760aadcbaeb36c6745a3118adc95,2021-10,Staffordshire Police,Staffordshire Police,-2.096072,52.673689,On or near LATHERFORD LANE,E01029647,South Staffordshire 002C,Investigation complete; no suspect identified
b244ddb0bb8dc2e4441102016804f22e499cf2f8be17b6744d8ec4e55bbc7449,2021-10,Staffordshire Police,Staffordshire Police,-2.025605,52.679353,On or near Further/Higher Educational Building,E01029359,Cannock Chase 012A,Unable to prosecute suspect
88a89bab2b1c0aac689056791b28d4f68f89214343aa260138c05087c5337678,2021-10,Staffordshire Police,Staffordshire Police,-1.629251,52.803050,On or near Nightclub,E01032896,East Staffordshire 011F,Investigation complete; no suspect identified
d92beb92d6be75ab9f09d2c6662d2a34aef02c686eb7f92c18e30bc0fb325711,2021-10,Staffordshire Police,Staffordshire Police,-1.679008,52.620426,On or near Pedestrian Subway,E01029828,Tamworth 006D,Unable to prosecute suspect
a0d0b90039d287409a1c612bd8eda35e4c7f1b43c8f47bcf886dd88e97a18ee9,2021-10,Staffordshire Police,Staffordshire Police,-2.087613,52.806751,On or near SUNNINGDALE DRIVE,E01029723,Stafford 011C,Unable to prosecute suspect
a60b519fbdbab5169c83f2a4ef7884300e56d217cf6f6fcf7158d3aa379a976d,2021-10,Staffordshire Police,Staffordshire Police,-2.185384,53.067138,On or near BISHOP ROAD,E01014262,Stoke-on-Trent 003B,Unable to prosecute suspect
c272a691b84d89b733800ff3d6cab6df4778115c050893048b378be1d9e3c334,2021-10,Staffordshire Police,Staffordshire Police,-2.125203,53.017741,On or near TAUNTON WAY,E01014220,Stoke-on-Trent 017A,Further action is not in the public interest
2c1db92d5e33a4d2a84c22f7635ff71cd79b5361398f6f8ac4fab744001babc4,2021-10,Staffordshire Police,Staffordshire Police,-1.823257,52.695703,On or near PURCELL AVENUE,E01029499,Lichfield 004B,Unable to prosecute suspect
03c9f5e6ba318452e084504d5248fc7ee361f336515c741e7bc339460d7e0dca,2021-10,Staffordshire Police,Staffordshire Police,-1.811668,52.748031,On or near LANT CLOSE,E01029509,Lichfield 002D,Unable to prosecute suspect
ec123ae803975f6e5a08e5d7e8fc3b5198be2cd1b5c4114b0a3a90a5a31c0b6a,2021-10,Staffordshire Police,Staffordshire Police,-2.236257,53.088595,On or near ATTWOOD STREET,E01029588,Newcastle-under-Lyme 002D,Unable to prosecute suspect
e83cc2656d1e3dd69608fc32b4ddc8d0e7a919f4e832b57598ff417b0e58f7c6,2021-10,Staffordshire Police,Staffordshire Police,-2.174021,53.021095,On or near EASTWOOD PLACE,E01014287,Stoke-on-Trent 015D,Suspect charged
e30895d60258d2419058dd81da2ee7d210634fd42522188c8fcc35e5cbec5e0f,2021-10,Staffordshire Police,Staffordshire Police,-2.389898,52.923445,On or near SHARPLANDS,E01029571,Newcastle-under-Lyme 016C,Unable to prosecute suspect
d69fe87e226039375d0e8856475cce855b41a912329de4b5683d47d0a8712585,2021-10,Staffordshire Police,Staffordshire Police,-2.200365,53.031148,On or near Park/Open Space,E01014285,Stoke-on-Trent 015B,Investigation complete; no suspect identified
b66392e5a40f2432e4321f0fe10b51a8c6e507becb5e0e3597177e074d1098cf,2021-10,Staffordshire Police,Staffordshire Police,-2.140274,52.902913,On or near REDHILL GARDENS,E01029745,Stafford 003C,Action to be taken by another organisation
2cda5dd36d39aeaca3f32136d8689eb7b5f1b52370868ff3b51980a2a8800f25,2021-10,Staffordshire Police,Staffordshire Police,-2.139527,53.035613,On or near KEVERMONT CLOSE,E01014211,Stoke-on-Trent 012B,Suspect charged
a7ca1dccac72728c64401ffe85cde8924b7a0192ca44e93433c1aadbe7fff1ae,2021-10,Staffordshire Police,Staffordshire Police,-2.209536,52.994412,On or near Petrol Station,E01014341,Stoke-on-Trent 023B,Investigation complete; no suspect identified
944df2a7f6a47c406a377d00b227c4768abe481d8d6613354f25e5431f3dc23e,2021-10,Staffordshire Police,Staffordshire Police,-2.018946,52.707142,On or near PRINCESS STREET,E01029350,Cannock Chase 008B,Unable to prosecute suspect
b2c128b53e37700a16da546d4e7327d120f307e72da504ca2c4272cf22b7af9b,2021-10,Staffordshire Police,Staffordshire Police,-1.645385,52.794559,On or near SOUTH UXBRIDGE STREET,E01029407,East Staffordshire 011A,Unable to prosecute suspect
55ab9062231cc9b2c843d0ec9b20b53310dc7d8457b8e06edbced8cbeb53b377,2021-10,Staffordshire Police,Staffordshire Police,-1.833602,52.695106,On or near NEEDWOOD HILL,E01029492,Lichfield 004A,Investigation complete; no suspect identified
f6bef27a72eb0c54c6b46b2497c1383eb347858ed4825832686898a77a685ec3,2021-10,Staffordshire Police,Staffordshire Police,-2.114879,52.818090,On or near PETER JAMES COURT,E01029689,Stafford 010A,Suspect charged
f6bef27a72eb0c54c6b46b2497c1383eb347858ed4825832686898a77a685ec3,2021-10,Staffordshire Police,Staffordshire Police,-2.114879,52.818090,On or near PETER JAMES COURT,E01029689,Stafford 010A,Suspect charged
8242a596a2d46c34d74075908574fdb2c3d19a094a4d16346a68e1756f9fcc90,2021-10,Staffordshire Police,Staffordshire Police,-2.179643,53.093251,On or near CHILDERPLAY ROAD,E01029771,Staffordshire Moorlands 004B,Investigation complete; no suspect identified
497d50a35985f9add1a35dbb8dc9b912b111f829baf0502c37c2b2e64cb2ae84,2021-10,Staffordshire Police,Staffordshire Police,,,No location,,,Investigation complete; no suspect identified
d3b054652976424095cedd49b0ab1de7bff253effdf7d8dfc244d7ecc1d50bf2,2021-10,Staffordshire Police,Staffordshire Police,-2.005179,52.801461,On or near TRENT CLOSE,E01029713,Stafford 008E,Investigation complete; no suspect identified
1cf34d360e7730fee5bdea1438a42af6b28b8ae959e4e288a6b16cb769a66682,2021-10,Staffordshire Police,Staffordshire Police,-2.140274,52.902913,On or near REDHILL GARDENS,E01029745,Stafford 003C,Unable to prosecute suspect
1b9c929c27a59a6abe65bc11aead02c5912ec47b56eb30f02c4688b828f1e267,2021-10,Staffordshire Police,Staffordshire Police,-2.207299,53.012700,On or near CRESCENT GROVE,E01014288,Stoke-on-Trent 018A,Unable to prosecute suspect
a80b4e8419346372600e74caad2e5f7cd62109b878de843ece1291186f4b687e,2021-10,Staffordshire Police,Staffordshire Police,-1.844112,52.693727,On or near SIDDONS CLOSE,E01029511,Lichfield 007B,Further investigation is not in the public interest
42428495c4752e9e0e16db2583006e9a1b5562ffebdbd2efea63be7d8ed63861,2021-10,Staffordshire Police,Staffordshire Police,-1.886587,52.741133,On or near UPPER LODGE ROAD,E01029481,Lichfield 001B,Investigation complete; no suspect identified
7f0c5fd396c894e8174920e8a0209773c8f02d20a2533bbf14ed055327d6ee83,2021-10,Staffordshire Police,Staffordshire Police,-1.636803,52.815308,On or near PARKER STREET,E01029426,East Staffordshire 008A,Unable to prosecute suspect
1ef2f3de86bdffe1f3ed3125a128225ef27139c3c92baf95f2d8d2f3aafcfb18,2021-10,Staffordshire Police,Staffordshire Police,-2.157417,52.972945,On or near Supermarket,E01014235,Stoke-on-Trent 032A,Formal action is not in the public interest
2db0e980cf7371d89aeff7f6c308b1346a4d3f3a017e54144f3e8cdc00bfa62a,2021-10,Staffordshire Police,Staffordshire Police,-1.663625,52.790836,On or near COTSWOLD ROAD,E01029413,East Staffordshire 013A,Unable to prosecute suspect
596f2ee79510b0bc1a985173917cf3f25aaf5a12050e3f47ebde81f7c079b59c,2021-10,Staffordshire Police,Staffordshire Police,-1.650711,52.610583,On or near RIBBLESDALE,E01029857,Tamworth 008C,Unable to prosecute suspect
23482546ed1a863794ba57eff5047f15a69a091c0691a1b88fff5fff59f9a719,2021-10,Staffordshire Police,Staffordshire Police,-2.039546,52.623182,On or near RED LANE,E01029632,South Staffordshire 007A,Investigation complete; no suspect identified
3c0f75a7a278999965e0cc7860445d6ff3c015f91641441cc7459ee5f56a60f9,2021-10,Staffordshire Police,Staffordshire Police,-2.253489,53.083759,On or near HOLLINS CRESCENT,E01029541,Newcastle-under-Lyme 003B,Formal action is not in the public interest
4ee18941205328903f7bb016cb052ba3a57374cd2bb1b2ea55f18088dc19e6bf,2021-10,Staffordshire Police,Staffordshire Police,-2.018946,52.707142,On or near PRINCESS STREET,E01029350,Cannock Chase 008B,Unable to prosecute suspect
ce0718aeb03027fee60396ee96c73a2c644b7a11ab108acd81295c9c78bf6908,2021-10,Staffordshire Police,Staffordshire Police,-2.116067,52.979537,On or near MEIR ROAD,E01014307,Stoke-on-Trent 029C,Unable to prosecute suspect
a58d93e2073a9a906b5e6895abdcb912779bb47069ca2a200bf0d9bddbbd462c,2021-10,Staffordshire Police,Staffordshire Police,-1.684290,52.621294,On or near BRIGHT CRESCENT,E01029827,Tamworth 006C,Unable to prosecute suspect
2b006e182d33245f9541da4665cf2206ad6eaf29f1157e727b9822994bc1cd58,2021-10,Staffordshire Police,Staffordshire Police,-2.214093,53.066218,On or near ADAMS AVENUE,E01014361,Stoke-on-Trent 005D,Investigation complete; no suspect identified
8fbdf8ffe35b3a8e3e1a697fa511433f445c41673b13db68b524f0ecd3d46a50,2021-10,Staffordshire Police,Staffordshire Police,-2.199967,52.596392,On or near AUDEN COURT,E01029666,South Staffordshire 011C,Unable to prosecute suspect
43e3d457be2965f124086d2aaf2de3bcaf1158c28786bcd96269cfeaf8ca5c60,2021-10,Staffordshire Police,Staffordshire Police,-1.887358,52.729096,On or near HIGH STREET,E01029515,Lichfield 003D,Investigation complete; no suspect identified
0171a074ef2211ea3bafe4151f133cd7ec77c01ea6677bd04a82750c243fa098,2021-10,Staffordshire Police,Staffordshire Police,-1.920178,52.693785,On or near CHORLEY ROAD,E01029515,Lichfield 003D,Unable to prosecute suspect
a93359589484d158927e3ac8e6526bf83db9214c2573364b69b6837d770e8662,2021-10,Staffordshire Police,Staffordshire Police,-1.839415,52.675481,On or near DEYKIN ROAD,E01032900,Lichfield 004G,Investigation complete; no suspect identified
24bcf5225fd99b2b7e22ea0d4ffba375a4eed282a06c86e2e772b2c83a60e117,2021-10,Staffordshire Police,Staffordshire Police,-2.210927,53.059751,On or near HAYMARKET,E01014361,Stoke-on-Trent 005D,Investigation complete; no suspect identified
272cfecb78a53eb70e5f0f2f88b43ccbda5bad6176b4406091385a740e3b03ac,2021-10,Staffordshire Police,Staffordshire Police,-1.825867,52.694115,On or near STYCHBROOK GARDENS,E01029499,Lichfield 004B,Unable to prosecute suspect
147f9592aa7521b0277360cdb2dad1a0d554a198a466f8a7aea67bf8dddf2324,2021-10,Staffordshire Police,Staffordshire Police,-2.020709,52.710386,On or near Sports/Recreation Area,E01029357,Cannock Chase 007D,Unable to prosecute suspect
a70f28ebee542b76604754d55a42e4d1adbe7cabb28e9da4987d1da8da52658b,2021-10,Staffordshire Police,Staffordshire Police,-2.183343,53.001116,On or near LONSDALE STREET,E01014345,Stoke-on-Trent 019E,Investigation complete; no suspect identified
fa048d472b0456d766a7a869bc3a3536ac3c0de5e69386a14bd79a5faddecc7f,2021-10,Staffordshire Police,Staffordshire Police,-2.172140,53.024271,On or near Supermarket,E01014287,Stoke-on-Trent 015D,Further investigation is not in the public interest
6e189df987f9819c9e81d9f38ea711dd43fc2a53d89b0ee91a131806c37463a7,2021-10,Staffordshire Police,Staffordshire Police,,,No location,,,Investigation complete; no suspect identified
987745cf07c4183729d5ff695d9d49903ab8eb8f4fd99fc5d99d1d529740d9c9,2021-10,Staffordshire Police,Staffordshire Police,-2.209408,53.001846,On or near GRINDLEY HILL COURT,E01014294,Stoke-on-Trent 018F,Formal action is not in the public interest
31e74397d7114cc65fdf8cf7e0b5164bc7123bba09c03e73738310181894e993,2021-10,Staffordshire Police,Staffordshire Police,-2.187504,53.019232,On or near RECTORY STREET,E01014286,Stoke-on-Trent 015C,Unable to prosecute suspect
112f163ed6554e712cf62b35e82327c993ad00d6c3adfba2783da1d56bed7f63,2021-10,Staffordshire Police,Staffordshire Police,-1.796562,52.861660,On or near ARBORFIELD ROAD,E01029425,East Staffordshire 006D,Unable to prosecute suspect
2049eec0f62b10441f9e091a164040e7974dc00205571c7951cbe670dcaecb76,2021-10,Staffordshire Police,Staffordshire Police,-2.156160,53.000076,On or near ELLIOT ROAD,E01014274,Stoke-on-Trent 020A,Investigation complete; no suspect identified
cade1e9f2d81f6e5332c51e06575ef66139986029ac96fd1cb45346f1991da16,2021-10,Staffordshire Police,Staffordshire Police,-2.177807,53.024640,On or near Nightclub,E01014287,Stoke-on-Trent 015D,Investigation complete; no suspect identified
3c175f35458b0f851bb6a722edcba10aa8636521faf6c743d87866c9901ae269,2021-10,Staffordshire Police,Staffordshire Police,-2.090807,52.978894,On or near DENEWOOD PLACE,E01014367,Stoke-on-Trent 028C,Investigation complete; no suspect identified
93fd8323c4fef5447b2a6e9b3c10ac216db510a12f9836c17d7495858c05ad4d,2021-10,Staffordshire Police,Staffordshire Police,-1.995873,52.699718,On or near MEADWAY CLOSE,E01029392,Cannock Chase 009E,Investigation complete; no suspect identified
e6a2851013eaffa98d8aa686482e2d29ba08ccee9093bbd7cdf08c4181964945,2021-10,Staffordshire Police,Staffordshire Police,-2.170790,53.018376,On or near LICHFIELD STREET,E01014287,Stoke-on-Trent 015D,Unable to prosecute suspect
0c4fc1dc18ec3b157a10bc5dd05b6963cc823d3e32bcb4d7d6d236762cd18ae9,2021-10,Staffordshire Police,Staffordshire Police,-2.180929,53.011781,On or near BERESFORD STREET,E01014283,Stoke-on-Trent 016E,Investigation complete; no suspect identified
9d789a98e65aa2931bd7fa0c6599af3df88785261d73012633adb6912e3a6108,2021-10,Staffordshire Police,Staffordshire Police,-1.924156,52.677624,On or near CEDAR CLOSE,E01029527,Lichfield 010B,Further investigation is not in the public interest
134ffc42da7aa4d796745ee6b42eb44773f04a823e59c41ce1c116f7932b2d16,2021-10,Staffordshire Police,Staffordshire Police,-1.642608,52.798596,On or near PEEL STREET,E01029408,East Staffordshire 011B,Suspect charged
134ffc42da7aa4d796745ee6b42eb44773f04a823e59c41ce1c116f7932b2d16,2021-10,Staffordshire Police,Staffordshire Police,-1.642608,52.798596,On or near PEEL STREET,E01029408,East Staffordshire 011B,Suspect charged
69c573c73a5e54b20537c0d45b278a8be21d01e75c5957490e8fadba8f5e6cf4,2021-10,Staffordshire Police,Staffordshire Police,-2.156208,52.893877,On or near LONGHOPE DRIVE,E01029753,Stafford 003E,Unable to prosecute suspect
4662d1e622a283f7de92fb5706f29dfae3644510af3b9a109e169f05234793ce,2021-10,Staffordshire Police,Staffordshire Police,-1.931148,52.765133,On or near Further/Higher Educational Building,E01029402,Cannock Chase 001E,Unable to prosecute suspect
c5a435686518920e6aac47af9e99b6604054e1a03f3e1b1daff1de4818832848,2021-10,Staffordshire Police,Staffordshire Police,-2.192474,53.063936,On or near TELFORD WAY,E01014242,Stoke-on-Trent 006B,Unable to prosecute suspect
199fc25241dea6c88ecd4445754da90739b1fb7532e2de22bcb43c08fe620a41,2021-10,Staffordshire Police,Staffordshire Police,-2.170315,52.548747,On or near STOURBRIDGE ROAD,E01029673,South Staffordshire 012B,Suspect charged
0491ce0d789dfd2c2d04e76c2f7b97bd3f0fa561817664b3432549837fd2d97a,2021-10,Staffordshire Police,Staffordshire Police,-2.234241,53.022610,On or near KING STREET,E01029553,Newcastle-under-Lyme 010A,Offender given a caution
4fcf2d8d29efb91db9b5da2ac819b78af4c1ab48d2b5e6da6a74369200b1012d,2021-10,Staffordshire Police,Staffordshire Police,-2.204352,53.000956,On or near ROGERSTONE AVENUE,E01014294,Stoke-on-Trent 018F,Investigation complete; no suspect identified
cdd9d1c388deaa8cf73820eac875843444770e574d5cec0b393b60d2ba281356,2021-10,Staffordshire Police,Staffordshire Police,-1.897119,52.816600,On or near YEATSALL ROAD,E01029411,East Staffordshire 006A,Local resolution
69a4793052e354ff700867265c15a4a51aea33c52e8f56868801bee91fc6131f,2021-10,Staffordshire Police,Staffordshire Police,-2.177340,53.048902,On or near STELLAR STREET,E01014266,Stoke-on-Trent 008B,Investigation complete; no suspect identified
48446063117d45d4b49d4960df5f1e4f7d2b2c305fcde78a3fb29d32f57e3380,2021-10,Staffordshire Police,Staffordshire Police,-2.225244,53.009773,On or near Nightclub,E01029604,Newcastle-under-Lyme 011E,Formal action is not in the public interest
bfce546f61ab12ec42d63a5f5c2a37c2c2006e33db0764cea39e5b83021fc86a,2021-10,Staffordshire Police,Staffordshire Police,-1.944452,52.768682,On or near GRINDCOBBE GROVE,E01029372,Cannock Chase 002A,Further action is not in the public interest
c428b7a24ce8fa0b6418233c114b11a212da747829aa349f787f4a15f9baa131,2021-10,Staffordshire Police,Staffordshire Police,-2.130002,52.992629,On or near CAPEWELL STREET,E01014300,Stoke-on-Trent 022C,Unable to prosecute suspect
8b147dec4465e5ea68661b9159f65334e66d9688205fbd6103b366b42bc62188,2021-10,Staffordshire Police,Staffordshire Police,-1.988453,52.953668,On or near HIGH STREET,E01029791,Staffordshire Moorlands 013E,Further action is not in the public interest
484588ca4b4e2854f66c7df0876d33abf2cc14b5f6a5f5ff28362765f55a722f,2021-10,Staffordshire Police,Staffordshire Police,-2.204959,53.044013,On or near DALE STREET,E01014250,Stoke-on-Trent 009B,Investigation complete; no suspect identified
cf45fd894f2276e04b29e1aa6be282b49e687689088bfaa1687695688dc436d5,2021-10,Staffordshire Police,Staffordshire Police,-1.985494,52.990973,On or near HARBORNE ROAD,E01029782,Staffordshire Moorlands 010B,Further action is not in the public interest
532221ceb2f429133e0780eb686507e09bd2dfb798085bd66e890abb5260cdf8,2021-10,Staffordshire Police,Staffordshire Police,-1.847569,52.716610,On or near SEEDY MILL LANE,E01029509,Lichfield 002D,Suspect charged
9532aea881e1096fbb4eb1343529d46add1c57e777c5af448589e2977468c9bf,2021-10,Staffordshire Police,Staffordshire Police,-1.883255,52.729587,On or near HAWCROFT,E01029515,Lichfield 003D,Investigation complete; no suspect identified
0b4cb5af955367625570751e5a130d86036bd93580f42bb2640fd5b49a1debdb,2021-10,Staffordshire Police,Staffordshire Police,-2.118131,52.802607,On or near Sports/Recreation Area,E01029701,Stafford 010E,Suspect charged
d98b7763f7b3e815e09ea445476701554c2cd9eb4ad78a07d797c6b77e8ca422,2021-10,Staffordshire Police,Staffordshire Police,-2.246917,53.002457,On or near OSTEND PLACE,E01029601,Newcastle-under-Lyme 015E,Unable to prosecute suspect
ffb9ad8f930071d7374da67b0c50184bbd82d298583eb8c1b36b9a9c2f608e9b,2021-10,Staffordshire Police,Staffordshire Police,-1.567865,52.767828,On or near WALTON CLOSE,E01019878,South Derbyshire 009C,Investigation complete; no suspect identified
9a50724ce8bd0caa63951518b78f90b044d8e129ecca9ada9dbd3f0153cd552c,2021-10,Staffordshire Police,Staffordshire Police,-2.103707,52.793766,On or near OLD RICKERSCOTE LANE,E01029734,Stafford 016C,Investigation complete; no suspect identified
4d302a1bfb88a9d0ea4a9a1c797e0b34d3720ade78af4b3920078b77c3ceed9b,2021-10,Staffordshire Police,Staffordshire Police,-2.179643,53.093251,On or near CHILDERPLAY ROAD,E01029771,Staffordshire Moorlands 004B,Further action is not in the public interest
fb4ed417db9ffef9763d0053916b7a6687102f329be3d0ebafde73ee813be502,2021-10,Staffordshire Police,Staffordshire Police,-2.137058,52.976575,On or near ROWLAND STREET,E01014309,Stoke-on-Trent 027B,Investigation complete; no suspect identified
bb1ff041280bcd1a6a90c1b2ea5804868bdba9932c54a239268207f7bbd9f80a,2021-10,Staffordshire Police,Staffordshire Police,-2.175320,53.010738,On or near DARNLEY STREET,E01014284,Stoke-on-Trent 016F,Unable to prosecute suspect
f77b3ad795bba56b4d4aeb8d9b7240be7e3ca265e9ffbced25e5dfc945987545,2021-10,Staffordshire Police,Staffordshire Police,-2.172140,53.024271,On or near Supermarket,E01014287,Stoke-on-Trent 015D,Further investigation is not in the public interest
5f74c2b414e1dec9b0b6009a7262f65759eca2e74cd4ca0240eac4dfb7a0db2d,2021-10,Staffordshire Police,Staffordshire Police,-2.172140,53.024271,On or near Supermarket,E01014287,Stoke-on-Trent 015D,Further investigation is not in the public interest
1785c259b228a131bc990798a2c042a5d46cca0a6299e1a4ec1bd096312fb9e4,2021-10,Staffordshire Police,Staffordshire Police,-2.039519,53.096625,On or near SWALLOW CROFT,E01029816,Staffordshire Moorlands 006F,Unable to prosecute suspect
53055889346627c41f05bbb6f5b70219a65bed8c9c8b04af5660bb91bf454e44,2021-10,Staffordshire Police,Staffordshire Police,-2.039566,53.098954,On or near CHARNWOOD CLOSE,E01029816,Staffordshire Moorlands 006F,Unable to prosecute suspect
8891f8a382add1aa380b5eedd4559d960c90a7d5143f8abbc296ec06c56a0b9c,2021-10,Staffordshire Police,Staffordshire Police,-2.133547,53.016581,On or near LATIMER WAY,E01014221,Stoke-on-Trent 017B,Unable to prosecute suspect
b26db615c7392923d9c9049f34a0504cf3e42c23f4b309f2fe979e6f994f992d,2021-10,Staffordshire Police,Staffordshire Police,-2.054306,52.968597,On or near BROOK CLOSE,E01029798,Staffordshire Moorlands 012C,Further action is not in the public interest
6834f2b62c639ba74edf5e19fc0802f8d98aaf4c62acf7d8ae700c559109c236,2021-10,Staffordshire Police,Staffordshire Police,-2.156160,53.000076,On or near ELLIOT ROAD,E01014274,Stoke-on-Trent 020A,Further action is not in the public interest
2ec5b096bd0b7cee6b5f8bb07a57b46ffd5f8b821b807541c43c04f6c96e713d,2021-10,Staffordshire Police,Staffordshire Police,-2.110094,52.791755,On or near EXETER STREET,E01029734,Stafford 016C,Unable to prosecute suspect
d774b2d3fe1f79653b688d9ef81610a1f72da7e514e6aa783348e6d0abff3539,2021-10,Staffordshire Police,Staffordshire Police,-2.186489,53.005057,On or near LIVERPOOL ROAD,E01014293,Stoke-on-Trent 019A,Action to be taken by another organisation
2cd8bb3ddc6c815e07f363adfc16713a1e65602a2815ac7d02ff60c0d613c4ac,2021-10,Staffordshire Police,Staffordshire Police,-2.226757,53.011118,On or near Shopping Area,E01029604,Newcastle-under-Lyme 011E,Investigation complete; no suspect identified
13be51caadc16a630599a868d0fa2b1d35209947c5426455a000053bb9ffa949,2021-10,Staffordshire Police,Staffordshire Police,-2.149155,52.986619,On or near ANGLESEY DRIVE,E01014313,Stoke-on-Trent 027D,Investigation complete; no suspect identified
235088e88f9e5c585fec5b4e6b11645ffbe116e754ccdecdee81a2fefd97ade3,2021-10,Staffordshire Police,Staffordshire Police,-2.023320,53.104900,On or near Parking Area,E01029804,Staffordshire Moorlands 005A,Offender given a caution
3c89a593df75975b6035ca6dcca426d934fb8e1c43646336e748a956844594bc,2021-10,Staffordshire Police,Staffordshire Police,-1.633855,52.816503,On or near GOODMAN STREET,E01029429,East Staffordshire 008D,Unable to prosecute suspect
33661f8fae047bd3e7c6b39a3e0b4c444f915dd3d7d8f8e34a717b0980140185,2021-10,Staffordshire Police,Staffordshire Police,-2.109468,52.796664,On or near FIELDHOUSE WAY,E01029699,Stafford 010D,Unable to prosecute suspect
201a4bceb9d72b2b00bcd79337b27c9d7157e7d26124257f95fb266d1098f01b,2021-10,Staffordshire Police,Staffordshire Police,-2.230456,53.017331,On or near Pedestrian Subway,E01029555,Newcastle-under-Lyme 011A,Unable to prosecute suspect
662386aaac188c3a43511e45d68c10cbca0f6375154c34e7a81e91e5fb58cab4,2021-10,Staffordshire Police,Staffordshire Police,-2.211755,53.061206,On or near KEELE STREET,E01014361,Stoke-on-Trent 005D,Unable to prosecute suspect
e3e15fda43b4fd93f1916999ff515fc99bde6be34aa40f5612fe8e3c4b7de662,2021-10,Staffordshire Police,Staffordshire Police,-2.233273,53.017227,On or near JASON STREET,E01029555,Newcastle-under-Lyme 011A,Further action is not in the public interest
126f05bd1df704679407cad02cf0366336c7eda99f46b00876dcd69cdb79a8da,2021-10,Staffordshire Police,Staffordshire Police,-2.142412,52.988228,On or near GROSVENOR STREET,E01014313,Stoke-on-Trent 027D,Suspect charged
adb79c59386c38a58ce195b4f6464673396431153d9db5e9ee9d64c56d247be6,2021-10,Staffordshire Police,Staffordshire Police,-2.165219,53.046834,On or near CEDARTREE GROVE,E01014270,Stoke-on-Trent 008D,Suspect charged
db0567bcbe00cf572e2fd4ca6d851a2378c8be32545dd8904ca452073f9f57b8,2021-10,Staffordshire Police,Staffordshire Police,-2.166932,53.046032,On or near Petrol Station,E01014270,Stoke-on-Trent 008D,Suspect charged
44290491d0c1726e1889a07560d159cc0c68aedf55fbb10b6048532954c4e339,2021-10,Staffordshire Police,Staffordshire Police,-2.186987,53.020356,On or near COMPTON STREET,E01014286,Stoke-on-Trent 015C,Action to be taken by another organisation
061cf17c4b5e09cd23e3f83b728b3a824fc6724d24b36404f1d2a586929cf4e0,2021-10,Staffordshire Police,Staffordshire Police,-2.140102,52.992249,On or near GOLDENHILL ROAD,E01014302,Stoke-on-Trent 022D,Unable to prosecute suspect
f4f32c1b59a325f6b40751932b38dce463c22a907f47a944162bd60bfc21c8cf,2021-10,Staffordshire Police,Staffordshire Police,-2.102470,52.979675,On or near MEIR VIEW,E01014321,Stoke-on-Trent 028A,Unable to prosecute suspect
8fd858e90e626de92bf3296e6f06350aa4756c31380217a564c533b7a5c0720d,2021-10,Staffordshire Police,Staffordshire Police,-2.203600,53.043755,On or near JOSEPH STREET,E01014250,Stoke-on-Trent 009B,Investigation complete; no suspect identified
a02a8d625cd58559f9898c618b1e503cc20ad20682485f6f8110031798442bb4,2021-10,Staffordshire Police,Staffordshire Police,-2.119200,53.008308,On or near SPALDING PLACE,E01014223,Stoke-on-Trent 017D,Investigation complete; no suspect identified
e642f9b5f98525674991902a1a441cbfadbaf7ab501c4d2f75658eec0a756a82,2021-10,Staffordshire Police,Staffordshire Police,-2.151303,52.906612,On or near TUNLEY STREET,E01029744,Stafford 003B,Unable to prosecute suspect
41b553f106746e51def3172075657b9cf15266f0e22c6037e1848f3161ae561b,2021-10,Staffordshire Police,Staffordshire Police,-2.238863,53.036111,On or near DIMSDALE PARADE WEST,E01029539,Newcastle-under-Lyme 006C,Investigation complete; no suspect identified
590be7b94e4b9d2fd1e4a928aa5b3aa25ac86c37d21dbacad877c0477cdd1ba6,2021-10,Staffordshire Police,Staffordshire Police,-2.188218,53.001819,On or near STURGESS STREET,E01014345,Stoke-on-Trent 019E,Unable to prosecute suspect
1253a251a8fa3e40028943f6ec0806c3f9f648d74d1d0340dfb9173a5905dcab,2021-10,Staffordshire Police,Staffordshire Police,-2.219748,53.022215,On or near THE CROSSWAY,E01029578,Newcastle-under-Lyme 011B,Unable to prosecute suspect
b5a99096e7f50e317622d97888aa51f8d6806dc1aa4666e8a3a11d84bb327468,2021-10,Staffordshire Police,Staffordshire Police,-1.942756,52.750945,On or near PEAR TREE COURT,E01029374,Cannock Chase 003E,Investigation complete; no suspect identified
f973fd5a2954ebb5c8bc575715ddb28d6cf3072c92555e68f2f9bb3890e093f6,2021-10,Staffordshire Police,Staffordshire Police,-2.255106,53.054370,On or near GATEWAY,E01029545,Newcastle-under-Lyme 004C,Action to be taken by another organisation
80ccdab904dc101030811d827fc26659811f642f0b79ff27ef218872739b2282,2021-10,Staffordshire Police,Staffordshire Police,-2.197212,53.065744,On or near LITTLE CHELL LANE,E01014241,Stoke-on-Trent 006A,Investigation complete; no suspect identified
a1ee39362de3ae47a4e386f7bb949d4149c10ee923069fd9344078f809433f32,2021-10,Staffordshire Police,Staffordshire Police,-2.184409,53.125281,On or near MOW LANE,E01029768,Staffordshire Moorlands 004A,Local resolution
32be834372ecbb7ea602d69d74e2c1d8a9e1c2df90ff493c9c11c88455264842,2021-10,Staffordshire Police,Staffordshire Police,-2.168500,53.023764,On or near MULBERRY STREET,E01014231,Stoke-on-Trent 016B,Unable to prosecute suspect
7d3b5a409b4e6c756642ce12cbcc00e7802ccc9969be6f2b8f9e68b72c39f14d,2021-10,Staffordshire Police,Staffordshire Police,-2.020975,53.104235,On or near LIVINGSTONE STREET,E01029804,Staffordshire Moorlands 005A,Formal action is not in the public interest
de2c03d178d92c4696e5bfd46f59d2d7c52da75ae63518ad05cb4471969c3204,2021-10,Staffordshire Police,Staffordshire Police,-1.645006,52.790036,On or near GRAHAM CLOSE,E01029414,East Staffordshire 013B,Suspect charged
e8c5f99f3230ad4c8b09b73d4c63e5fb1bafe83b1c97533d8e9fd94c4d386eaa,2021-10,Staffordshire Police,Staffordshire Police,-2.010178,53.114025,On or near ARGLES ROAD,E01029810,Staffordshire Moorlands 001E,Action to be taken by another organisation
e767bf5a929817ad6f04e52a74c57f82a5065cc7dbd33fccb527ce76d9eb3a9c,2021-10,Staffordshire Police,Staffordshire Police,-1.645006,52.790036,On or near GRAHAM CLOSE,E01029414,East Staffordshire 013B,Suspect charged
64056e15bc4e19c4a6ed87e8949bcab7fe7e59f038768f61d2dcf7e53bca9ef8,2021-10,Staffordshire Police,Staffordshire Police,-1.875790,52.599642,On or near Hospital,E01029514,Lichfield 011B,Investigation complete; no suspect identified
7082d3bc34e498ee7ca284fd04de8c9d90a277d9535c624295e703970e174be5,2021-10,Staffordshire Police,Staffordshire Police,-2.090187,52.810201,On or near LONGHURST DRIVE,E01029724,Stafford 011D,Unable to prosecute suspect
54ea04b5468d345e2f499f9957b89661f9d84a5b357ba227bc6b53e72a7c0b5a,2021-10,Staffordshire Police,Staffordshire Police,-2.185366,53.000268,On or near BOOTH STREET,E01014345,Stoke-on-Trent 019E,Suspect charged
ebd6f0f226d13bac07ab4eda7e8acd5a3269e59f66769306e0116175dd7a94ed,2021-10,Staffordshire Police,Staffordshire Police,-2.023463,52.738406,On or near Parking Area,E01029730,Stafford 014C,Offender given a caution
dd041f953541640c2c9872b159b7408fe3ea4b06b4f6db037ea48476c8930764,2021-10,Staffordshire Police,Staffordshire Police,-2.178443,53.027102,On or near NEW HALL STREET,E01014287,Stoke-on-Trent 015D,Unable to prosecute suspect
8f27702aa07c5218abd22ac52a1ebd5d4652c789e4ec7a88e24475937ced476f,2021-10,Staffordshire Police,Staffordshire Police,-2.186711,53.015053,On or near CEMETERY ROAD,E01014283,Stoke-on-Trent 016E,Suspect charged
99f46348bc1881cc40e91a70fb43daa84ebeb9c9b76fe168e0d0945bc620bcb9,2021-10,Staffordshire Police,Staffordshire Police,-2.207934,53.011350,On or near LANSDOWNE ROAD,E01014288,Stoke-on-Trent 018A,Unable to prosecute suspect
a658f6c93fc8708ad28c2c1b62e7819bd7cf0b0380875b23f200b7f48c2c1183,2021-10,Staffordshire Police,Staffordshire Police,-2.011485,52.699411,On or near BUTTERMERE CLOSE,E01029351,Cannock Chase 008C,Offender given a caution
d82c5aa02552dfb2e57be40d94598e854a68ab623a65b89d0800954a27be2f19,2021-10,Staffordshire Police,Staffordshire Police,-1.688319,52.636417,On or near ALBERT ROAD,E01029851,Tamworth 002E,Unable to prosecute suspect
133611d1cecaf36d9b21194a433493751860037294c45af18ecd7c81b6bed51c,2021-10,Staffordshire Police,Staffordshire Police,-2.118795,52.725296,On or near CHURCH FARM CLOSE,E01029660,South Staffordshire 001F,Investigation complete; no suspect identified
e64da666a64b957b6d548c8f9ce00a51e1e79c2f97b67a71b6e3de1be6225d94,2021-10,Staffordshire Police,Staffordshire Police,-2.109580,52.811353,On or near CORPORATION STREET,E01029725,Stafford 009D,Unable to prosecute suspect
f072f03b6329bd7229136e68d5e8939dcdc584b4ba2a591924a8646f3930b2d5,2021-10,Staffordshire Police,Staffordshire Police,-2.205658,52.984243,On or near ASHCROFT AVENUE,E01014344,Stoke-on-Trent 023E,Action to be taken by another organisation
64c67b9d8f575c5ca234f7e2e203a375ebe44d16658daaeef4ad2cddac986f5e,2021-10,Staffordshire Police,Staffordshire Police,-1.644709,52.811933,On or near GORDON STREET,E01029445,East Staffordshire 009A,Unable to prosecute suspect
3f72abc90eb15217c879b11acf2d08a2ab8d936c4c30fdb70acfd0281b9c1728,2021-10,Staffordshire Police,Staffordshire Police,-2.207821,53.003539,On or near OLIVER ROAD,E01014294,Stoke-on-Trent 018F,Unable to prosecute suspect
a30e71595b078803adfafd53ecdfa231ee5b237ccf774976041ca6003ae29566,2021-10,Staffordshire Police,Staffordshire Police,-1.663782,52.612302,On or near SHANNON,E01029865,Tamworth 008E,Further action is not in the public interest
ec56909b0388d8bf1b1d49e6c89d3e1b6f39fdbdfe5a766282babbe5c3bec187,2021-10,Staffordshire Police,Staffordshire Police,-2.120400,53.005655,On or near HOLLY COURT,E01014223,Stoke-on-Trent 017D,Unable to prosecute suspect
b7a7a96967eeb9fcc7988fcb7f4893b04420122b0708f4a20be03f2db69801b8,2021-10,Staffordshire Police,Staffordshire Police,-2.128075,52.789490,On or near ST ANDREWS ROAD,E01029717,Stafford 013C,Unable to prosecute suspect
2d537bda0855532126d0238a6214923b7a3022dbbe689bbf86043dc1fb03a6d2,2021-10,Staffordshire Police,Staffordshire Police,-2.174411,52.677672,On or near THE ORCHARD,E01029618,South Staffordshire 003B,Unable to prosecute suspect
b757858bceefa93a496ce860438524aa022efa66bdf16a8953a11dbb1b1dc893,2021-10,Staffordshire Police,Staffordshire Police,-2.176731,53.056877,On or near SKELLERN AVENUE,E01014334,Stoke-on-Trent 003E,Unable to prosecute suspect
03e9c4d6efa49f1eb855404ac2a6543a9073bd99d79493e08c0fbfc3c09d564e,2021-10,Staffordshire Police,Staffordshire Police,-2.254791,53.048932,On or near HOLLY ROAD,E01029547,Newcastle-under-Lyme 007A,Action to be taken by another organisation
5b085ff19c9259884283443efc0fe774b8f63ca84ae5035966dd8a8a712ee330,2021-10,Staffordshire Police,Staffordshire Police,-2.254791,53.048932,On or near HOLLY ROAD,E01029547,Newcastle-under-Lyme 007A,Further action is not in the public interest
e48ab5cd58b40578ac3eafc4cb5eefdff76397c62975bcecea7f98e7ebbcbe56,2021-10,Staffordshire Police,Staffordshire Police,-2.118253,52.787594,On or near BURTON SQUARE,E01029727,Stafford 013D,Investigation complete; no suspect identified
337895fbc81e0e3f7ff09f180fb2053ee1864c16996a84d04f3fdc9ed1f517f2,2021-10,Staffordshire Police,Staffordshire Police,-2.175070,53.118032,On or near CROSS STREET,E01029774,Staffordshire Moorlands 003E,Investigation complete; no suspect identified
7d3e3ec0afe02991faf93ea7e367a165e1820dd95a075a051fac699c2f52e069,2021-10,Staffordshire Police,Staffordshire Police,-2.175479,53.024149,On or near Shopping Area,E01014287,Stoke-on-Trent 015D,Suspect charged
28863ef39dd1f68bd50d83f83fb84cf6b6081c9852056e93d3acc12df772023a,2021-10,Staffordshire Police,Staffordshire Police,-2.171895,53.018869,On or near CLIFFORD STREET,E01014287,Stoke-on-Trent 015D,Investigation complete; no suspect identified
f1780db12f330892934f7cb919ca66ad8067ebeaea6df194537984077219babd,2021-10,Staffordshire Police,Staffordshire Police,-2.125307,52.981703,On or near WREN VIEW,E01014305,Stoke-on-Trent 029A,Unable to prosecute suspect
44e4e9e42ad67730414528c0c8b79d0b6b532c1eb2fb92758864f567823600ab,2021-10,Staffordshire Police,Staffordshire Police,-2.099430,52.978842,On or near WOODGATE STREET,E01014368,Stoke-on-Trent 028D,Investigation complete; no suspect identified
1c30965c70721559f8b206774b7eb31c0ce4e931c601c961a001fa8d223425a7,2021-10,Staffordshire Police,Staffordshire Police,-2.099430,52.978842,On or near WOODGATE STREET,E01014368,Stoke-on-Trent 028D,Investigation complete; no suspect identified
1bfd9223dc8227bc10ff25006e6c47d221952655146c989041ca90eea2a9f876,2021-10,Staffordshire Police,Staffordshire Police,-2.099430,52.978842,On or near WOODGATE STREET,E01014368,Stoke-on-Trent 028D,Investigation complete; no suspect identified
cc942f22e019ec885ac28c066729f29f011b6cb46b9a0a82782f5d36efb6567f,2021-10,Staffordshire Police,Staffordshire Police,-2.099430,52.978842,On or near WOODGATE STREET,E01014368,Stoke-on-Trent 028D,Further investigation is not in the public interest
fb788f0fe25cb8e48f3f9a842159a737464282d0f66710ee8813f2531eba6e68,2021-10,Staffordshire Police,Staffordshire Police,-2.162046,52.976238,On or near APPLEFORD PLACE,E01014236,Stoke-on-Trent 032B,Unable to prosecute suspect
9c64a7e5fc8670b915371e91ef2813fd44b0bf008b3feef3de3e45e0582a97a2,2021-10,Staffordshire Police,Staffordshire Police,-2.178443,53.027102,On or near NEW HALL STREET,E01014287,Stoke-on-Trent 015D,Unable to prosecute suspect
600b1814acfe41324a640c332cdb423cc3baf6ffd5ea3ca7c512ad2fdc60a39c,2021-10,Staffordshire Police,Staffordshire Police,-2.179119,53.028270,On or near Parking Area,E01014287,Stoke-on-Trent 015D,Investigation complete; no suspect identified
10db742e659b7fcbb04e9a199a7ca2c92644d692871addd5cb14fa0c139cac4d,2021-10,Staffordshire Police,Staffordshire Police,-1.985004,52.983998,On or near BADDELEY STREET,E01029783,Staffordshire Moorlands 011B,Offender given a caution
cffabc38ee637b6aa30aa3b4762543e5fb38e1e6cd948fc5fbd45050007285e2,2021-10,Staffordshire Police,Staffordshire Police,-1.625075,52.783331,On or near SANDALWOOD ROAD,E01029453,East Staffordshire 014E,Investigation complete; no suspect identified
f87e1837ebeeec82b5a4c1b7177d8e9b094bc49cbf8159c2752a06d054bf1c34,2021-10,Staffordshire Police,Staffordshire Police,-2.227637,53.028349,On or near HASSAM PARADE,E01029552,Newcastle-under-Lyme 006D,Investigation complete; no suspect identified
0444b090f1d853e6f9cb2aa6532e87f4e6cf7448a9f9345e40f95994bdb6089a,2021-10,Staffordshire Police,Staffordshire Police,-2.093932,52.977660,On or near LYME ROAD,E01014368,Stoke-on-Trent 028D,Unable to prosecute suspect
38126895f111649a213de922d55a10b0998a86e296f048806c15dd0b248d1809,2021-10,Staffordshire Police,Staffordshire Police,-2.213588,53.063702,On or near Petrol Station,E01014361,Stoke-on-Trent 005D,Investigation complete; no suspect identified
003cfd14b56b101038e8725bedaededf313d5a41ca1917f29b88fd3a688e433e,2021-10,Staffordshire Police,Staffordshire Police,-2.112097,52.976107,On or near SANDCREST PLACE,E01014322,Stoke-on-Trent 031E,Unable to prosecute suspect
d5a6d935876bba3e4bff1d3fd9d0e167aa85d94081418e6753b5c59c627a2bd7,2021-10,Staffordshire Police,Staffordshire Police,-2.183038,52.995948,On or near FIELDING STREET,E01014339,Stoke-on-Trent 019C,Investigation complete; no suspect identified
32f7044b02bdb234d75294496808e8382fa5228ffcbdb2e7da41674d45f1b99b,2021-10,Staffordshire Police,Staffordshire Police,-1.932561,52.674995,On or near BAKER CLOSE,E01029496,Lichfield 010A,Unable to prosecute suspect
2a90fe617efdc9abfc3036e6092ee143d9d2d80f85ec312918156c5560bfaccd,2021-10,Staffordshire Police,Staffordshire Police,-2.131095,52.984645,On or near SHEAF PASSAGE,E01014302,Stoke-on-Trent 022D,Unable to prosecute suspect
45cace8b3109d05e05bb930eb91ae52fabd10d0d8cfe77a63548be3abc76c5dd,2021-10,Staffordshire Police,Staffordshire Police,-2.115239,52.814134,On or near CORPORATION STREET,E01029694,Stafford 010C,Unable to prosecute suspect
8dbf1bccfe018b50bc81f6d6676950818892e34c17692b742f246406acbfd041,2021-10,Staffordshire Police,Staffordshire Police,-2.196119,53.005734,On or near MOUNT AVENUE,E01014292,Stoke-on-Trent 018E,Investigation complete; no suspect identified
0c9e3c13e025726f2d75ea742e376f2f53465cce79b7ae01756b7eb610631613,2021-10,Staffordshire Police,Staffordshire Police,-2.174869,53.024330,On or near ALBION SQUARE,E01014287,Stoke-on-Trent 015D,Investigation complete; no suspect identified
c5002f982fac7405118878d0d7e41b2351a8549d4ea03ae081ccac42b0516338,2021-10,Staffordshire Police,Staffordshire Police,-2.107509,52.813998,On or near PROSPECT ROAD,E01029725,Stafford 009D,Unable to prosecute suspect
31a045f11157203810c1d3d75721b85db014edd6509f77521c64ea424871508e,2021-10,Staffordshire Police,Staffordshire Police,-2.166194,53.001780,On or near MOUNFIELD PLACE,E01014275,Stoke-on-Trent 020B,Unable to prosecute suspect
4dd21f1d66915df50af91402d2ac394fd17cb02189a6d1b8c242e9da633b9eed,2021-10,Staffordshire Police,Staffordshire Police,-1.638070,52.800344,On or near ORDISH STREET,E01032898,East Staffordshire 011H,Unable to prosecute suspect
803b948c4166dedc2a81c4ea5983ade6f53cc3255a3501cafb8cf5709f174967,2021-10,Staffordshire Police,Staffordshire Police,-2.044115,52.773478,On or near COPPICE BROOK,E01029730,Stafford 014C,Further action is not in the public interest
46af1b827b0f1cd80c391621fbf4389fe475a2349dad80c964376580de27f424,2021-10,Staffordshire Police,Staffordshire Police,-1.938294,52.689166,On or near PAGET DRIVE,E01029495,Lichfield 006D,Unable to prosecute suspect
9fec9dc7f67de26a08caa5c25e3a3ea55fa605fcd7f480fd38c5f5c28586e08e,2021-10,Staffordshire Police,Staffordshire Police,-1.819948,52.690789,On or near AUCHINLECK DRIVE,E01029525,Lichfield 005G,Further investigation is not in the public interest
88325bdeea2f573d9b1040c124a803f9cf82770a71cad09ca4d3301744bd57dd,2021-10,Staffordshire Police,Staffordshire Police,-2.196138,52.529154,On or near ELM TREE CLOSE,E01029679,South Staffordshire 012D,Investigation complete; no suspect identified
485ba9736919a2572a29e4333fffd642f3b92519f1f329b7890b625de535a4bb,2021-10,Staffordshire Police,Staffordshire Police,-1.638131,52.846649,On or near NEEDWOOD AVENUE,E01029443,East Staffordshire 004A,Local resolution
50b8fb5f6a03be19891a0260907c21d89a39f5262f7a67f3a3a076ec8887a105,2021-10,Staffordshire Police,Staffordshire Police,-1.625143,52.804691,On or near Sports/Recreation Area,E01032896,East Staffordshire 011F,Investigation complete; no suspect identified
4bb7ca97db3cca622b6fafdd27c458c4bc0ebdaa1edfe4aa46bec48ec0fe675c,2021-10,Staffordshire Police,Staffordshire Police,-2.206504,53.042860,On or near LUCAS STREET,E01014250,Stoke-on-Trent 009B,Investigation complete; no suspect identified
c93a3506fc398eb1156c2bdd12254d2171ecbe1ca866880a0bfa8d0b6e66344f,2021-10,Staffordshire Police,Staffordshire Police,-1.648408,52.822426,On or near CALAIS ROAD,E01029434,East Staffordshire 007A,Unable to prosecute suspect
63dffe6f995b1bb1b0ab0b4f0f06b7a0381d8ddb861c64832f6fd367b4dc2c3c,2021-10,Staffordshire Police,Staffordshire Police,-2.160838,53.019999,On or near HOWARD CRESCENT,E01033216,Stoke-on-Trent 016G,Unable to prosecute suspect
69dcaa7eedac6bb5bd7f7ad3e848af4e20d700f0c0fd95b8e6023112fbc6faf4,2021-10,Staffordshire Police,Staffordshire Police,-2.027817,53.105834,On or near HIGH STREET,E01029812,Staffordshire Moorlands 005D,Unable to prosecute suspect
1b3fce32e4cebb0c8c40d1a0cc38889bd73e776594dd584f37b538768f926cfd,2021-10,Staffordshire Police,Staffordshire Police,-2.189734,53.041575,On or near WALLEY PLACE,E01014249,Stoke-on-Trent 011A,Investigation complete; no suspect identified
a4e23996549b9d465cb83aa7feded4b4f56f1a2c292dcacc3fbfd3f827831f41,2021-10,Staffordshire Police,Staffordshire Police,-2.154275,52.889313,On or near HIGHLANDS,E01029755,Stafford 004E,Formal action is not in the public interest
e416ed9ef2524d679a4bbb1515d8918008bd1ec97a38b794711f084d3367188b,2021-10,Staffordshire Police,Staffordshire Police,-2.213588,53.063702,On or near Petrol Station,E01014361,Stoke-on-Trent 005D,Formal action is not in the public interest
0ff50be35eeb870db761dd8d046b9c1d48ab2d55f045cc70a0eb42f5392dbee2,2021-10,Staffordshire Police,Staffordshire Police,,,No location,,,Formal action is not in the public interest
3d40520db5b0389c6d1171662345a59b4b268bf88bf8406f0d141e1709d4deb7,2021-10,Staffordshire Police,Staffordshire Police,-2.318469,53.060501,On or near PARK LANE,E01029532,Newcastle-under-Lyme 005A,Unable to prosecute suspect
bc850622ad443ec399c126e71811bb2532605fd2c54792be45fa2ddaabdcefb7,2021-10,Staffordshire Police,Staffordshire Police,-2.135669,52.989530,On or near TIMES SQUARE,E01014302,Stoke-on-Trent 022D,Unable to prosecute suspect
b5299d54b4ed2cb784d31c5e89d1b640001cbca3540b613f2addb990855a6004,2021-10,Staffordshire Police,Staffordshire Police,-2.021387,52.703500,On or near BOWES DRIVE,E01029358,Cannock Chase 007E,Unable to prosecute suspect
0a977702f2b604b72c487ba6b98181ace586537e14ac8cb5c9a423964e997189,2021-10,Staffordshire Police,Staffordshire Police,-2.134515,52.992174,On or near BELSAY CLOSE,E01014302,Stoke-on-Trent 022D,Investigation complete; no suspect identified
b2fe3af10e7b791472e4b2b99e6b4b523bd4fbebbb59f4aaf8f20d789e9b57e3,2021-10,Staffordshire Police,Staffordshire Police,-2.163400,52.972137,On or near LADYBANK GROVE,E01014236,Stoke-on-Trent 032B,Suspect charged
8f55d0428a3c6fffbeb986242d73f9dc9ccf6c242051f76cd3652f0b50901edc,2021-10,Staffordshire Police,Staffordshire Police,-2.076473,52.966643,On or near A50,E01029705,Stafford 001D,Suspect charged
3d4bb7403fb8db74fb6f52b4e526c86215ee28ce3885198c9ff5277fa96050da,2021-10,Staffordshire Police,Staffordshire Police,-1.829032,52.683207,On or near Supermarket,E01029526,Lichfield 004E,Offender given a caution
41d61d9d359f3e05d3765d5f7eb6e21e82e42013602cc7e64330f748d9941c6c,2021-10,Staffordshire Police,Staffordshire Police,-2.143601,53.036516,On or near LEEK ROAD,E01014210,Stoke-on-Trent 012A,Unable to prosecute suspect
bd6d2e74d3377a396f28d4e6fdc0167f06cd195c58e709126b86eea5c9d0f7bd,2021-10,Staffordshire Police,Staffordshire Police,-1.633746,52.803063,On or near Parking Area,E01032896,East Staffordshire 011F,Investigation complete; no suspect identified
86c1bdf11212c3aff3a9810aa9905d69d96e39989191b2544d4a9111dca0b189,2021-10,Staffordshire Police,Staffordshire Police,-2.122809,53.003837,On or near BRATTICE PLACE,E01014229,Stoke-on-Trent 017F,Unable to prosecute suspect
71193ba4a7b7ff40ddda97d612fe250b34cfbef2ce9a8979d8893d2e9f8c3361,2021-10,Staffordshire Police,Staffordshire Police,-2.115807,52.804524,On or near BRIDGE STREET,E01029701,Stafford 010E,Investigation complete; no suspect identified
f92ab1649588acf28bd01392eb0e9b14559083fc2dc8e0d10fd12447172c852d,2021-10,Staffordshire Police,Staffordshire Police,-2.168167,53.110401,On or near WICKENSTONES COURT,E01029765,Staffordshire Moorlands 003C,Unable to prosecute suspect
17f4b56b6e8189e25af360fb4210a2354808c2e0f765e6103aa85a25286d81be,2021-10,Staffordshire Police,Staffordshire Police,-2.226342,53.011721,On or near Nightclub,E01029604,Newcastle-under-Lyme 011E,Investigation complete; no suspect identified
1e850a85d117e2e7fad338dc4e0347b601dc2afcfc7f771c16ffdfd5a068ab4d,2021-10,Staffordshire Police,Staffordshire Police,-1.667518,52.608456,On or near WILNECOTE HOUSE DRIVE,E01032902,Tamworth 010G,Investigation complete; no suspect identified
c6a8ad581115bd6a6e1ee0be8a18778162f5215f0badf81f9431bbff0f5eba8c,2021-10,Staffordshire Police,Staffordshire Police,-2.011485,52.699411,On or near BUTTERMERE CLOSE,E01029351,Cannock Chase 008C,Offender given a caution
d7d9b56a826717bafe56b8a4256752a1725cde52d09592b315c03d919249f516,2021-10,Staffordshire Police,Staffordshire Police,-2.169301,53.030316,On or near FREE TRADE STREET,E01014330,Stoke-on-Trent 013E,Investigation complete; no suspect identified
c8116601f047002b30a14f508bdb88cf9fe1fe02ad7573d5c1e1e2d52b0d3589,2021-10,Staffordshire Police,Staffordshire Police,-1.765588,52.721808,On or near HOLLY DRIVE,E01029479,Lichfield 002C,Suspect charged
5c7631f6ad598f25791662bfe0fc4ea0b35a872f3e31c1aa24838e4c51d39030,2021-10,Staffordshire Police,Staffordshire Police,-1.625143,52.804691,On or near Sports/Recreation Area,E01032896,East Staffordshire 011F,Unable to prosecute suspect
43cc5add460284144b5115851214771625c0964f7c5bebe2cb966e9f195f03fc,2021-10,Staffordshire Police,Staffordshire Police,-2.026836,52.684927,On or near TRINITY CLOSE,E01029360,Cannock Chase 012B,Unable to prosecute suspect
485acbcd5d7b89fd4b73170a59317d39d874139190651c75772cc77a6d7e804e,2021-10,Staffordshire Police,Staffordshire Police,-2.026421,52.684037,On or near KEBLE CLOSE,E01029362,Cannock Chase 012D,Suspect charged
bb1d23959a77dfb13797f6e60a824739441c49398bf1c19abf36e80f30b3290e,2021-10,Staffordshire Police,Staffordshire Police,-2.025006,52.667029,On or near STATION ROAD,E01029620,South Staffordshire 004A,Unable to prosecute suspect
abf5a904f91b755a654710a69d2373368465e6052ded38ed1d9080d6443fef9a,2021-10,Staffordshire Police,Staffordshire Police,-2.016511,52.685783,On or near OXFORD GREEN,E01029362,Cannock Chase 012D,Further action is not in the public interest
253e8001abc6f8e0d372ed1b5d9fd2dccd3bbffdb85f04139857b1379cab525e,2021-10,Staffordshire Police,Staffordshire Police,-2.180350,53.015980,On or near CHAMBERLAIN STREET,E01014281,Stoke-on-Trent 015A,Action to be taken by another organisation
1ee3f82b806cf639f35c15e92ad262f5521721e414b1420719a826ab4ec26454,2021-10,Staffordshire Police,Staffordshire Police,-2.139335,53.031550,On or near CASTLE GROVE,E01014212,Stoke-on-Trent 012C,Unable to prosecute suspect
e94a68338ece3f96b35478f59b65b1f81f1dc798023859aade75197750342190,2021-10,Staffordshire Police,Staffordshire Police,-2.227416,52.989111,On or near RIVERSMEAD,E01029591,Newcastle-under-Lyme 014C,Action to be taken by another organisation
4e4265a78bf1dca84ddf03017c351a4c100113ce1e1325d270274c190bfcf428,2021-10,Staffordshire Police,Staffordshire Police,-1.989308,52.987171,On or near HIGH STREET,E01029787,Staffordshire Moorlands 011D,Suspect charged
bee49441f1ccf0317f0d67d8894c4c768d91e4c010e810f4359283d2a5566fc1,2021-10,Staffordshire Police,Staffordshire Police,-2.189337,53.066557,On or near VICKERS ROAD,E01014262,Stoke-on-Trent 003B,Suspect charged
7a636741a69c7aa73b343b47d4dad736ee28c6f96922df7194edf38154fd902c,2021-10,Staffordshire Police,Staffordshire Police,-2.191011,52.550037,On or near ORTON LANE,E01029672,South Staffordshire 013C,Investigation complete; no suspect identified
8492a7694b2daa600d03c0eb72e86f5bd0b587e35634e8140fb96009bf1010ac,2021-10,Staffordshire Police,Staffordshire Police,-2.179643,53.093251,On or near CHILDERPLAY ROAD,E01029771,Staffordshire Moorlands 004B,Investigation complete; no suspect identified
cfffaeea6eb61d7187336f039d4a1b955b787ba2e9abc209b88a9ba6ef4db810,2021-10,Staffordshire Police,Staffordshire Police,-2.136009,52.979345,On or near Parking Area,E01014309,Stoke-on-Trent 027B,Offender given a caution
c165a6963ef9dc8aa360489c7c6304e24e9e8063f5f39cfd8ed92af7e35cdddf,2021-10,Staffordshire Police,Staffordshire Police,-2.166616,53.114781,On or near MOORLAND HEIGHTS,E01029764,Staffordshire Moorlands 003B,Unable to prosecute suspect
130884960c6eb438bf86a40e07c7f30f94523ae6175291482a37587c18cf0b67,2021-10,Staffordshire Police,Staffordshire Police,-1.698630,52.634681,On or near Parking Area,E01029836,Tamworth 002B,Unable to prosecute suspect
246177e1b290ee233017b46a98bc18be4440458648e28c63d202b4e33c5ae731,2021-10,Staffordshire Police,Staffordshire Police,-1.639805,52.800358,On or near UXBRIDGE STREET,E01032898,East Staffordshire 011H,Investigation complete; no suspect identified
ae29885f1936594614f5ad3aa48b4bcd5caf9a50aae3898b6c8f13d905de0ad3,2021-10,Staffordshire Police,Staffordshire Police,-1.646110,52.629898,On or near TROON,E01029820,Tamworth 003A,Unable to prosecute suspect
5d6ceaa3a892ecb62d5246bfee858603b253415084ef265652cffa05c1d5968c,2021-10,Staffordshire Police,Staffordshire Police,-2.140463,52.993561,On or near MAY PLACE,E01014273,Stoke-on-Trent 021A,Formal action is not in the public interest
4aec475c11173737947e69031fa154173fa66022e443fa0de5a78b5f8d9f9c3c,2021-10,Staffordshire Police,Staffordshire Police,-2.184441,53.049018,On or near MACCLESFIELD STREET,E01014248,Stoke-on-Trent 006F,Investigation complete; no suspect identified
4db3345be7612cf95c2e0105898ba25e7254f862286c0fd68041f4a7129095a6,2021-10,Staffordshire Police,Staffordshire Police,-2.163018,53.001074,On or near WILLIAM STREET,E01014275,Stoke-on-Trent 020B,Unable to prosecute suspect
a795f3baf89f687ca14e9f555e5a71d1a40cea3775262aa277b31275a20e4ac3,2021-10,Staffordshire Police,Staffordshire Police,-2.195856,53.006957,On or near WEST AVENUE,E01014292,Stoke-on-Trent 018E,Unable to prosecute suspect
cd217c747c5bce1e6ff5e1da326e7f350eda31efe6a2730c1ef03a3b15b2e5bf,2021-10,Staffordshire Police,Staffordshire Police,-2.246511,52.860499,On or near THE BURGAGE,E01029695,Stafford 005A,Action to be taken by another organisation
bd307f3876ee5be6d850e9e50d2676a030bd3c62ddbdf084a5bab256b531f509,2021-10,Staffordshire Police,Staffordshire Police,-2.146639,53.030831,On or near GREYFRIARS ROAD,E01014210,Stoke-on-Trent 012A,Investigation complete; no suspect identified
a2fe5356a291cba7022cc48ad470152da976c51630761690bcdfab097ee6fc64,2021-10,Staffordshire Police,Staffordshire Police,-2.108969,52.727670,On or near FREDERICK ROAD,E01029655,South Staffordshire 001A,Unable to prosecute suspect
daeff28c70a33619341a5c668f12391f7dea588a3a5cf909a665a92f4012c520,2021-10,Staffordshire Police,Staffordshire Police,-1.801373,52.764178,On or near BONDFIELD LANE,E01029473,East Staffordshire 006E,Investigation complete; no suspect identified
70e73aca59c95d02dfbe3b4ce2c5b235ed154982f519492669f0396593e286dd,2021-10,Staffordshire Police,Staffordshire Police,,,No location,,,Unable to prosecute suspect
2e762be18318069352886ef7d00f6ae6cb7f40e35974e003f964ca287ff25a57,2021-10,Staffordshire Police,Staffordshire Police,-2.136266,53.042089,On or near WOODHEAD ROAD,E01014217,Stoke-on-Trent 012E,Unable to prosecute suspect
7ba7af024ba10f494522a547e17279bf337346be98b82cc313e9db8b6c327e01,2021-10,Staffordshire Police,Staffordshire Police,-1.628093,52.784051,On or near BRAMBLE COURT,E01029453,East Staffordshire 014E,Unable to prosecute suspect
dae2a9214f8ae11bd01d81af6041ffa293b860704edd147bbfd070d2c70dc6dd,2021-10,Staffordshire Police,Staffordshire Police,-2.269882,53.017060,On or near CHURCH STREET,E01029594,Newcastle-under-Lyme 012C,Unable to prosecute suspect
50b1d019cd99e3181a9f4decaaaca70624be6a93e5a99f0117f46de5e0a55fe2,2021-10,Staffordshire Police,Staffordshire Police,-1.944707,52.684261,On or near THORPE CLOSE,E01029493,Lichfield 006B,Unable to prosecute suspect
c488d1a1d5ad8e4e994d19756ee5e3b97fcdc2983400cc3ece7c594e48a550b0,2021-10,Staffordshire Police,Staffordshire Police,-2.217617,53.060791,On or near BROOMHILL STREET,E01014354,Stoke-on-Trent 005A,Unable to prosecute suspect
c488d1a1d5ad8e4e994d19756ee5e3b97fcdc2983400cc3ece7c594e48a550b0,2021-10,Staffordshire Police,Staffordshire Police,-2.217617,53.060791,On or near BROOMHILL STREET,E01014354,Stoke-on-Trent 005A,Unable to prosecute suspect
6c4ff9b3d5f1d07dae8aa9b1869e183021d4140263f3879a0b19d6e5fd921b77,2021-10,Staffordshire Police,Staffordshire Police,-2.169805,53.029371,On or near ST JOHN STREET,E01014328,Stoke-on-Trent 013C,Unable to prosecute suspect
eafa30872c4bb94e85d13f1bf49fd4f9667cc2dc46f247941f8ba6b422bb84e6,2021-10,Staffordshire Police,Staffordshire Police,-1.630001,52.812581,On or near Shopping Area,E01032896,East Staffordshire 011F,Unable to prosecute suspect
cf03ff61aa5a8011a9f2bff3a392cf02da1d47b9c204ecf86fc64ad1a6c08b90,2021-10,Staffordshire Police,Staffordshire Police,-1.639672,52.820036,On or near HORNINGLOW CROFT,E01029437,East Staffordshire 007D,Unable to prosecute suspect
1b38d49c1fbdf4770a41720a1aea1e590bbebdec7d5af56430aaa3425742ff9f,2021-10,Staffordshire Police,Staffordshire Police,-1.881380,52.727490,On or near MILL WAY,E01029515,Lichfield 003D,Further action is not in the public interest
8c8370c0fc3950a15c2da6fcbeb1b73dcc477f2a739e0f29a7998cd53460beb2,2021-10,Staffordshire Police,Staffordshire Police,,,No location,,,Investigation complete; no suspect identified
a561c02dfa80ad67af758554077e85a479cbe60db3cdb22c23afb44eec6378e3,2021-10,Staffordshire Police,Staffordshire Police,-2.207854,52.594014,On or near TINTERN COURT,E01029664,South Staffordshire 011B,Unable to prosecute suspect
58367d6fdbe5fca1a943714a2d3fb022f06d992ad44bbda5ba51f976f9519867,2021-10,Staffordshire Police,Staffordshire Police,-2.099207,52.816864,On or near BEACONSIDE CLOSE,E01029693,Stafford 009B,Investigation complete; no suspect identified
a60c4056c4762ee70dffdb5384b3f7b35f54fd4663f7726d5f3d4d6942d7ae6b,2021-10,Staffordshire Police,Staffordshire Police,-2.185053,53.003864,On or near CHURCH STREET,E01014293,Stoke-on-Trent 019A,Investigation complete; no suspect identified
3d892c015189c73b84264bbcd7fc0dd7f271f85767700d606803ea3703f9a050,2021-10,Staffordshire Police,Staffordshire Police,-2.103707,52.793766,On or near OLD RICKERSCOTE LANE,E01029734,Stafford 016C,Further action is not in the public interest
c03ee74af9d4931750a1715c79c62dbfd426c981f0d6ca0e1ff24906dbdca1c8,2021-10,Staffordshire Police,Staffordshire Police,-1.656027,52.808506,On or near Sports/Recreation Area,E01029446,East Staffordshire 009B,Investigation complete; no suspect identified
5e03a97884b016b17ee2fd5b15ddfac7b6e3ada8e61b13b5d51bb8a538239d9a,2021-10,Staffordshire Police,Staffordshire Police,-2.323143,52.889459,On or near CHURCH LANE,E01029696,Stafford 005B,Unable to prosecute suspect
4bd7d61d47b2813d13f8fc4a4e710855643b97861ef0182643fc9e9a6133b3fc,2021-10,Staffordshire Police,Staffordshire Police,-2.136955,52.986616,On or near EDENSOR ROAD,E01014302,Stoke-on-Trent 022D,Investigation complete; no suspect identified
e38f39a34226bc99e4b0bf830bb0203396c4e66cd5510cb7bd49a55fb101c33b,2021-10,Staffordshire Police,Staffordshire Police,-1.645055,52.845996,On or near SCHOOL LANE,E01029443,East Staffordshire 004A,Local resolution
e38f39a34226bc99e4b0bf830bb0203396c4e66cd5510cb7bd49a55fb101c33b,2021-10,Staffordshire Police,Staffordshire Police,-1.645055,52.845996,On or near SCHOOL LANE,E01029443,East Staffordshire 004A,Local resolution
f06970fd291a3d5737683b547ff2e760007dae8c5cc30aaf4b90f7cc80694d76,2021-10,Staffordshire Police,Staffordshire Police,-1.698922,52.624461,On or near A5,E01029837,Tamworth 005B,Investigation complete; no suspect identified
80ed08adc716786e51cccdd675cbb4b64ae395f20b543471dcbd5f63b5b07bf6,2021-10,Staffordshire Police,Staffordshire Police,-2.176582,53.122470,On or near SANDSDOWN CLOSE,E01029774,Staffordshire Moorlands 003E,Action to be taken by another organisation
c52b9cad9f053ee37333851a082a3d5ab3d91b4ca985bc9ec43e54e136afe2b6,2021-10,Staffordshire Police,Staffordshire Police,-2.118123,52.783360,On or near CHURCHILL WAY,E01029726,Stafford 016A,Unable to prosecute suspect
3568ddf27f79e6437752b495e11a69cfc06064d8f175ffba01efefd375ce4674,2021-10,Staffordshire Police,Staffordshire Police,-2.025397,53.106337,On or near Parking Area,E01029804,Staffordshire Moorlands 005A,Unable to prosecute suspect
686d94679092d1e5b2193bb386aea8a938efc8e2e36d6d504e3e78eea1a6ed92,2021-10,Staffordshire Police,Staffordshire Police,-2.192404,53.028195,On or near RIDGEHOUSE DRIVE,E01014285,Stoke-on-Trent 015B,Investigation complete; no suspect identified
7f9d9415a41dedba878388a683c84208077039ac181dd43787c14b8d9e130245,2021-10,Staffordshire Police,Staffordshire Police,-2.242805,53.087341,On or near STATION ROAD,E01029588,Newcastle-under-Lyme 002D,Unable to prosecute suspect
ccd84bdbb85b259dd0c9038e5f98b678c52df39a4bd025d500d8bbb53609ac87,2021-10,Staffordshire Police,Staffordshire Police,-2.033155,52.687964,On or near QUEEN STREET,E01029365,Cannock Chase 011C,Offender given a caution
f5185c7224bc60f52fb9b5996b22ed8e52b5e6b712b040f070f5c90b9e7c904f,2021-10,Staffordshire Police,Staffordshire Police,-2.167060,52.998228,On or near MASTERSON STREET,E01014276,Stoke-on-Trent 020C,Unable to prosecute suspect
4d1f145836003dfda64861422823792d343a69b9eb5da438e4b5783b92786d06,2021-10,Staffordshire Police,Staffordshire Police,-2.166643,53.029205,On or near KING GEORGE STREET,E01014328,Stoke-on-Trent 013C,Action to be taken by another organisation
dd4a66f83a14d09c97fce2bc5cb7a4ea8841b5e72aa04acc27a2eff1b135d4d4,2021-10,Staffordshire Police,Staffordshire Police,-2.117291,52.804639,On or near MILL BANK,E01029701,Stafford 010E,Suspect charged
8e1b0794c188e44c091d776243b2534f7adcd9ed550f6f390b58d73d9d3d99c1,2021-10,Staffordshire Police,Staffordshire Police,-2.205686,53.049522,On or near BARTON CRESCENT,E01014252,Stoke-on-Trent 009D,Investigation complete; no suspect identified
085b4f0e9d308480921dbe5b7475730973faf6e118ab99548be7d07a8606e46f,2021-10,Staffordshire Police,Staffordshire Police,-2.110556,52.967560,On or near GRAVELLY BANK,E01014319,Stoke-on-Trent 033C,Unable to prosecute suspect
b5ad3ce3e9512823f35b23b25cbaa0c24f224db781bfbbe5bdefdd46762db823,2021-10,Staffordshire Police,Staffordshire Police,-2.257766,53.090015,On or near CONGLETON ROAD SOUTH,E01029542,Newcastle-under-Lyme 003C,Investigation complete; no suspect identified
981301ade5aaad348494e627e74d5ae1e3af96d8d71dc571b29f63d96a0d4f16,2021-10,Staffordshire Police,Staffordshire Police,-2.257926,53.084271,On or near NURSERY CLOSE,E01029541,Newcastle-under-Lyme 003B,Unable to prosecute suspect
562d26acc3f6bdc0382bad422d828841ab65974747b808f6984004c3fc864ecf,2021-10,Staffordshire Police,Staffordshire Police,-2.253237,53.048495,On or near APPLECROFT,E01029545,Newcastle-under-Lyme 004C,Unable to prosecute suspect
44f12618c60950aa14941e2a23e63c3cf55d16308e2e8a812453b8fcbc3d4d11,2021-10,Staffordshire Police,Staffordshire Police,-1.978829,52.692992,On or near MELBOURNE CRESCENT,E01029381,Cannock Chase 009B,Unable to prosecute suspect
2518cae5f5a31d965c8ecbbf351892629bc65947b940edc6334b957dae56d154,2021-10,Staffordshire Police,Staffordshire Police,-2.093720,53.024350,On or near STONEHOUSE CRESCENT,E01029780,Staffordshire Moorlands 009B,Unable to prosecute suspect
bc54b159cc7bab9499b76b66171d91d298c5978f19a3751d829e6e74fd9af1a7,2021-10,Staffordshire Police,Staffordshire Police,-2.122485,53.010750,On or near BITTERNE PLACE,E01014223,Stoke-on-Trent 017D,Investigation complete; no suspect identified
b52f3b19b876548fe6c9198948ae88943adea717b2d085318445dabba9384f8f,2021-10,Staffordshire Police,Staffordshire Police,-2.029904,52.672394,On or near LAKESIDE BOULEVARD,E01029359,Cannock Chase 012A,Unable to prosecute suspect
8f4e01dd88757d0c2010695c3b30195eb47937bebec7bcc16e27e1466c33df27,2021-10,Staffordshire Police,Staffordshire Police,-1.645006,52.790036,On or near GRAHAM CLOSE,E01029414,East Staffordshire 013B,Action to be taken by another organisation
52517650a18835de6d597604597c33179145f08acff10db6af2571e7181d3886,2021-10,Staffordshire Police,Staffordshire Police,-1.988269,52.692031,On or near DENBURY CLOSE,E01029378,Cannock Chase 010D,Investigation complete; no suspect identified
0cb76feb642eccc72deb0bf1486548b9c15235564b53fa750a13ca4c6bb18c8b,2021-10,Staffordshire Police,Staffordshire Police,-1.985896,52.663408,On or near WATLING STREET,E01029395,Cannock Chase 013B,Investigation complete; no suspect identified
a5f678e8f892bba08cc8b9fc29856adab4a3d64dd2315bef6f773082253b72ed,2021-10,Staffordshire Police,Staffordshire Police,-1.916531,52.681745,On or near BONEY HAY ROAD,E01029489,Lichfield 009C,Investigation complete; no suspect identified
62dd7d1e2fbf94ca75e068b13478eb42ac8ca0746aee56ef3f1010b64fbbe41b,2021-10,Staffordshire Police,Staffordshire Police,-1.698922,52.624461,On or near A5,E01029837,Tamworth 005B,Suspect charged
0a7a25782db14fb28f018756c4f8e838cff6fd369f991ed8e6107f4b28793541,2021-10,Staffordshire Police,Staffordshire Police,-1.989129,52.989149,On or near FRIARS CLOSE,E01029786,Staffordshire Moorlands 011C,Action to be taken by another organisation
c40fb24862284fc0d16b3784a90ae020948f090ab9862e2958e5f5672bfdbdf9,2021-10,Staffordshire Police,Staffordshire Police,-2.244218,53.086385,On or near Parking Area,E01029588,Newcastle-under-Lyme 002D,Investigation complete; no suspect identified
5fd74d2d45314333109ea7160cdea155391dc57357427f77b8dd5c01554ade2a,2021-10,Staffordshire Police,Staffordshire Police,-1.892199,52.987959,On or near Park/Open Space,E01029761,Staffordshire Moorlands 010A,Unable to prosecute suspect
eaa1094f4f7f484b64159c46bfa925738f7f0aa15bd21c859f830f14920ba311,2021-10,Staffordshire Police,Staffordshire Police,-2.196008,52.780605,On or near ASH DRIVE,E01029688,Stafford 015A,Unable to prosecute suspect
5858c4be744a9980bf46c3c6f15cf45b3c3f13bb733164277ac155ee815bad14,2021-10,Staffordshire Police,Staffordshire Police,-2.092655,52.589872,On or near HELMING DRIVE,E01010444,Wolverhampton 018C,Unable to prosecute suspect
61a816e3d05d6c36ab9cf570b33c8ad2efb4431f0d46d5deabbcc2477889b846,2021-10,Staffordshire Police,Staffordshire Police,,,No location,,,Unable to prosecute suspect
0965ea961db83168fb7301f346c46d37c580198706a8ebecb3f645d143752cc1,2021-10,Staffordshire Police,Staffordshire Police,-2.106608,52.767118,On or near A449,E01029656,South Staffordshire 001B,Investigation complete; no suspect identified
79150c8475979ae2f5918e32b4983ec8e33ac51e303777d8c9b19e81b2f98c54,2021-10,Staffordshire Police,Staffordshire Police,-2.106602,52.788837,On or near Supermarket,E01029734,Stafford 016C,Unable to prosecute suspect
bd7bb6146d6a9923cd5d2cb4d1a8472cd2b62b8bb09c99987efb37c1711e747f,2021-10,Staffordshire Police,Staffordshire Police,-2.033581,53.104475,On or near LANGFORD STREET,E01029812,Staffordshire Moorlands 005D,Unable to prosecute suspect
99aa23ca94e4a69d2f02a6bf02cf66efb766e6aea39df3a305a07b98d2adcd3b,2021-10,Staffordshire Police,Staffordshire Police,-1.887715,52.907402,On or near PARVA COURT,E01029431,East Staffordshire 002B,Offender given a caution
7ca857c6e2bc2a6dfefb5013aa025581c5bb1f8343c4a6a1ac1e147ad02490db,2021-10,Staffordshire Police,Staffordshire Police,-2.158292,52.890665,On or near WEDGEWOOD AVENUE,E01029755,Stafford 004E,Unable to prosecute suspect
f6376f9d7904086236f7b16b3fe725c5624be81755ab2438dd2d937c9ebb7d2f,2021-10,Staffordshire Police,Staffordshire Police,-2.180744,53.024627,On or near PARKER STREET,E01014287,Stoke-on-Trent 015D,Investigation complete; no suspect identified
e03b50ae6fb5b188a8a06d84506df354a980118c563034b62eedddafc19466ef,2021-10,Staffordshire Police,Staffordshire Police,-2.216303,53.060542,On or near MC KINLEY STREET,E01014354,Stoke-on-Trent 005A,Investigation complete; no suspect identified
f304d0d94da2c83cdb75287b31f3c5c090e4b3ff9e6ba8c4bb643c5b88f97db1,2021-10,Staffordshire Police,Staffordshire Police,-2.189178,53.037252,On or near WATERLOO ROAD,E01014254,Stoke-on-Trent 011C,Investigation complete; no suspect identified
961aafff21c35b6962f723c2593de89ec729f706efc8a150a9fe0d03aa9fb572,2021-10,Staffordshire Police,Staffordshire Police,-2.111661,52.778297,On or near TEN BUTTS CRESCENT,E01029729,Stafford 016B,Formal action is not in the public interest
08f7a07a9cdfb5e203987ead81bf1fc8b1721d5aab636368eb4c80d2957fdab0,2021-10,Staffordshire Police,Staffordshire Police,-2.116405,52.817055,On or near PEEL TERRACE,E01029689,Stafford 010A,Investigation complete; no suspect identified
3da0a062cb3343af20ce70cb8e39b0acee51bb61a3a9ec8a631dcb5c0d3b2e48,2021-10,Staffordshire Police,Staffordshire Police,-1.666662,52.625903,On or near MARLBOROUGH WAY,E01029832,Tamworth 004C,Unable to prosecute suspect
1f7524662db34eb30e1d1b8fdc6bf8f9e69b2d7401af7b7375126253a4738671,2021-10,Staffordshire Police,Staffordshire Police,-2.116405,52.817055,On or near PEEL TERRACE,E01029689,Stafford 010A,Unable to prosecute suspect
f1e5d951068bf5bee6ea180161a38148cd1dead7d69b716e6dbf3e7b44697fd4,2021-10,Staffordshire Police,Staffordshire Police,-1.598073,52.809358,On or near BERRY GARDENS,E01029469,East Staffordshire 010B,Unable to prosecute suspect
d5d61d6b3b4bfb1e3a535eb7ed4e832a245b18361e33701c30915a1a6f6689b7,2021-10,Staffordshire Police,Staffordshire Police,-2.137143,52.895501,On or near DE-WINT ROAD,E01029740,Stafford 003A,Unable to prosecute suspect
42c79fabc6ce55a5b3db3f46b21ba8e664229e21128ddb056aa6bdc318f9d6b1,2021-10,Staffordshire Police,Staffordshire Police,-2.161297,53.035091,On or near FAIRHAVEN GROVE,E01014327,Stoke-on-Trent 013B,Investigation complete; no suspect identified
c5fcf12063059daa77059c0454f5921b58083260a3b615b5faff19ebef0b2e1b,2021-10,Staffordshire Police,Staffordshire Police,-2.233354,53.095684,On or near MARYHILL CLOSE,E01029561,Newcastle-under-Lyme 002A,Investigation complete; no suspect identified
cebdc02f74f52838db0e03caabd283c538bf822863554dacb5f2cc762f631df1,2021-10,Staffordshire Police,Staffordshire Police,-2.099746,52.812575,On or near KNIGHT AVENUE,E01029725,Stafford 009D,Action to be taken by another organisation
a4627e46d4be0e1328ba30ed02d2cefacbf61d2ca535c12a2c2351262784d195,2021-10,Staffordshire Police,Staffordshire Police,-2.034557,52.683441,On or near DEE GROVE,E01029361,Cannock Chase 012C,Unable to prosecute suspect
7cdede3264b3415eaaff494b6a411f2128b97fb6bd8b3d527030c58ff85999bc,2021-10,Staffordshire Police,Staffordshire Police,-1.628670,52.803416,On or near Further/Higher Educational Building,E01032896,East Staffordshire 011F,Investigation complete; no suspect identified
c37009747b806b9acca60a4e99950eb59a1fe4c373736d49889ae7b278e566d7,2021-10,Staffordshire Police,Staffordshire Police,-1.686878,52.856712,On or near SILK MILL LANE,E01029464,East Staffordshire 004D,Investigation complete; no suspect identified
7b2107a374fb8157c821062554aed63321f9f68dc3e042dc01257eb04037e454,2021-10,Staffordshire Police,Staffordshire Police,-2.100071,52.946966,On or near Sports/Recreation Area,E01029703,Stafford 001B,Investigation complete; no suspect identified
51799827da6e04f3fe35d99edc5badc16793cc60a8c1324bc0316036caaad5dc,2021-10,Staffordshire Police,Staffordshire Police,-1.633977,52.796745,On or near Supermarket,E01032898,East Staffordshire 011H,Investigation complete; no suspect identified
e30336f427f1c8d8b9ddb9ae0d9fedf7a0dc74979a01a576d5451eb83d7f840b,2021-10,Staffordshire Police,Staffordshire Police,-1.667518,52.608456,On or near WILNECOTE HOUSE DRIVE,E01032902,Tamworth 010G,Unable to prosecute suspect
cb420fbf54f873c498e29120f271fb8c8008ae7eaedef3a27206fd0447ba3ea6,2021-10,Staffordshire Police,Staffordshire Police,-2.208876,53.098273,On or near CLARE STREET,E01029581,Newcastle-under-Lyme 001C,Unable to prosecute suspect
2b6a98b0713669441df21143529924bbbf78c17d3e30d598c4f8e6043599cffb,2021-10,Staffordshire Police,Staffordshire Police,-2.032214,52.695974,On or near SOUTHBOURNE PLACE,E01029367,Cannock Chase 011E,Unable to prosecute suspect
81be75b3be3e78a3ff445bd9330e72c0eec28687e8fb2f5ee5b0dcf3ea35cdd1,2021-10,Staffordshire Police,Staffordshire Police,-2.002109,52.804122,On or near COVERT CLOSE,E01029713,Stafford 008E,Unable to prosecute suspect
4e0b81bb699777907ba8ade078fca0e23aa73345b12d902a035356d0e6a6fe4f,2021-10,Staffordshire Police,Staffordshire Police,-2.139829,52.811204,On or near ROMNEY DRIVE,E01029750,Stafford 007D,Suspect charged
8adac2debdb97a832c819ad3da21a520689c1a49b9dd456c7383b56a87c0560f,2021-10,Staffordshire Police,Staffordshire Police,-2.185435,53.030346,On or near RUTLAND STREET,E01014256,Stoke-on-Trent 011D,Unable to prosecute suspect
018c6c845d3c661406b07538bb0e4f7255c9b9ce491eca2c14bb9351ecd47be4,2021-10,Staffordshire Police,Staffordshire Police,-2.027829,52.711473,On or near ELIZABETH ROAD,E01029357,Cannock Chase 007D,Unable to prosecute suspect
bcaf5597cdc240c2ebb4d71de497a11f193c35e67700e911e3802692a020cff1,2021-10,Staffordshire Police,Staffordshire Police,-2.188075,53.020184,On or near TIMMIS STREET,E01014286,Stoke-on-Trent 015C,Unable to prosecute suspect
8830e69841c4712f8890590f4a615afbc5c24994f17d9dcb3786920ec9444a7f,2021-10,Staffordshire Police,Staffordshire Police,-2.000964,52.709408,On or near Supermarket,E01029389,Cannock Chase 005D,Investigation complete; no suspect identified
02bc45989f689c9ca857ff6c8615bcf65a2c9766c8360b720b3207b662168a8d,2021-10,Staffordshire Police,Staffordshire Police,-2.174383,53.051676,On or near LIVINGSTONE STREET,E01014246,Stoke-on-Trent 008A,Local resolution
e938ac18acc61a3fa6c1e2c302046b21eecdd6fd19180303e69de92e4ec1634d,2021-10,Staffordshire Police,Staffordshire Police,-1.664751,52.790983,On or near CLAY'S LANE,E01029413,East Staffordshire 013A,Investigation complete; no suspect identified
f4ae4695ccf3753d52de1df589180026495f205cdd2bde12b58767574c276719,2021-10,Staffordshire Police,Staffordshire Police,-2.141135,52.993866,On or near FOLEY STREET,E01014273,Stoke-on-Trent 021A,Unable to prosecute suspect
f4ae4695ccf3753d52de1df589180026495f205cdd2bde12b58767574c276719,2021-10,Staffordshire Police,Staffordshire Police,-2.141135,52.993866,On or near FOLEY STREET,E01014273,Stoke-on-Trent 021A,Unable to prosecute suspect
6ad43d8e5ccba0de4bbeff45e120f8f71680f05cac276c00b19a6aaa5c9045dd,2021-10,Staffordshire Police,Staffordshire Police,-1.970014,52.710430,On or near JESMOND CLOSE,E01029400,Cannock Chase 006D,Unable to prosecute suspect
46599149016dbc671b380df790ddfcb0aca6b975afe6a99aef29d753fde316ed,2021-10,Staffordshire Police,Staffordshire Police,,,No location,,,Offender given a caution
3fb4c3acd8ea2ab559b6ec94b4c52bc2de6325f8930d49fc0868499003f39d77,2021-10,Staffordshire Police,Staffordshire Police,-2.166910,52.997913,On or near WATKIN STREET,E01014276,Stoke-on-Trent 020C,Unable to prosecute suspect
60d7a18599e7fb16d9bd92f3322747934da71ef0a792929358db2ba925b0c9d4,2021-10,Staffordshire Police,Staffordshire Police,-2.257926,53.084271,On or near NURSERY CLOSE,E01029541,Newcastle-under-Lyme 003B,Further action is not in the public interest
1e14eb8755cf88dada0620c49abcbfaa14daaa4d35fffaf5dc53b91235a72115,2021-10,Staffordshire Police,Staffordshire Police,,,No location,,,Investigation complete; no suspect identified
846a7e3b7431510846d78aa49ad0bdf95edcb3d4df8665a3ffb7d542cc4a757e,2021-10,Staffordshire Police,Staffordshire Police,-2.186063,53.003089,On or near LONDON ROAD,E01014345,Stoke-on-Trent 019E,Investigation complete; no suspect identified
13c7829c407799446f6812642b20ee9263dbe6c98796d8d8659097d6b3d2f195,2021-10,Staffordshire Police,Staffordshire Police,-1.624476,52.783941,On or near BRACKENWOOD ROAD,E01029449,East Staffordshire 014A,Investigation complete; no suspect identified
9b72b0aeaa530ae6d77f9c3bc2eceabbb1f86c2321c2f94f46a3b6c47790801b,2021-10,Staffordshire Police,Staffordshire Police,-2.239675,53.037395,On or near TALKE ROAD,E01029558,Newcastle-under-Lyme 006E,Unable to prosecute suspect
448680fbd4067b68a7223eceb79113ea366c3652e9f0eaec2b339d1f885d9f9f,2021-10,Staffordshire Police,Staffordshire Police,-1.678312,52.612675,On or near LYON DRIVE,E01029829,Tamworth 010A,Investigation complete; no suspect identified
9d52baa3814058b6238810fe5191749e67bedcfa0e5b0259c2772b9c7f3fed95,2021-10,Staffordshire Police,Staffordshire Police,-2.251810,52.854870,On or near GREENWAY,E01029698,Stafford 005D,Further action is not in the public interest
d8a0643abbdd220a56d0e3f404f93c365cae21c6b61894e5e82f1c75ebc8b5bb,2021-10,Staffordshire Police,Staffordshire Police,-2.195856,53.006957,On or near WEST AVENUE,E01014292,Stoke-on-Trent 018E,Unable to prosecute suspect
2643f10b46d1d222c3812e9726dc3a6b4fcffa119db3fd142513b5e35e42cbbb,2021-10,Staffordshire Police,Staffordshire Police,-1.960176,52.998995,On or near LOCKWOOD ROAD,E01029782,Staffordshire Moorlands 010B,Unable to prosecute suspect
825726924f072b62166fe0d747b8edf04f5c938e6656c73a5650262193b296db,2021-10,Staffordshire Police,Staffordshire Police,-2.221785,52.992151,On or near BEDFORD CRESCENT,E01029549,Newcastle-under-Lyme 014A,Unable to prosecute suspect
43a2180084391754b1d7a68311aff2b3c9c5243d348981759add7570c3552ddf,2021-10,Staffordshire Police,Staffordshire Police,-2.199701,53.068131,On or near BENSON STREET,E01014241,Stoke-on-Trent 006A,Further investigation is not in the public interest
77a15bbe389341df04fc5a0734a24f7604d9c1ed230953568905116a5b266749,2021-10,Staffordshire Police,Staffordshire Police,-2.194004,53.075763,On or near LOWHURST DRIVE,E01014260,Stoke-on-Trent 001D,Investigation complete; no suspect identified
fbfb0e4950dd577a662ff9e59328889132121585028d1a490e7ecfb64215ff91,2021-10,Staffordshire Police,Staffordshire Police,-1.931782,52.691194,On or near THE CRESCENT,E01029487,Lichfield 006A,Further investigation is not in the public interest
b66efe0fad49d27d928affff55bc6febe681ea34d51e34695c060b1a628fb89d,2021-10,Staffordshire Police,Staffordshire Police,-2.048832,53.052315,On or near FOLLY FIELDS,E01029794,Staffordshire Moorlands 009C,Unable to prosecute suspect
44fbff065ba2ed35395064ff9455aeb14e644e7f39a7fc13cf8de228dd8ce0e7,2021-10,Staffordshire Police,Staffordshire Police,-2.029058,52.667774,On or near HAYES VIEW DRIVE,E01029622,South Staffordshire 004B,Investigation complete; no suspect identified
bde4243a24dd311cf7e589d3466ac783a8c7e01cd6eebacc12874ff2b038e657,2021-10,Staffordshire Police,Staffordshire Police,-2.010581,53.111688,On or near NOVI LANE,E01029808,Staffordshire Moorlands 001C,Unable to prosecute suspect
57372981fe3ef8cc278a424e57b7e4c15e6a419cec5dd874381599ea7f9a565c,2021-10,Staffordshire Police,Staffordshire Police,-2.015703,52.661636,On or near JOHNS LANE,E01029644,South Staffordshire 005E,Unable to prosecute suspect
91302cc10ba0b4624dcd9bbaa5e47b778b190ffdc77da0e30b06d97985f40914,2021-10,Staffordshire Police,Staffordshire Police,-2.185775,53.019279,On or near GARFIELD STREET,E01014286,Stoke-on-Trent 015C,Investigation complete; no suspect identified
210b7827518a3b7229da5365f60f727716481180fa0cee61bab76d9fa39da717,2021-10,Staffordshire Police,Staffordshire Police,-2.113339,52.791024,On or near MAPLE GROVE,E01029727,Stafford 013D,Unable to prosecute suspect
afa4736a24808d3d980b11fd3eae646aa37c23e271d51d2ab5f33f8e281b2ec8,2021-10,Staffordshire Police,Staffordshire Police,-2.258733,53.069536,On or near ANNE COURT,E01029597,Newcastle-under-Lyme 003F,Unable to prosecute suspect
b481b1ef90ca7eb67084c70f9e2ddb123144df514fcb418f4de09db4e52be964,2021-10,Staffordshire Police,Staffordshire Police,-2.202232,53.044620,On or near BLAKE STREET,E01014251,Stoke-on-Trent 009C,Investigation complete; no suspect identified
7e4f069491a78c189df8a703eb06df4e4665b42cb6e0bccc55d649264480461f,2021-10,Staffordshire Police,Staffordshire Police,-2.209998,53.061973,On or near MEIR STREET,E01014355,Stoke-on-Trent 005B,Unable to prosecute suspect
fa9efefc12c77d0db4374355cd961e0135488ddc421d77aeb4a1aedacf9a7b46,2021-10,Staffordshire Police,Staffordshire Police,-2.133798,52.823131,On or near Sports/Recreation Area,E01029721,Stafford 007C,Investigation complete; no suspect identified
b9af23788c8b5254dd172f84ec529f97b77cf874c979da9a8b4dc3181a8fe823,2021-10,Staffordshire Police,Staffordshire Police,-2.210580,53.071195,On or near RUSSELL PLACE,E01014360,Stoke-on-Trent 002D,Unable to prosecute suspect
4a7009a8f80e1f60d73487321ab2b7316c7938f3c3b824ff4cc3559d64be1504,2021-10,Staffordshire Police,Staffordshire Police,-1.712904,52.612036,On or near Theme/Adventure Park,E01029503,Lichfield 012C,Unable to prosecute suspect
e9f2db4b95fd23eef2bfa6e7ac0144738248c66139cd3c1dd76c4185e137442a,2021-10,Staffordshire Police,Staffordshire Police,-2.220080,53.014187,On or near NORTHCOTE PLACE,E01029578,Newcastle-under-Lyme 011B,Suspect charged
3750d56814f7387d6de2ef03389b0e5d14831d398789bd11c8b95760a3bff57e,2021-10,Staffordshire Police,Staffordshire Police,-2.220080,53.014187,On or near NORTHCOTE PLACE,E01029578,Newcastle-under-Lyme 011B,Suspect charged
895a6f69a4ddf8bec527e8154b78d43803e9762a54caada7c5c79bfe0c6109e4,2021-10,Staffordshire Police,Staffordshire Police,-2.220080,53.014187,On or near NORTHCOTE PLACE,E01029578,Newcastle-under-Lyme 011B,Suspect charged
2148393ff6346b4993e6b9f002cb2602d84a10c062b468c6f7f310cc6e7cea54,2021-10,Staffordshire Police,Staffordshire Police,-2.114466,52.785360,On or near Supermarket,E01029729,Stafford 016B,Unable to prosecute suspect
568da4278fb45ffe2a53b4e7641ae2e11bea2643727348f6d99ccd1d4ebec756,2021-10,Staffordshire Police,Staffordshire Police,-2.209408,53.001846,On or near GRINDLEY HILL COURT,E01014294,Stoke-on-Trent 018F,Suspect charged
f93bc99e779f1281657fe48441c45c4f03ba1600a03b5f10966cc77b1c61b9f8,2021-10,Staffordshire Police,Staffordshire Police,-2.209408,53.001846,On or near GRINDLEY HILL COURT,E01014294,Stoke-on-Trent 018F,Suspect charged
f0fac3b8ff3cbba1365f9590259df149a0be6f88d6f2110d44c7e57f8569a1bd,2021-10,Staffordshire Police,Staffordshire Police,-2.209408,53.001846,On or near GRINDLEY HILL COURT,E01014294,Stoke-on-Trent 018F,Suspect charged
10d1e553ff5d7de26c017a67d648e8a5debf96f74b0b2354ce098a31dda5e185,2021-10,Staffordshire Police,Staffordshire Police,-2.209408,53.001846,On or near GRINDLEY HILL COURT,E01014294,Stoke-on-Trent 018F,Suspect charged
e35f3268483279ac9ca14b064c822c50bbdf0a72189278b2d9dc4915a17844dc,2021-10,Staffordshire Police,Staffordshire Police,-2.209408,53.001846,On or near GRINDLEY HILL COURT,E01014294,Stoke-on-Trent 018F,Suspect charged
c46c3946474c6d12c25944b2f7059f8ffe5d1124d8e4a0d9509d71120661f8a1,2021-10,Staffordshire Police,Staffordshire Police,-2.152523,52.995532,On or near MILFORD STREET,E01014274,Stoke-on-Trent 020A,Unable to prosecute suspect
7d2202fe08ab24751760742a41a221d6f4bc02fd50b844a44020157494d8ea9a,2021-10,Staffordshire Police,Staffordshire Police,-2.028672,52.687021,On or near HALLCOURT LANE,E01029360,Cannock Chase 012B,Unable to prosecute suspect
8f65bd98b2e05089b93b1f4afcebc58a8ff48d1aea3b20fbfd9d00e70d9e0ba1,2021-10,Staffordshire Police,Staffordshire Police,-1.636105,52.801219,On or near ORCHARD STREET,E01032896,East Staffordshire 011F,Unable to prosecute suspect
f0226711ad783162e9a2003040d761b241dfc1216466594c4f6746a413eeb557,2021-10,Staffordshire Police,Staffordshire Police,-1.735660,52.641899,On or near TWO TREES CLOSE,E01029517,Lichfield 008B,Action to be taken by another organisation
15321820251f955d2effdc9605f427738c04edc6a9f4b140221b6e56f36afcfc,2021-10,Staffordshire Police,Staffordshire Police,-1.971274,52.707400,On or near BEAUDESERT VIEW,E01029399,Cannock Chase 006C,Investigation complete; no suspect identified
eaf61ffb982ba38be818d6332770332a397d7af68665572cba34790785de98b5,2021-10,Staffordshire Police,Staffordshire Police,-1.635872,52.813120,On or near HORNINGLOW STREET,E01029426,East Staffordshire 008A,Investigation complete; no suspect identified
84936c0dae310dfac4d050663ee8aba6066a74551c5f6f8a6c10e8f88d711778,2021-10,Staffordshire Police,Staffordshire Police,-2.209998,53.061973,On or near MEIR STREET,E01014355,Stoke-on-Trent 005B,Unable to prosecute suspect
84936c0dae310dfac4d050663ee8aba6066a74551c5f6f8a6c10e8f88d711778,2021-10,Staffordshire Police,Staffordshire Police,-2.209998,53.061973,On or near MEIR STREET,E01014355,Stoke-on-Trent 005B,Unable to prosecute suspect
5fce184cd7a92eeef1fa0ce02954463e4d6d045b717b12d2e6f96e635ee5d15d,2021-10,Staffordshire Police,Staffordshire Police,-2.001704,52.709543,On or near Parking Area,E01029389,Cannock Chase 005D,Investigation complete; no suspect identified
dbb53c311aba18291a9060392cbbbbec12fc3514d8933d774f43e095e66911a2,2021-10,Staffordshire Police,Staffordshire Police,-2.221399,53.032954,On or near WOODLAND AVENUE,E01029610,Newcastle-under-Lyme 009D,Investigation complete; no suspect identified
b00164b878c85c750c78cc751221040abc87ae4736ae73cc9cb3fe6bbeec27d1,2021-10,Staffordshire Police,Staffordshire Police,-2.120209,53.012307,On or near LOWTHORPE WAY,E01014223,Stoke-on-Trent 017D,Local resolution
29cf4d7d64effa92da6abdc60c633ecb7965cf243dea855007830d1866e19f20,2021-10,Staffordshire Police,Staffordshire Police,-2.192404,53.028195,On or near RIDGEHOUSE DRIVE,E01014285,Stoke-on-Trent 015B,Suspect charged
ab9ae02388eec78dd275e9219eb9d0596c948b2438fb4052ad0ccf3498d661ca,2021-10,Staffordshire Police,Staffordshire Police,-1.837919,52.688092,On or near BEACON STREET,E01029491,Lichfield 007A,Further action is not in the public interest
05e24ad85fc2df4433a546570a6ecc5c11f126ae244ad779fb29834359bfcc38,2021-10,Staffordshire Police,Staffordshire Police,-2.174928,53.016842,On or near THE PARKWAY,E01014287,Stoke-on-Trent 015D,Investigation complete; no suspect identified
182fcc4eea326153634ca1dae8c49feba2ea58eb10e1e3c038fcfdb7c85460d1,2021-10,Staffordshire Police,Staffordshire Police,-1.675058,52.627346,On or near STRETTON STREET,E01029830,Tamworth 006E,Unable to prosecute suspect
760466e3d03b5d6ed3100317cb2dcea6f6d4681920ddaf859e4581f392c9753d,2021-10,Staffordshire Police,Staffordshire Police,-2.226915,53.010003,On or near FRIARS' STREET,E01029604,Newcastle-under-Lyme 011E,Investigation complete; no suspect identified
abd2e4fdd1fde1689b59bcf736c997b1d5850b8c6973d865aa0a2145c7f1e68a,2021-10,Staffordshire Police,Staffordshire Police,-2.207428,52.478890,On or near GREENSFORGE LANE,E01029651,South Staffordshire 014C,Investigation complete; no suspect identified
1475ac4b8f09e60b8fff552f76ffc209db34363fa2e61a5a5bc82650dabb4aba,2021-10,Staffordshire Police,Staffordshire Police,-1.639097,52.814209,On or near BLAKEHOLME COURT,E01029426,East Staffordshire 008A,Investigation complete; no suspect identified
231f2de2c90e04345a654a16119037aa49691d70b81296a54d123c942dc8d43c,2021-10,Staffordshire Police,Staffordshire Police,-2.163391,53.005199,On or near DEWSBURY ROAD,E01014275,Stoke-on-Trent 020B,Investigation complete; no suspect identified
c9cd9e939b6604e3028ec3eca4f49b7f5f6970152d878492839c03a894e228e3,2021-10,Staffordshire Police,Staffordshire Police,-1.985494,52.990973,On or near HARBORNE ROAD,E01029782,Staffordshire Moorlands 010B,Formal action is not in the public interest
3d6d626d8ff5f54e0283736d68706cb67250330548ce2dec47158cc6c2ff4dac,2021-10,Staffordshire Police,Staffordshire Police,-1.982686,52.667354,On or near JACKSON CLOSE,E01029395,Cannock Chase 013B,Investigation complete; no suspect identified
53e1129d30a2efa729042babcad6bb1b45734e2519349d71b38c95efb59ae65a,2021-10,Staffordshire Police,Staffordshire Police,-1.628102,52.786478,On or near LONG STREET,E01029449,East Staffordshire 014A,Action to be taken by another organisation
c60313f769cbc9a85f1ea076152bb16a8daaab73fbc71c0377e39e61bad12bc5,2021-10,Staffordshire Police,Staffordshire Police,-1.821687,52.685093,On or near Supermarket,E01029526,Lichfield 004E,Investigation complete; no suspect identified
8ddc3f5caa85026b7b6721fda2acafac7b53936ab2ca6ad7ca241f5059f8ddea,2021-10,Staffordshire Police,Staffordshire Police,-2.168740,53.024024,On or near WELLINGTON STREET,E01014231,Stoke-on-Trent 016B,Unable to prosecute suspect
58d642799617db4bfd9d7284dfa58d7dee0cd2d36602e4a93be1c8808f135f27,2021-10,Staffordshire Police,Staffordshire Police,-2.177415,53.027185,On or near NEW HALL STREET,E01014287,Stoke-on-Trent 015D,Investigation complete; no suspect identified
41fbc12b848b813253180c643865fe88123fa9ebd2254b73be3a2c8c6427888c,2021-10,Staffordshire Police,Staffordshire Police,-2.177415,53.027185,On or near NEW HALL STREET,E01014287,Stoke-on-Trent 015D,Investigation complete; no suspect identified
95f0b6628dab15a68d12f3ed760824124e34d39c8a7a5f7c1ac12f1e3670ddbd,2021-10,Staffordshire Police,Staffordshire Police,-2.221785,52.992151,On or near BEDFORD CRESCENT,E01029549,Newcastle-under-Lyme 014A,Unable to prosecute suspect
2bdc29b99c79b2a97ef11c69f6b7800ed4a6d6ab2b88057016d32e0062ed1d9d,2021-10,Staffordshire Police,Staffordshire Police,-1.693384,52.632645,On or near Shopping Area,E01029835,Tamworth 002A,Investigation complete; no suspect identified
60a3a94f24324eb0cff3d5a7d15b48f844a6c84e4876239b3c47aefebba90471,2021-10,Staffordshire Police,Staffordshire Police,-1.962472,52.667736,On or near BLENHEIM ROAD,E01029397,Cannock Chase 013D,Unable to prosecute suspect
a3897e176eb6ef1050666b1b3ffc13c7dd5d42d0ec7ff01f2aa53c852e7964c3,2021-10,Staffordshire Police,Staffordshire Police,-1.632558,52.808427,On or near HORNINGLOW STREET,E01032897,East Staffordshire 011G,Unable to prosecute suspect
015751a74177b516ead61dacc0fa64f84fd169f47a3699076fbe937fa0ac64c6,2021-10,Staffordshire Police,Staffordshire Police,-1.630343,52.803718,On or near Parking Area,E01032896,East Staffordshire 011F,Unable to prosecute suspect
0b268d5a68bfa95e3530b48660d47fc97ff17d8e3dfe41e44768b11666af3aef,2021-10,Staffordshire Police,Staffordshire Police,-2.180510,53.000824,On or near MACLAGAN STREET,E01014345,Stoke-on-Trent 019E,Suspect charged
3e85e624f556dad7172017713ce6a4de197c5a88342ec76f8e586a68a9b474aa,2021-10,Staffordshire Police,Staffordshire Police,-1.776044,52.712425,On or near SHAW DRIVE,E01029479,Lichfield 002C,Local resolution
143bd6238ac51b873f39d907274aa982aa74b0801f6561119dbd68263d29256c,2021-10,Staffordshire Police,Staffordshire Police,-2.177117,53.023580,On or near ALBION STREET,E01014287,Stoke-on-Trent 015D,Unable to prosecute suspect
d0035677abadb1b1d5b6ceaac4e02bfe0dc4555e04f5b7058cc81bff9f4b29ca,2021-10,Staffordshire Police,Staffordshire Police,-1.832116,52.696705,On or near FRANCIS ROAD,E01029499,Lichfield 004B,Unable to prosecute suspect
b1ee3ee9459492d42e591712246ed84e4a5a38c9c7dd96580787293643a47fc6,2021-10,Staffordshire Police,Staffordshire Police,-1.670310,52.633959,On or near BRIDGE STREET,E01029823,Tamworth 004A,Investigation complete; no suspect identified
41824d1ecf45b0731063a2183e2c0d9a03b27b0bcc98fd2d76ba636686e9c118,2021-10,Staffordshire Police,Staffordshire Police,-1.840492,52.639452,On or near ASTON CLOSE,E01029522,Lichfield 011D,Further investigation is not in the public interest
2a3b2f07e9548fef2fdaa8403f9505dbcdbbc3a6deeb63881b322d2e3e8a38b8,2021-10,Staffordshire Police,Staffordshire Police,-2.210965,53.058232,On or near TOWER SQUARE,E01014355,Stoke-on-Trent 005B,Investigation complete; no suspect identified
0a90adc8a3be8e993ba486dfa2affbc311bb7a1491bab98a4e9973a0e4f6ef62,2021-10,Staffordshire Police,Staffordshire Police,-2.113339,52.791024,On or near MAPLE GROVE,E01029727,Stafford 013D,Unable to prosecute suspect
bf7923b3fbb13d1ceb3cd89867d88fc77fd1f59fdca50ba1b533855c74dbba06,2021-10,Staffordshire Police,Staffordshire Police,-2.174856,52.998980,On or near TITTERTON STREET,E01014276,Stoke-on-Trent 020C,Unable to prosecute suspect
40a299ecedae732bb862f4357dca02ae4469d3a7fd91b8efa120f64c96ce59fd,2021-10,Staffordshire Police,Staffordshire Police,-2.165979,53.112427,On or near SWALLOW WALK,E01029764,Staffordshire Moorlands 003B,Unable to prosecute suspect
24aecd382bca330ed23f21e9c5025c765777ecef37aeff37953775b7df129e7d,2021-10,Staffordshire Police,Staffordshire Police,-1.949791,52.765268,On or near GLENHAVEN,E01029401,Cannock Chase 002C,Unable to prosecute suspect
07fc448d1224656ad28ca0c6150d235fce2bf97b78cfe62c6c25a1d2bbaea7e9,2021-10,Staffordshire Police,Staffordshire Police,-2.143247,52.992937,On or near FOLEY PLACE,E01014273,Stoke-on-Trent 021A,Investigation complete; no suspect identified
2b15b0324a10ead0d7fe14d5ce8356e4a358771d15734bff84dc3ff52031aeff,2021-10,Staffordshire Police,Staffordshire Police,-2.149155,52.986619,On or near ANGLESEY DRIVE,E01014313,Stoke-on-Trent 027D,Unable to prosecute suspect
08fa8d8afd765bf005278154bd9a1ca35de7425206d13eb63b847362eddfc224,2021-10,Staffordshire Police,Staffordshire Police,-2.057858,52.630060,On or near THE GABLES,E01029634,South Staffordshire 007C,Further investigation is not in the public interest
95b63368c9338f71fa5fa6c64ab5b383447d0d3ac4fe58e54b805ceb47d8d1a9,2021-10,Staffordshire Police,Staffordshire Police,-1.881917,52.759143,On or near OAKLANDS CLOSE,E01029498,Lichfield 001D,Further investigation is not in the public interest
862dd15ecc57a4c9fd0b656df396249d631f1d27fb050ed54c1164edd08a9de1,2021-10,Staffordshire Police,Staffordshire Police,-2.180300,52.624480,On or near WOODSIDE GROVE,E01029615,South Staffordshire 008C,Investigation complete; no suspect identified
a35fea45061b14f1726e3fd3824e2cba6954d75672d099fe7632bff0e0b9a216,2021-10,Staffordshire Police,Staffordshire Police,-2.021172,52.718998,On or near PYE GREEN ROAD,E01029385,Cannock Chase 004B,Investigation complete; no suspect identified
08e85bf79deaa5ae7831b7804364d12eff37776aae98cc10564d5e37bb860159,2021-10,Staffordshire Police,Staffordshire Police,-1.643131,52.812648,On or near Supermarket,E01029447,East Staffordshire 009C,Unable to prosecute suspect
e506552ff2733cb7ab2cb64f70e2b255fa55ce5d054258e9bc244b9be00588db,2021-10,Staffordshire Police,Staffordshire Police,-2.218791,53.033363,On or near EMBERTON STREET,E01029609,Newcastle-under-Lyme 008D,Investigation complete; no suspect identified
495521bb60efbb4d4ee9a8e528c21307ac9f55fbdc7d77e1440c3ddfd53b3409,2021-10,Staffordshire Police,Staffordshire Police,-1.703707,52.646516,On or near BYRON ROAD,E01029849,Tamworth 002C,Unable to prosecute suspect
83b15579b34dd9d2af2a49964e26108b3d4e489ef515732a9dc9df7f53f87403,2021-10,Staffordshire Police,Staffordshire Police,-1.822256,52.686945,On or near STOWE STREET,E01029526,Lichfield 004E,Further investigation is not in the public interest
f90f7159d3444b135c9379e5caa9568af494cad695e5d73b3c67e8c29df02adb,2021-10,Staffordshire Police,Staffordshire Police,-2.201257,53.043525,On or near FURLONG PARADE,E01014251,Stoke-on-Trent 009C,Suspect charged as part of another case
57c5b500dcaa03c15c24fe2ba6589919c34467379352ebd734d7fde11cefdfea,2021-10,Staffordshire Police,Staffordshire Police,-2.240118,52.695267,On or near Hospital,E01029668,South Staffordshire 003C,Unable to prosecute suspect
26936b23586216443eafe486566ee3b710d026109e4de0527fe4d127d2c7b5e1,2021-10,Staffordshire Police,Staffordshire Police,-1.938301,52.673875,On or near ELUNDA GROVE,E01029497,Lichfield 006E,Unable to prosecute suspect
05c8cdc98cabeea21f926ca5b74b48c0571e0d8c4fdaa31efc3d8a2129298147,2021-10,Staffordshire Police,Staffordshire Police,-2.180510,53.000824,On or near MACLAGAN STREET,E01014345,Stoke-on-Trent 019E,Suspect charged
46f65d08161efa720c36b436c795565d48b7409f207a891617aef17f773c5add,2021-10,Staffordshire Police,Staffordshire Police,-2.018946,52.707142,On or near PRINCESS STREET,E01029350,Cannock Chase 008B,Investigation complete; no suspect identified
6eafc6651fcf16d79cfb2d545710f6897fa256799d06a9708265b9ab2f0eb287,2021-10,Staffordshire Police,Staffordshire Police,-2.145353,52.901442,On or near B5027,E01029745,Stafford 003C,Investigation complete; no suspect identified
8d7f3e5f8872359cae600fad52798d9921202df7d09986e7e07e87906bebd73a,2021-10,Staffordshire Police,Staffordshire Police,-2.177415,53.027185,On or near NEW HALL STREET,E01014287,Stoke-on-Trent 015D,Investigation complete; no suspect identified
65ecae05a69f25adc98a9dc753fe6059241d153fd305368ba535cad880e8577a,2021-10,Staffordshire Police,Staffordshire Police,-1.639097,52.814209,On or near BLAKEHOLME COURT,E01029426,East Staffordshire 008A,Investigation complete; no suspect identified
4452f31545303c88b50b10e9bea127a1c565c30f3f15cf897e753d5fb281412b,2021-10,Staffordshire Police,Staffordshire Police,-1.934725,52.761341,On or near Parking Area,E01029404,Cannock Chase 002E,Unable to prosecute suspect
e9d6e1ac257f5c4a10561f08e44bced5c10b903824271512d2723923f47f3e05,2021-10,Staffordshire Police,Staffordshire Police,-2.169381,53.031493,On or near DUNDAS STREET,E01014330,Stoke-on-Trent 013E,Unable to prosecute suspect
f01f658b18db55f703d236f3499f01474540d2c8fd22122498865b9222817a42,2021-10,Staffordshire Police,Staffordshire Police,-1.989691,53.133388,On or near A53,E01029797,Staffordshire Moorlands 001A,Unable to prosecute suspect
2effa0c5bb1b24f1190e6959aa590d38db18e8ed7eb3bd8e5c9d599c18b2879d,2021-10,Staffordshire Police,Staffordshire Police,-2.038673,52.704772,On or near HIGHLAND ROAD,E01029648,South Staffordshire 002D,Further investigation is not in the public interest
646c7ace9c76d5efb9408599dcfde17e32b6a2181ddd2dd559a893b518c0a2f9,2021-10,Staffordshire Police,Staffordshire Police,-1.698753,52.614643,On or near A4091,E01029504,Lichfield 012D,Investigation complete; no suspect identified
b624d8f63fa0c82657a733d9971f50fb3e2f6877112d5568d8a084983378e96a,2021-10,Staffordshire Police,Staffordshire Police,-1.885799,52.906645,On or near HAMILTON AVENUE,E01029431,East Staffordshire 002B,Investigation complete; no suspect identified
7a27aba8b5221b40cb4c5d6f9ee64c65af4aae15f8435fe3353efe9b9eac12d9,2021-10,Staffordshire Police,Staffordshire Police,-2.246917,53.002457,On or near OSTEND PLACE,E01029601,Newcastle-under-Lyme 015E,Investigation complete; no suspect identified
532bd136771dd4821eb2ee1051ec32d090bd63244d154b8f0f32be859173f009,2021-10,Staffordshire Police,Staffordshire Police,-1.683500,52.812672,On or near HENHURST HILL,E01029417,East Staffordshire 013E,Unable to prosecute suspect
8ff309807fa6cc890dc3a74f38e4a507705a6f1cd9866c5679614d08e2f62f41,2021-10,Staffordshire Police,Staffordshire Police,-1.635070,52.786617,On or near HUNTINGDON ROAD,E01029450,East Staffordshire 014B,Unable to prosecute suspect
54e71aed4ad81a1a84bed978519fccb0768341f0fb88e3865afcdeeb9f568e0a,2021-10,Staffordshire Police,Staffordshire Police,-1.745151,52.732877,On or near EXCHANGE ROAD,E01029477,Lichfield 002A,Investigation complete; no suspect identified
522a0695a3d20ffdbc0657fc04110ac110b5b18d8f7ee9fb2e6f05a42c0a5085,2021-10,Staffordshire Police,Staffordshire Police,-1.943686,52.753183,On or near GOLDEN CLOSE,E01029373,Cannock Chase 002B,Unable to prosecute suspect
7cbe22f74c12fbe43c74615890fefd9bf356906311c51b9b7c5e94077494fe4b,2021-10,Staffordshire Police,Staffordshire Police,-1.778972,52.874097,On or near Park/Open Space,E01029425,East Staffordshire 006D,Unable to prosecute suspect
0be9927d20364172f0bff8414418ed029fe81c94b83a409d6041de917b518e09,2021-10,Staffordshire Police,Staffordshire Police,-2.083109,52.816993,On or near WOLSELEY COURT,E01029732,Stafford 011E,Unable to prosecute suspect
8e893e3feefe522e680bee8c4e57b51024e82ceb882e45e896e13388f8cb4452,2021-10,Staffordshire Police,Staffordshire Police,-1.951833,52.768973,On or near CHEVIOT DRIVE,E01029371,Cannock Chase 001D,Unable to prosecute suspect
09f70875313e2345288d4195b58a1ce3c5a3ce0d9c8d85ecbef09ddd5b207de9,2021-10,Staffordshire Police,Staffordshire Police,-2.201128,53.025277,On or near FORGE LANE,E01014285,Stoke-on-Trent 015B,Unable to prosecute suspect
de4792750722c332b5fe9aa32dc3b5e9bb98730e18f68b9abe92f2240fa0eaef,2021-10,Staffordshire Police,Staffordshire Police,-2.161042,52.970567,On or near NETLEY PLACE,E01014237,Stoke-on-Trent 032C,Unable to prosecute suspect
412d63f9cb00def77cbf2750cde4defb85e647a2ac61ee266beebd56d3c22b57,2021-10,Staffordshire Police,Staffordshire Police,-1.934845,52.760712,On or near Supermarket,E01029404,Cannock Chase 002E,Unable to prosecute suspect
bc8f93a6555652af00b24882e59594dc346f7799e5fbb40e608d42504496a8ee,2021-10,Staffordshire Police,Staffordshire Police,-2.117744,52.796521,On or near PARK CRESCENT,E01029738,Stafford 012D,Investigation complete; no suspect identified
1214261d5eb530cdd9a77dfab217aa762b6652d01dab1e3f107ba8848422cd80,2021-10,Staffordshire Police,Staffordshire Police,-2.198149,53.045454,On or near MARKET PLACE,E01014251,Stoke-on-Trent 009C,Offender given a caution
dddf9ff1815778446af2e44b2300ed26dbeca49359247981d06b622133645688,2021-10,Staffordshire Police,Staffordshire Police,-2.116673,52.801098,On or near FRIARS' TERRACE,E01029701,Stafford 010E,Investigation complete; no suspect identified
dd400469f06316e62a04c88d52ca00523e7e987f94e8f2e8c783b71c3f77ee4c,2021-10,Staffordshire Police,Staffordshire Police,-2.171125,53.053919,On or near CHELL HEATH ROAD,E01014246,Stoke-on-Trent 008A,Investigation complete; no suspect identified
b5ea65b4579c32a2504af5daa3d932051a5c662e562910bf7ee0e43c66182b31,2021-10,Staffordshire Police,Staffordshire Police,-2.175221,53.011879,On or near RIDGWAY ROAD,E01014282,Stoke-on-Trent 016D,Investigation complete; no suspect identified
7bf3ca653543307b34789f6ba22d7f3061fd6552c82b191be33480f6bd360487,2021-10,Staffordshire Police,Staffordshire Police,-1.688675,52.619544,On or near BROADSMEATH,E01029827,Tamworth 006C,Unable to prosecute suspect
aec85917fb56c9900dea969793ed00493789b23aff362cb7933f6e681f3d55b2,2021-10,Staffordshire Police,Staffordshire Police,,,No location,,,Further action is not in the public interest
afbb300bb50d5a6dbf8aab16629605f59cc63774ea68fa7045e691c7e0ed81b5,2021-10,Staffordshire Police,Staffordshire Police,-2.226757,53.011118,On or near Shopping Area,E01029604,Newcastle-under-Lyme 011E,Local resolution
5ff753d9d709a5c2447d409c1b9dbb214e28b69d5bd8dcddffec5024566daefa,2021-10,Staffordshire Police,Staffordshire Police,-2.272087,52.748902,On or near CHURCH EATON ROAD,E01029688,Stafford 015A,Unable to prosecute suspect
8b4c32a7af3c532e453072588b6f909984806e18f0bb5d71c6652e0299b1f753,2021-10,Staffordshire Police,Staffordshire Police,-2.368859,53.032660,On or near COURT WALK,E01029557,Newcastle-under-Lyme 013A,Action to be taken by another organisation
5303fa5f91cffa4e6700261dcd39e09789defc54e76c38df053b317beb6a90cd,2021-10,Staffordshire Police,Staffordshire Police,-2.057477,52.968847,On or near BLYTHE MOUNT PARK,E01029798,Staffordshire Moorlands 012C,Investigation complete; no suspect identified
af3b7d168496c6a8a285b7ec245e17fb9995a78d2085bd63cf1dcf78c88ce699,2021-10,Staffordshire Police,Staffordshire Police,-1.687541,52.855473,On or near NORMAN KEEP,E01029465,East Staffordshire 004E,Unable to prosecute suspect
450c8875650f004873a1b5356bf0e412031681fbd1575b8547573899796d7ae2,2021-10,Staffordshire Police,Staffordshire Police,-1.690764,52.645862,On or near BOROUGH ROAD,E01029853,Tamworth 001E,Unable to prosecute suspect
93728ab77f1222ba62df9bb0ebc2428344083c5897d0f61d300450d25a68e2eb,2021-10,Staffordshire Police,Staffordshire Police,-1.869616,52.898781,On or near NEW STREET,E01029462,East Staffordshire 003D,Unable to prosecute suspect
d7162263a5922b8f55c320d78ca652bce6ba1a768d1f8e71aee3ca61ec671e63,2021-10,Staffordshire Police,Staffordshire Police,-1.967378,52.671369,On or near NEWBURY ROAD,E01029397,Cannock Chase 013D,Unable to prosecute suspect
f3314cc20e71ecd4896be4aedc8ecbf4d56279dfae217476df9851bb704961fc,2021-10,Staffordshire Police,Staffordshire Police,-2.073923,52.598479,On or near WADDENS BROOK LANE,E01010564,Wolverhampton 012C,Action to be taken by another organisation
861c38b3aa66778127e4eb39ef9821a5193e5f73138512ae49fd67db2f6f4a82,2021-10,Staffordshire Police,Staffordshire Police,-2.012792,53.111059,On or near MILNER TERRACE,E01029808,Staffordshire Moorlands 001C,Action to be taken by another organisation
a6e703bcb700b96c9abcd7b4ec3137be5a8306d29c1f6a069299d9ec82dd777e,2021-10,Staffordshire Police,Staffordshire Police,-2.090807,52.978894,On or near DENEWOOD PLACE,E01014367,Stoke-on-Trent 028C,Investigation complete; no suspect identified
1b39e0bb831da7b3d7131072a46ab7ee2e88ec839ec6a06043ac610f3b847dd7,2021-10,Staffordshire Police,Staffordshire Police,-2.135084,52.988380,On or near Supermarket,E01014302,Stoke-on-Trent 022D,Formal action is not in the public interest
8f39f4f5bf9ff266a2e5542c122a70205f71796a2d01dc77484a78b1d3131b1f,2021-10,Staffordshire Police,Staffordshire Police,,,No location,,,Unable to prosecute suspect
27e9a8086f6086f0011d696cb839b0dd55e7477bcb998a80f22b8548bf3326e0,2021-10,Staffordshire Police,Staffordshire Police,-1.620216,52.793052,On or near STANTON ROAD,E01029451,East Staffordshire 014C,Unable to prosecute suspect
f469c45b3ce8bad3fd2b608b95e220dfdb7b3b7c4a2de142452d0bf5f39097f7,2021-10,Staffordshire Police,Staffordshire Police,-2.217617,53.060791,On or near BROOMHILL STREET,E01014354,Stoke-on-Trent 005A,Unable to prosecute suspect
74bf419736ede2ad4642334eb46e41d3aee6cac2bd5858135ebe0296328dc9e5,2021-10,Staffordshire Police,Staffordshire Police,-1.629251,52.803050,On or near Nightclub,E01032896,East Staffordshire 011F,Investigation complete; no suspect identified
cc5f38de307be1316ef27edaa7359c95a1c2b5e23f17e3d65ca5536f2698789b,2021-10,Staffordshire Police,Staffordshire Police,-1.846647,52.692418,On or near KEAN CLOSE,E01029511,Lichfield 007B,Further action is not in the public interest
074444322182f69373347fae3e0f9e228cbb59d2f75979214c117317cad9a29b,2021-10,Staffordshire Police,Staffordshire Police,-2.201906,53.045142,On or near SPENS STREET,E01014251,Stoke-on-Trent 009C,Investigation complete; no suspect identified
ecd291fe3f6a7f50028aa5321e28f712c46684600936fe15f8ece2f4fd3b4e3a,2021-10,Staffordshire Police,Staffordshire Police,-2.011485,52.699411,On or near BUTTERMERE CLOSE,E01029351,Cannock Chase 008C,Offender given a caution
238a2093e08653d8e2a2cafba297a1fd422fd480e9c9509954f45f31bbb46f7c,2021-10,Staffordshire Police,Staffordshire Police,-1.729358,52.618907,On or near FRENCH AVENUE,E01029502,Lichfield 012B,Further action is not in the public interest
dadd9f5b7479e145e26bb0347499f78d4e7650a9691b877dae4f71a2df3b0ac4,2021-10,Staffordshire Police,Staffordshire Police,-1.622619,52.818751,On or near WETMORE LANE,E01032897,East Staffordshire 011G,Further action is not in the public interest
5c8c4b68bfd63dd909dbb2a78deb887fbfd71066259dc28b52d7c085980fb088,2021-10,Staffordshire Police,Staffordshire Police,-1.949791,52.765268,On or near GLENHAVEN,E01029401,Cannock Chase 002C,Unable to prosecute suspect
0405efd0776c7a19cd701b621459f1c20d3090621054e7812fd6192381580cd0,2021-10,Staffordshire Police,Staffordshire Police,-1.645006,52.790036,On or near GRAHAM CLOSE,E01029414,East Staffordshire 013B,Unable to prosecute suspect
f5bcc3097617144dc54f07f8ad5478ce7353ff0362f29271ab6a4b2d95368c89,2021-10,Staffordshire Police,Staffordshire Police,-2.045905,53.063678,On or near ST EDWARD'S ROAD,E01029793,Staffordshire Moorlands 006B,Unable to prosecute suspect
0f8b7d9a28c2ef839f1b2267eefee232a165d1c17a55d5652938c039bc6d3fd8,2021-10,Staffordshire Police,Staffordshire Police,-2.116562,52.803849,On or near PILGRIM STREET,E01029701,Stafford 010E,Formal action is not in the public interest
5283b050bf7fc465452eb37852e19fc37e01a0d464fe4b12ccef73c6c7960683,2021-10,Staffordshire Police,Staffordshire Police,-2.088603,53.160367,On or near SUGAR STREET,E01029797,Staffordshire Moorlands 001A,Unable to prosecute suspect
a8fff1b784c18e26418cfe92c0dc8b99d353e64d6e5387a90537ca67a107bc61,2021-10,Staffordshire Police,Staffordshire Police,-2.206338,53.017529,On or near Nightclub,E01014291,Stoke-on-Trent 018D,Suspect charged
71b66bdb489ebe24807f72d04df4345e21833e829ee4bc270fe5dbadf44197d2,2021-10,Staffordshire Police,Staffordshire Police,-2.038187,52.707460,On or near FERN ROAD,E01029648,South Staffordshire 002D,Formal action is not in the public interest
4eff7a39a8f7b1843e6ea3fa8591eae19df41e87b98b673552d496bdb029ddfc,2021-10,Staffordshire Police,Staffordshire Police,-2.080252,52.813048,On or near WESTON ROAD,E01029732,Stafford 011E,Local resolution
0279be7402389c9dc8735dfca238ac9d25e8a8a680954de839762b6eb4ac16b7,2021-10,Staffordshire Police,Staffordshire Police,-2.178094,53.112247,On or near WEST STREET,E01029774,Staffordshire Moorlands 003E,Investigation complete; no suspect identified
92350b1c84bc3d85107d63fc4f0e9a5c924b5d9e84134fca3bc584fe5bbf731d,2021-10,Staffordshire Police,Staffordshire Police,-1.644128,52.612020,On or near MOSSDALE,E01029855,Tamworth 008A,Investigation complete; no suspect identified
904e374d2c955dc8274c469ddc4c6d56a9e7ee8fd10a7ecfa3a4b82c2e38fa98,2021-10,Staffordshire Police,Staffordshire Police,-1.645055,52.845996,On or near SCHOOL LANE,E01029443,East Staffordshire 004A,Local resolution
c6382e3082e0947ff946d3bea8b849f07bb13bdf6d80f9787d4b9bca5676d70f,2021-10,Staffordshire Police,Staffordshire Police,-2.188142,53.004812,On or near PUMP STREET,E01014345,Stoke-on-Trent 019E,Investigation complete; no suspect identified
ee5e739b3652697f76f9dd053c866a803b36134fd997ba7ed9f9e9278d423c69,2021-10,Staffordshire Police,Staffordshire Police,-2.277789,53.015864,On or near HIGH STREET,E01029593,Newcastle-under-Lyme 012B,Unable to prosecute suspect
59700e31bf14fd10f0188f24af193d92edfab0476185e21704bc355177c62924,2021-10,Staffordshire Police,Staffordshire Police,,,No location,,,Suspect charged
87a5351db58ad67021703cb78fde58b1937c4779c1df61e18f575554ea36da69,2021-10,Staffordshire Police,Staffordshire Police,,,No location,,,Suspect charged
a13661784cb29bf3a96ed4cc60d72e756b3870315908c5fcd6c8f055eba5ce19,2021-10,Staffordshire Police,Staffordshire Police,-2.217661,53.031046,On or near NELSON STREET,E01029612,Newcastle-under-Lyme 009E,Further action is not in the public interest
39b3f5e168f03f029bc750b45dfe16aeeb6b923a54ae0c72a5aacb26982a9dfc,2021-10,Staffordshire Police,Staffordshire Police,-2.051835,52.671299,On or near WOLVERHAMPTON ROAD,E01029621,South Staffordshire 002A,Unable to prosecute suspect
326f0af6ba87199e8cdb59a745b93a285b7bd58a6c0e3581be086106a4231107,2021-10,Staffordshire Police,Staffordshire Police,,,No location,,,Formal action is not in the public interest
f6a23c1dfeaa033a38eacbc25f7aec7c3441779eb126c8db0c7d002846912b75,2021-10,Staffordshire Police,Staffordshire Police,-2.115801,52.802322,On or near MIDDLE FRIARS,E01029701,Stafford 010E,Unable to prosecute suspect
9d52dda63ff1b66e03d843418c0a4a83d10a51435bcbdfa8385e7e49806ed5c0,2021-10,Staffordshire Police,Staffordshire Police,,,No location,,,Unable to prosecute suspect
160a707c9281b0f9c8d1a3c89135c5162d8d9c27a17d4b1bf22801dae1c2607c,2021-10,Staffordshire Police,Staffordshire Police,,,No location,,,Suspect charged
83271ae3dfbc940056dab7cf925e262e6bc7ba3b1053465d43d2e84c7d4f39ea,2021-10,Staffordshire Police,Staffordshire Police,-2.120535,52.813724,On or near FRIAR STREET,E01029691,Stafford 010B,Unable to prosecute suspect
bad69a75f494b76a0766d5e1fa0985d5bb74cebd39ea568d909bc6887b74e198,2021-10,Staffordshire Police,Staffordshire Police,-2.183343,53.001116,On or near LONSDALE STREET,E01014345,Stoke-on-Trent 019E,Investigation complete; no suspect identified
186caa39ed41a65448443305827a4c0f97619d78387eb0517659b50a9c93c330,2021-10,Staffordshire Police,Staffordshire Police,-2.139608,53.046912,On or near BARRATT GARDENS,E01014216,Stoke-on-Trent 007C,Unable to prosecute suspect
259730c9b955732e3b2ae21295cc5cdb1715acc8fd0438ac0f83610331361cc0,2021-10,Staffordshire Police,Staffordshire Police,-2.209280,53.003150,On or near HILTON ROAD,E01014294,Stoke-on-Trent 018F,Further action is not in the public interest
afa2ce5a13f15b9d2be5e8d35557de372723e70c380d73af274d082bb64476e5,2021-10,Staffordshire Police,Staffordshire Police,-2.139055,52.898447,On or near ASH ROAD,E01029740,Stafford 003A,Further action is not in the public interest
ab32d580f4957d9dc9ff7b2e6fb37f9301297245d8b119648bcbfc57a031ae50,2021-10,Staffordshire Police,Staffordshire Police,-1.911686,52.744750,On or near ARMITAGE LANE,E01029481,Lichfield 001B,Unable to prosecute suspect
256f55f1ff7ffa00d8a7145a7c4ea0eb5eb40e7014798d4c0f003155b3e3437e,2021-10,Staffordshire Police,Staffordshire Police,-2.011485,52.699411,On or near BUTTERMERE CLOSE,E01029351,Cannock Chase 008C,Offender given a caution
52233ea3b1d5acd9c126607a90648a85cdcc652efcdded2a414efa4fa162af7f,2021-10,Staffordshire Police,Staffordshire Police,-2.098683,52.964954,On or near COMFREY CLOSE,E01014320,Stoke-on-Trent 033D,Further action is not in the public interest
b5a6037de2720b150117519bf42c2acf92af0b723831ca2d03e63d956bffd0a5,2021-10,Staffordshire Police,Staffordshire Police,-2.198587,53.069427,On or near BROOKLAND ROAD,E01014241,Stoke-on-Trent 006A,Further investigation is not in the public interest
c6a881d2d1d1bd030f0168d39c056d1e6cd76541d0c50401698f6724eb4d1975,2021-10,Staffordshire Police,Staffordshire Police,-2.119827,52.804601,On or near Parking Area,E01029701,Stafford 010E,Unable to prosecute suspect
060b84843a585f1571f85da5476a4abd1d10b1fb68cb567186c904c1d839a112,2021-10,Staffordshire Police,Staffordshire Police,-2.011485,52.699411,On or near BUTTERMERE CLOSE,E01029351,Cannock Chase 008C,Offender given a caution
7e88e8aca0f27d83bce46f928b72e7eea3de463c94f55aec678efed7bbf2fcc2,2021-10,Staffordshire Police,Staffordshire Police,-2.011485,52.699411,On or near BUTTERMERE CLOSE,E01029351,Cannock Chase 008C,Offender given a caution
fc127d2dbc16003da448a4589af523fe320a789d61e56e7b517e8cb7e12690f3,2021-10,Staffordshire Police,Staffordshire Police,-2.011485,52.699411,On or near BUTTERMERE CLOSE,E01029351,Cannock Chase 008C,Offender given a caution
9dbc9939ea24eecba853092ec96421d5f55d22fbe9d04fea594859492f996dcb,2021-10,Staffordshire Police,Staffordshire Police,-2.179961,53.097763,On or near Petrol Station,E01029771,Staffordshire Moorlands 004B,Investigation complete; no suspect identified
f5d8341151a9698ad9439a93d78e52814a6c7b5e151ff097d80b78d501bf2a24,2021-10,Staffordshire Police,Staffordshire Police,-2.177807,53.024640,On or near Nightclub,E01014287,Stoke-on-Trent 015D,Investigation complete; no suspect identified
66bbe92c67f9b350a7b264bdcc95770ee5bb9c2368798654616e30a6077d118c,2021-10,Staffordshire Police,Staffordshire Police,-2.186249,53.077267,On or near BIDDULPH ROAD,E01014257,Stoke-on-Trent 001A,Unable to prosecute suspect
6665bca7a375932607df57eafc90fdfaa4c1e397aaaf280384ad42945b61a34b,2021-10,Staffordshire Police,Staffordshire Police,-2.187504,53.019232,On or near RECTORY STREET,E01014286,Stoke-on-Trent 015C,Unable to prosecute suspect
32981e69fa1fa8920c825937cc113a7d2730c3ce0b7f41b61b4860e6423bbf5b,2021-10,Staffordshire Police,Staffordshire Police,-1.987937,52.988448,On or near CROFT ROAD,E01029787,Staffordshire Moorlands 011D,Investigation complete; no suspect identified
6b131a37379310cde640a263758dfd1a3a6bb67483848c51efef92c4464c618d,2021-10,Staffordshire Police,Staffordshire Police,-1.946026,52.766228,On or near FERNWOOD DRIVE,E01029401,Cannock Chase 002C,Investigation complete; no suspect identified
cb4619bebfb74484e12047cc8cc575002cfca3ea096ce330460d279ec4a3ac00,2021-10,Staffordshire Police,Staffordshire Police,-2.105028,52.793980,On or near VAUBAN DRIVE,E01029734,Stafford 016C,Unable to prosecute suspect
9bf802760eb3756a2a0d60f48258b2082c060e7924c6dcb2e947df47bc0b1ddf,2021-10,Staffordshire Police,Staffordshire Police,-2.156160,53.000076,On or near ELLIOT ROAD,E01014274,Stoke-on-Trent 020A,Further action is not in the public interest
887ab86f6533619528c0d01b7513c8c473efd835c0537a5cf9231bafca966910,2021-10,Staffordshire Police,Staffordshire Police,-2.196944,53.046112,On or near WEDGWOOD STREET,E01014247,Stoke-on-Trent 009A,Suspect charged
3b9ca307f23aa4301084b1a34995a6ca8e67d8d1e3713d2c39bd085dacec8b5a,2021-10,Staffordshire Police,Staffordshire Police,-2.170659,53.053056,On or near SPARROW STREET,E01014268,Stoke-on-Trent 008C,Unable to prosecute suspect
0ddec55ccd265ae1ff26c7034f8560b5e858e7d6b735066a1c706aeea3260c39,2021-10,Staffordshire Police,Staffordshire Police,-2.024618,52.686725,On or near RAILWAY STREET,E01029360,Cannock Chase 012B,Investigation complete; no suspect identified
ebcf9095e68640989f22c78fa01aa1ad29c22d5089a1f3ee5085f1785f54c4da,2021-10,Staffordshire Police,Staffordshire Police,-2.058287,53.182184,On or near Park/Open Space,E01018670,Cheshire East 020D,Unable to prosecute suspect
3b1f972a5764131e47f2ac4d407a6425b58d378141a5cdfae39877f68e455deb,2021-10,Staffordshire Police,Staffordshire Police,-2.116405,52.817055,On or near PEEL TERRACE,E01029689,Stafford 010A,Investigation complete; no suspect identified
db234f76e9fe24148fd2c8c560e52f844d03c483a36644fdb4c83a5aafb1f825,2021-10,Staffordshire Police,Staffordshire Police,-2.200153,52.630552,On or near THE SQUARE,E01029627,South Staffordshire 008D,Further investigation is not in the public interest
fc7dd9a861f98829e2d01b3badf983860003d6c1ea9db1464814334be614c92c,2021-10,Staffordshire Police,Staffordshire Police,-2.187452,53.007105,On or near FLOYD STREET,E01014293,Stoke-on-Trent 019A,Unable to prosecute suspect
75b747ccb98b6657561aea7e38db09799ac3c3881203de1fabe7f8030d2e8c05,2021-10,Staffordshire Police,Staffordshire Police,-2.195962,52.595463,On or near LINGFIELD GROVE,E01029666,South Staffordshire 011C,Unable to prosecute suspect
14c526b7e1e789615d911bda2bd8a61d7d07b1fd1ffe0e6d63d280b22fa8029e,2021-10,Staffordshire Police,Staffordshire Police,-2.212790,53.050292,On or near SWAN GROVE,E01014356,Stoke-on-Trent 005C,Investigation complete; no suspect identified
43da3c1813ab0abeea783fe4634ed898cdddfd8a462139c2c4f7d231462fcd33,2021-10,Staffordshire Police,Staffordshire Police,-2.175320,53.010738,On or near DARNLEY STREET,E01014284,Stoke-on-Trent 016F,Unable to prosecute suspect
869a3d8c437231f5013f5688ecde3f1be7fea4165d886280fd72e5cba2495fbb,2021-10,Staffordshire Police,Staffordshire Police,-1.789460,52.717421,On or near GORSE LANE,E01029477,Lichfield 002A,Unable to prosecute suspect
364af91f0c77fafe7925ebdd5e542ac8cd1d8933920c925e8f70a2a2ee5dafaf,2021-10,Staffordshire Police,Staffordshire Police,-1.684290,52.621294,On or near BRIGHT CRESCENT,E01029827,Tamworth 006C,Further action is not in the public interest
27c81bdca58063fd0e25db2962426aa15ed0b3c0077d6852223c0f434c773eb6,2021-10,Staffordshire Police,Staffordshire Police,-2.215233,53.064535,On or near SMITH CHILD STREET,E01014361,Stoke-on-Trent 005D,Unable to prosecute suspect
164a2f90551af1718fe77485895223464dce67f756b3ef787fb2ac0624b94dd0,2021-10,Staffordshire Police,Staffordshire Police,-1.633855,52.816503,On or near GOODMAN STREET,E01029429,East Staffordshire 008D,Unable to prosecute suspect
c32bea9dacc3255fddcd19c2faabf3fbea657fa623e65ce6fc194dd944f6072a,2021-10,Staffordshire Police,Staffordshire Police,-1.626287,52.806196,On or near Parking Area,E01032896,East Staffordshire 011F,Unable to prosecute suspect
87100fc22af3bb037e8da11add47f9554f5fa05603eca69e56840bb4f453ec82,2021-10,Staffordshire Police,Staffordshire Police,-2.115674,53.027450,On or near BROOKHOUSE LANE,E01029819,Staffordshire Moorlands 009E,Investigation complete; no suspect identified
6fc7c443f80629356434f4965b3184d6f0d73764b91ffeaeeb9b8a0d2828568f,2021-10,Staffordshire Police,Staffordshire Police,-2.022095,53.104576,On or near Parking Area,E01029804,Staffordshire Moorlands 005A,Unable to prosecute suspect
dc05eed9ab9bdca00fa425a7ee9ce2bc2532ac91e490bd87d3520e77425ffd1d,2021-10,Staffordshire Police,Staffordshire Police,-2.168777,53.071558,On or near WHITLEY ROAD,E01014337,Stoke-on-Trent 004E,Investigation complete; no suspect identified
1af54800e35c597cbb4b48b548d6b1de019868494af9b8c82b2411f4a826a40c,2021-10,Staffordshire Police,Staffordshire Police,-1.626287,52.806196,On or near Parking Area,E01032896,East Staffordshire 011F,Offender given a caution
15a92f131bdbd86df47aadd2e2b47062aacead41ca1e3ece28ca4bfeba5ff98b,2021-10,Staffordshire Police,Staffordshire Police,-2.106602,52.788837,On or near Supermarket,E01029734,Stafford 016C,Investigation complete; no suspect identified
5b43b2ad33c7d20223f2a7e539adef25094ac23d3b2fc95c96c64810cae6d565,2021-10,Staffordshire Police,Staffordshire Police,-1.826944,52.683752,On or near CONDUIT STREET,E01029526,Lichfield 004E,Investigation complete; no suspect identified
83e8e1c607b69057a450c3e35c5864979582aa27efda0a18c35cffa82406431a,2021-10,Staffordshire Police,Staffordshire Police,-1.609779,53.835191,On or near FILLINGFIR ROAD,E01011686,Leeds 033E,Further investigation is not in the public interest
b8fc9fc170e2e5dc5d7595242279b1cfffe46aa2db14e8afd822b756e17b88eb,2021-10,Staffordshire Police,Staffordshire Police,-1.822335,52.696744,On or near SHEPHERD CLOSE,E01029499,Lichfield 004B,Investigation complete; no suspect identified
13614327b7970337459e28d1be1364e3dbfb59ebf395c8a7fb6f7296d1ff7e3c,2021-10,Staffordshire Police,Staffordshire Police,-2.011575,52.978524,On or near DRAYCOTT CROSS ROAD,E01029785,Staffordshire Moorlands 013B,Unable to prosecute suspect
8422bcd9f7eb3d871589ad56be89c83d00fed5b77d7688e91d72c4c660b0fc8d,2021-10,Staffordshire Police,Staffordshire Police,-2.122783,52.994803,On or near ST MARY'S ROAD,E01014300,Stoke-on-Trent 022C,Unable to prosecute suspect
32610b108763c3263a8dad9012ea499da3ce0e0af871786fe2916b82cf4e63b0,2021-10,Staffordshire Police,Staffordshire Police,-1.838983,52.949560,On or near RIVERSFIELD DRIVE,E01029423,East Staffordshire 001D,Unable to prosecute suspect
786d6f89b9ec9623a4a15dea4111007114a27ecdb684e5349a7bdca58c7ceeb8,2021-10,Staffordshire Police,Staffordshire Police,-1.677349,52.625114,On or near FURNESS,E01029833,Tamworth 005A,Unable to prosecute suspect
7f65824da3c2def2493ce7ea6128bb7f26495fe6e95c7262484355371ccf84c1,2021-10,Staffordshire Police,Staffordshire Police,-1.607640,52.796355,On or near SEFTON CLOSE,E01029419,East Staffordshire 012B,Unable to prosecute suspect
75ba87821e91f63b5daa8239680d154426d64ed751f384e09f2d9fef6699aea2,2021-10,Staffordshire Police,Staffordshire Police,-2.185967,53.043073,On or near OHIO GROVE,E01014249,Stoke-on-Trent 011A,Suspect charged
a13931dc071b9aa990a01422bb35684ed2aaae1cc689d9b896bab3352962c985,2021-10,Staffordshire Police,Staffordshire Police,-2.015093,52.692768,On or near MILL PARK,E01029353,Cannock Chase 011A,Investigation complete; no suspect identified
6a8179fa8b9f3a70c912d89f215d852a4dd15f3cc0d9e0610560e861029f9c1d,2021-10,Staffordshire Police,Staffordshire Police,-2.107003,52.650532,On or near OAKS DRIVE,E01029637,South Staffordshire 006D,Investigation complete; no suspect identified
bcc8f1e3485a8dc23053f49d300677b87255149f01a6b73a1b8ba181ba3e05be,2021-10,Staffordshire Police,Staffordshire Police,-2.058164,52.627040,On or near ST JOHNS ROAD,E01029633,South Staffordshire 007B,Investigation complete; no suspect identified
8ce8cb7badbdd0c0845045a1a045331199e770fb1e922ad90e123fa88728288f,2021-10,Staffordshire Police,Staffordshire Police,-2.134945,52.810221,On or near BAXTER GREEN,E01029750,Stafford 007D,Unable to prosecute suspect
c82d04e0e8bef21b93994ad2882b5a7fa67322b7272a5752af7f7ad5cc3a2efb,2021-10,Staffordshire Police,Staffordshire Police,-2.170288,53.038602,On or near ST ANDREWS CRESCENT,E01014253,Stoke-on-Trent 011B,Unable to prosecute suspect
6f6ed0f5a6c6b3f1d88788d4e75e870701282a4d6e86ed113326a7c2ba1b00e0,2021-10,Staffordshire Police,Staffordshire Police,-2.115807,52.804524,On or near BRIDGE STREET,E01029701,Stafford 010E,Investigation complete; no suspect identified
361de6648cf549cefa12d1b2b5acffb547574861f8e1ceb6a4a023ec219f0f4c,2021-10,Staffordshire Police,Staffordshire Police,-2.116156,52.779731,On or near CHESTNUT DRIVE,E01029726,Stafford 016A,Further action is not in the public interest
1488f3841fa3f0ae6e3dc06865d380a97cbb7b0aa02b113d28e0749f99ec27c2,2021-10,Staffordshire Police,Staffordshire Police,-2.017941,52.675237,On or near GEMINI DRIVE,E01029395,Cannock Chase 013B,Further action is not in the public interest
15ec1a3ce0bd1b754e5d91358af2d91f12747487648920070945378c03327a46,2021-10,Staffordshire Police,Staffordshire Police,-1.636018,52.818730,On or near Parking Area,E01029427,East Staffordshire 008B,Unable to prosecute suspect
2a77e756e868d2b6028c02dc9920bf57dbbc54f4297b16d0d5a28d044aa2fd2f,2021-10,Staffordshire Police,Staffordshire Police,-2.009799,52.704140,On or near CUMBERLAND ROAD,E01029351,Cannock Chase 008C,Unable to prosecute suspect
040c6f8b4a73577bff720964d68e1830d750379ad1ae5db59a0dec4c7f11c151,2021-10,Staffordshire Police,Staffordshire Police,-2.202045,52.889844,On or near GREENSIDE,E01029747,Stafford 005E,Local resolution
5691dd3960bdd2c54fb35a134a5f2b7941f2cfb90d43ad5e539ccbcaf42c2eeb,2021-10,Staffordshire Police,Staffordshire Police,-2.026957,52.713181,On or near LIMEPIT LANE,E01029357,Cannock Chase 007D,Unable to prosecute suspect
7f6055c3463b245cb2f5dab4ac3098c84320392e34881e0bee35fd8a31269671,2021-10,Staffordshire Police,Staffordshire Police,-2.198587,53.069427,On or near BROOKLAND ROAD,E01014241,Stoke-on-Trent 006A,Unable to prosecute suspect
a377239998d0dc70a749b12654e8b689ea1be89c134f130d8ece4d181275a873,2021-10,Staffordshire Police,Staffordshire Police,-2.178539,52.967297,On or near LINDUM AVENUE,E01014351,Stoke-on-Trent 034C,Unable to prosecute suspect
8de66603ddf6191163106558f8fde6b2ac4a9a3b1a3e0e53150ad3aea057c61b,2021-10,Staffordshire Police,Staffordshire Police,-1.654068,52.784282,On or near JACKLIN CLOSE,E01029414,East Staffordshire 013B,Unable to prosecute suspect
d9bc5b5b626b899f2f71a05b0a2b12ba2d084cbbae461f335291edab55aecd34,2021-10,Staffordshire Police,Staffordshire Police,-2.145621,53.021025,On or near HYNDLEY CLOSE,E01014219,Stoke-on-Trent 014B,Local resolution
6f45c2233894d774d910588a1207f0b583a49c9e7a8543f29406a05e72bf38d1,2021-10,Staffordshire Police,Staffordshire Police,-2.176218,53.117518,On or near Parking Area,E01029774,Staffordshire Moorlands 003E,Offender given a caution
c3a89a14918a301899f7688987cd3163ef2fb8d709ebf2ab1b565a7dcd91555a,2021-10,Staffordshire Police,Staffordshire Police,-2.209998,53.061973,On or near MEIR STREET,E01014355,Stoke-on-Trent 005B,Unable to prosecute suspect
acbb83e169b5fd880f500aaa65251ed745bae2046ce0b33d7e7d21c52e1146ea,2021-10,Staffordshire Police,Staffordshire Police,-2.209998,53.061973,On or near MEIR STREET,E01014355,Stoke-on-Trent 005B,Unable to prosecute suspect
9f42ab9efde9a7956a8830108cd5b45be0ccf73f91fb77bcd3306cf69dfaf2de,2021-10,Staffordshire Police,Staffordshire Police,-2.182463,53.018538,On or near WOOD TERRACE,E01014287,Stoke-on-Trent 015D,Unable to prosecute suspect
92726a95cf04e616268894dc15404fec0aa37a21aa4de2ec81f11a58020790ce,2021-10,Staffordshire Police,Staffordshire Police,-1.623483,52.794303,On or near Parking Area,E01029451,East Staffordshire 014C,Investigation complete; no suspect identified
71bd001f0c759afd7ae98bc363e6cedc8e343233c241fe6182e73e508e21de90,2021-10,Staffordshire Police,Staffordshire Police,-1.628534,52.814167,On or near HAWKINS LANE,E01032896,East Staffordshire 011F,Investigation complete; no suspect identified
94cad653f3a02b8cfbb8f6c2b885e070680a808f417318c13baf1372455c47fe,2021-10,Staffordshire Police,Staffordshire Police,-2.197153,53.056009,On or near SHERWIN ROAD,E01014244,Stoke-on-Trent 006D,Unable to prosecute suspect
cc39a142c8db2c8eb7b75928f5978c0344cf619b87aab895c2375452e01a78a0,2021-10,Staffordshire Police,Staffordshire Police,-2.115807,52.804524,On or near BRIDGE STREET,E01029701,Stafford 010E,Investigation complete; no suspect identified
ca2dd560d03bf2f24341382d48b333b1c50cafd8033ad273faae8e36c802f67f,2021-10,Staffordshire Police,Staffordshire Police,-1.833602,52.695106,On or near NEEDWOOD HILL,E01029492,Lichfield 004A,Unable to prosecute suspect
475350413794a08a0532c7b3fad3cecf6f15c968ba3410b7df27c1fccbfd21d4,2021-10,Staffordshire Police,Staffordshire Police,-2.135048,52.995931,On or near DUNSTER ROAD,E01014298,Stoke-on-Trent 022B,Unable to prosecute suspect
7906551022ce6b26ecd2fb469055fc625815156c93bbd47b91e3f8f6fa043295,2021-10,Staffordshire Police,Staffordshire Police,-1.927274,52.741803,On or near Parking Area,E01029348,Cannock Chase 003D,Unable to prosecute suspect
d863635de11ad97f62e8df1c37632f7d2e5e8aa36ca1be753fdf5fce3660d944,2021-10,Staffordshire Police,Staffordshire Police,-2.009799,52.704140,On or near CUMBERLAND ROAD,E01029351,Cannock Chase 008C,Unable to prosecute suspect
a8dd249d7cd709125b0887eb6041335e94a75bca39eaaa13ba0cc32dd8c16129,2021-10,Staffordshire Police,Staffordshire Police,-1.951412,52.760891,On or near BRAMBLE WAY,E01029369,Cannock Chase 001B,Unable to prosecute suspect
c4ed846f18955c9b698564112d6358b22bcf78d55ac03f430553fd2fd3627730,2021-10,Staffordshire Police,Staffordshire Police,-2.026338,53.106463,On or near Parking Area,E01029804,Staffordshire Moorlands 005A,Suspect charged
6aca080cbef607ab518b67f694f68180583571c0e15f736d137ddbefa8d0a3dc,2021-10,Staffordshire Police,Staffordshire Police,-2.186711,53.015053,On or near CEMETERY ROAD,E01014283,Stoke-on-Trent 016E,Unable to prosecute suspect
6aca080cbef607ab518b67f694f68180583571c0e15f736d137ddbefa8d0a3dc,2021-10,Staffordshire Police,Staffordshire Police,-2.186711,53.015053,On or near CEMETERY ROAD,E01014283,Stoke-on-Trent 016E,Unable to prosecute suspect
6aca080cbef607ab518b67f694f68180583571c0e15f736d137ddbefa8d0a3dc,2021-10,Staffordshire Police,Staffordshire Police,-2.186711,53.015053,On or near CEMETERY ROAD,E01014283,Stoke-on-Trent 016E,Unable to prosecute suspect
6aca080cbef607ab518b67f694f68180583571c0e15f736d137ddbefa8d0a3dc,2021-10,Staffordshire Police,Staffordshire Police,-2.186711,53.015053,On or near CEMETERY ROAD,E01014283,Stoke-on-Trent 016E,Unable to prosecute suspect
6aca080cbef607ab518b67f694f68180583571c0e15f736d137ddbefa8d0a3dc,2021-10,Staffordshire Police,Staffordshire Police,-2.186711,53.015053,On or near CEMETERY ROAD,E01014283,Stoke-on-Trent 016E,Unable to prosecute suspect
b48a824287980a3274c5cf59830836468234a1502ba3659e91015f8cc4c978ab,2021-10,Staffordshire Police,Staffordshire Police,-2.115047,52.718863,On or near BROOK CLOSE,E01029660,South Staffordshire 001F,Action to be taken by another organisation
4f76aab3df1c821bd11f2000d8157c0441618f9cc55b3f6139e3cdfd9322b359,2021-10,Staffordshire Police,Staffordshire Police,-2.184583,53.016000,On or near HOWARD PLACE,E01014281,Stoke-on-Trent 015A,Unable to prosecute suspect
17715de43b75d10ab278ecc1214c739ba12bf82215918b625a210b900646ab34,2021-10,Staffordshire Police,Staffordshire Police,-2.181184,53.022927,On or near MORLEY STREET,E01014287,Stoke-on-Trent 015D,Unable to prosecute suspect
5863bec0f46c929039f579a1365b155d59014d16adc55be11bef6a7a2af78f6f,2021-10,Staffordshire Police,Staffordshire Police,-2.205080,53.050764,On or near ALDERSEA CLOSE,E01014252,Stoke-on-Trent 009D,Investigation complete; no suspect identified
b03c8dac307ec66e8c0c0a5e7e6a3f0f033520b9728a6262c4e039e71fbb0374,2021-10,Staffordshire Police,Staffordshire Police,-2.127902,52.786011,On or near TURNHILL CLOSE,E01029728,Stafford 013E,Unable to prosecute suspect
da59319d7db7dcc8eca7225c3aad3468f2cd2ebe41722618339c3eea07ca78da,2021-10,Staffordshire Police,Staffordshire Police,-2.154956,53.025733,On or near ROYDEN AVENUE,E01014213,Stoke-on-Trent 012D,Unable to prosecute suspect
e68a3136df64bdb1defd444af72f7ac182753bc0a4a5bc8f16766afd4d70ba27,2021-10,Staffordshire Police,Staffordshire Police,-2.187070,53.036087,On or near GRANGE STREET,E01014254,Stoke-on-Trent 011C,Unable to prosecute suspect
ac7838d4c0656f80afb3399b81df01dc3f4816daf0ec83799d9be7aa5c5db48a,2021-10,Staffordshire Police,Staffordshire Police,-2.007905,52.706442,On or near HIGHFIELD COURT,E01029349,Cannock Chase 008A,Unable to prosecute suspect
086be0a66452a4c138347ebf12f10cd1c12c7b6201087e165ab05725a4798aab,2021-10,Staffordshire Police,Staffordshire Police,-2.099430,52.978842,On or near WOODGATE STREET,E01014368,Stoke-on-Trent 028D,Investigation complete; no suspect identified
8a4bc501f35e7ff1afcf8c0e8fcdb6f385c541b94e8306ffae7f98a25ff8095d,2021-10,Staffordshire Police,Staffordshire Police,-2.190110,53.045737,On or near Pedestrian Subway,E01014249,Stoke-on-Trent 011A,Suspect charged
8a4bc501f35e7ff1afcf8c0e8fcdb6f385c541b94e8306ffae7f98a25ff8095d,2021-10,Staffordshire Police,Staffordshire Police,-2.190110,53.045737,On or near Pedestrian Subway,E01014249,Stoke-on-Trent 011A,Suspect charged
8c14edb531c76cc90f935658cbc4ec744e4bd0fc4818202090178e75d6a60450,2021-10,Staffordshire Police,Staffordshire Police,-2.174928,52.957954,On or near BOSCOMBE GROVE,E01014352,Stoke-on-Trent 034D,Action to be taken by another organisation
70b3c3d70b982fa326289710de8ca541ea3441e3d4e614f3b9f79203df839da2,2021-10,Staffordshire Police,Staffordshire Police,-2.228272,52.987689,On or near MEAKIN AVENUE,E01029590,Newcastle-under-Lyme 015C,Investigation complete; no suspect identified
3c0682adfc9bad9b562f0c4290a8e61cdf7d2ba474f3f0182553f6a40069ecc1,2021-10,Staffordshire Police,Staffordshire Police,-2.033112,52.689941,On or near HIGH GREEN,E01029365,Cannock Chase 011C,Suspect charged
c75fcedad9260ffa68ee4b65304d771ffc06cd4dcd2b45cee86a7ab9bc127c1e,2021-10,Staffordshire Police,Staffordshire Police,-1.941776,52.752463,On or near GREENACRES,E01029373,Cannock Chase 002B,Formal action is not in the public interest
861d5f2c74b8fa34a6abbcd2b415ac8d0a1735280c1cc2f29e442c3788bd35e5,2021-10,Staffordshire Police,Staffordshire Police,-2.014270,52.709228,On or near MERCURY ROAD,E01029384,Cannock Chase 005A,Unable to prosecute suspect
e45ae3cc5a97c48cd83088c40902b0fc64c3d84f6e309f8337841fe6bec7155f,2021-10,Staffordshire Police,Staffordshire Police,-2.045556,52.691232,On or near HATHERTON CROFT,E01029366,Cannock Chase 011D,Unable to prosecute suspect
0468d90d2bca301e3591975cc5272617d7e0303ba53aa1ba0b0ecc4ce78a6a46,2021-10,Staffordshire Police,Staffordshire Police,-2.165828,53.034510,On or near HARROP STREET,E01014327,Stoke-on-Trent 013B,Offender given a caution
0468d90d2bca301e3591975cc5272617d7e0303ba53aa1ba0b0ecc4ce78a6a46,2021-10,Staffordshire Police,Staffordshire Police,-2.165828,53.034510,On or near HARROP STREET,E01014327,Stoke-on-Trent 013B,Offender given a caution
5956e3dff69e26e3709422e0dbea565514d33575593f541c7259e560782e2c3b,2021-10,Staffordshire Police,Staffordshire Police,-2.000149,52.669674,On or near Park/Open Space,E01029395,Cannock Chase 013B,Unable to prosecute suspect
e0e129598a445bde35c065b457641d3c358f36633154defffad9bf7441126e67,2021-10,Staffordshire Police,Staffordshire Police,-2.222031,53.028287,On or near ST JOHN'S AVENUE,E01029612,Newcastle-under-Lyme 009E,Unable to prosecute suspect
c5a94ac59a16f3c01eaffe366600931671c7294fc8483a3e14d34ae6b3d9eab2,2021-10,Staffordshire Police,Staffordshire Police,-2.176542,53.116366,On or near SOUTH VIEW,E01029774,Staffordshire Moorlands 003E,Local resolution
7e0de8a3b952265504339f5b91f9d962ecb7deb0ce55d232220207f8ea3994ef,2021-10,Staffordshire Police,Staffordshire Police,-2.238919,53.091978,On or near BEDFORD ROAD,E01029564,Newcastle-under-Lyme 002C,Unable to prosecute suspect
008c484670319645ecf49659baf8265596c9e66113c435c86d1e31be64875bde,2021-10,Staffordshire Police,Staffordshire Police,-1.989024,52.690602,On or near BUCKLAND CLOSE,E01029378,Cannock Chase 010D,Investigation complete; no suspect identified
b8e903acbaf2d63608bc9945f2b4cdc0e6a46fcc6cd9da0d06a90b044496b30e,2021-10,Staffordshire Police,Staffordshire Police,-1.881380,52.727490,On or near MILL WAY,E01029515,Lichfield 003D,Local resolution
0b194e05e3c04db0cf1300ca89e4200c2e7710774caf36c63ec636e574f81411,2021-10,Staffordshire Police,Staffordshire Police,-2.016148,52.664945,On or near SHANKLIN CLOSE,E01029643,South Staffordshire 005D,Further investigation is not in the public interest
be9d4df8773ee8d6e37ad6a5eeef417b870b7aa262acc3e193842feecf24ae23,2021-10,Staffordshire Police,Staffordshire Police,-1.594887,52.804241,On or near MELBOURNE AVENUE,E01029472,East Staffordshire 010E,Investigation complete; no suspect identified
95e4ada9dfcce024eb8148808e7597e2126198e07283f69fdfc246296004ad53,2021-10,Staffordshire Police,Staffordshire Police,-2.103097,52.817795,On or near Park/Open Space,E01029694,Stafford 010C,Unable to prosecute suspect
54d6bd9e4a926290187a7a4b3152f5bdd7a986b9602991b798c3bd7db0c038b3,2021-10,Staffordshire Police,Staffordshire Police,-2.124929,53.005183,On or near CANARY ROAD,E01014229,Stoke-on-Trent 017F,Investigation complete; no suspect identified
dce9e20bd92ead77e3159dfcd839371301a1debcb63921befc5160eccf91c2d0,2021-10,Staffordshire Police,Staffordshire Police,-2.199352,53.044409,On or near FURLONG PASSAGE,E01014251,Stoke-on-Trent 009C,Formal action is not in the public interest
149caa7f04b8d4d15abbe9546dbe57adb1e2b655073631b98ea1edcdb5c10683,2021-10,Staffordshire Police,Staffordshire Police,-1.910293,52.773938,On or near BLITHBURY ROAD,E01029498,Lichfield 001D,Unable to prosecute suspect
6fd06dd00a789509a7990a6eb452c5002db86aab56538d789a4f1dcd8a33ea9e,2021-10,Staffordshire Police,Staffordshire Police,-2.180510,53.000824,On or near MACLAGAN STREET,E01014345,Stoke-on-Trent 019E,Suspect charged
3d2469d0da78cd79d16f907eb9b2bce9915541e5d13c408ccc43d0db039a3503,2021-10,Staffordshire Police,Staffordshire Police,-2.562493,52.866785,On or near MILL ROAD,E01028870,Shropshire 013B,Unable to prosecute suspect
53f6f3f5ef1ee4dcf70adafd5757f1287bd2fc78ef5aa1ba05f19e6db386fd0e,2021-10,Staffordshire Police,Staffordshire Police,-1.645404,52.792123,On or near ANGLESEY ROAD,E01029407,East Staffordshire 011A,Unable to prosecute suspect
30de22b7bceca8ebed22337ba19676d89a6462c3075247b27ecefb9bbbd5d6eb,2021-10,Staffordshire Police,Staffordshire Police,-2.159809,52.979495,On or near TILEHURST PLACE,E01014234,Stoke-on-Trent 026B,Unable to prosecute suspect
9a40790a4c407e8e19df7d664c4e7fe1510d6e7f5512bf354514fba90de90286,2021-10,Staffordshire Police,Staffordshire Police,-1.637119,52.786317,On or near Sports/Recreation Area,E01029453,East Staffordshire 014E,Investigation complete; no suspect identified
6c3558600b5def515c2b727b0dbb7443b2d15650d3c38a826e4c671c3b5b65be,2021-10,Staffordshire Police,Staffordshire Police,-1.645006,52.790036,On or near GRAHAM CLOSE,E01029414,East Staffordshire 013B,Unable to prosecute suspect
f4827b0e3990f812774408e9ef9c5adf2dc4ae6b1e8b737028ea479a8fdc93bc,2021-10,Staffordshire Police,Staffordshire Police,-1.644661,52.801506,On or near TIGER COURT,E01029408,East Staffordshire 011B,Investigation complete; no suspect identified
f466557729321f63814d9f4c095519a64eb4dd699d9263d6e6a825e527082761,2021-10,Staffordshire Police,Staffordshire Police,-1.996197,52.715800,On or near SANDPIPER CLOSE,E01029389,Cannock Chase 005D,Investigation complete; no suspect identified
41419a4d2d03f9fc0e82c0f0005eafc2eb01793e6ef75eaa01b9c22098eefe03,2021-10,Staffordshire Police,Staffordshire Police,-1.687506,52.630266,On or near B5000,E01029838,Tamworth 005C,Investigation complete; no suspect identified
32be028ba9b65773a7e250cf0955db4b699ae3446343545fec4871ccdc47b0f4,2021-10,Staffordshire Police,Staffordshire Police,-1.914277,52.684872,On or near HUNTSMANS GATE,E01029507,Lichfield 003B,Unable to prosecute suspect
3aea61c13169b673c0e24994bcf17f09af458ecf2ea7ae56efd50ff3d9607680,2021-10,Staffordshire Police,Staffordshire Police,,,No location,,,Unable to prosecute suspect
7a931a731012ad8413f9bde17ece07c8d8578ac797631e92dd04bd8c72054167,2021-10,Staffordshire Police,Staffordshire Police,-2.207299,53.012700,On or near CRESCENT GROVE,E01014288,Stoke-on-Trent 018A,Unable to prosecute suspect
b7083bc9309b15516cdbc1c7d21fd206aa9a4a238dfa6b11059bf2bb07a6a0e1,2021-10,Staffordshire Police,Staffordshire Police,-2.142295,52.662352,On or near KINGS BRIDGE,E01029619,South Staffordshire 006B,Investigation complete; no suspect identified
64e05bc0e13fb5820a750bffa524f1c495d7041bd3e807dc6be2dd414373c1df,2021-10,Staffordshire Police,Staffordshire Police,-1.637163,52.816657,On or near THORNLEY STREET,E01029426,East Staffordshire 008A,Unable to prosecute suspect
0c07ae412d30c6d0acba9c9384dc56f1a46120caefec60a70207dca0a1a7acbb,2021-10,Staffordshire Police,Staffordshire Police,-1.836261,52.672465,On or near ARMADA CLOSE,E01029518,Lichfield 007D,Further action is not in the public interest
c173763f4bd13b8e5a227528a89cf55cca4f25cb4d512531b4d8206b756d2926,2021-10,Staffordshire Police,Staffordshire Police,-1.969978,52.676188,On or near LEGION CLOSE,E01029396,Cannock Chase 013C,Formal action is not in the public interest
2c38bb5cfd73bc9e6dfc3c6fd6ff3707a1a03cacc75460f4eccae42b74730a28,2021-10,Staffordshire Police,Staffordshire Police,-2.184731,53.088812,On or near HANDLEY DRIVE,E01014264,Stoke-on-Trent 001E,Suspect charged
040f13fba0160a671d9285d09b9ea49a577dce05e6ab0ccd4f8d147156b40412,2021-10,Staffordshire Police,Staffordshire Police,-2.116067,52.979537,On or near MEIR ROAD,E01014307,Stoke-on-Trent 029C,Unable to prosecute suspect
cc0fe273c272628f15224ad27f779c30d799164a8b5418b6303fcd472d2b919e,2021-10,Staffordshire Police,Staffordshire Police,-2.146255,52.895418,On or near STAFFORD ROAD,E01029753,Stafford 003E,Further action is not in the public interest
37e2764b6c51e9233e61b8e23bcc8a910162de0ca958af1d2fb31517b67ebbd2,2021-10,Staffordshire Police,Staffordshire Police,-2.194402,52.991822,On or near RACECOURSE ROAD,E01014343,Stoke-on-Trent 023D,Unable to prosecute suspect
29f01e4e09f7dae5400581134c13a761f91aad778076f3c149246b0e4b41aac3,2021-10,Staffordshire Police,Staffordshire Police,-1.650711,52.610583,On or near RIBBLESDALE,E01029857,Tamworth 008C,Unable to prosecute suspect
75865c498054ea6cf743a8c255066819fe35933f62d413c788d9ec8569b3aec3,2021-10,Staffordshire Police,Staffordshire Police,-1.989308,52.987171,On or near HIGH STREET,E01029787,Staffordshire Moorlands 011D,Unable to prosecute suspect
bd08bf54ae243920342aa8f5930fb3495c950801886277883436efac4a8bf7eb,2021-10,Staffordshire Police,Staffordshire Police,-2.226432,53.091346,On or near TAWNEY CLOSE,E01029563,Newcastle-under-Lyme 002B,Unable to prosecute suspect
adebd70646d87ead47c0c3bf1bde7e3cb760106adb78f28107fc38ed40c66cd8,2021-10,Staffordshire Police,Staffordshire Police,-2.205040,53.039114,On or near ELERS GROVE,E01014255,Stoke-on-Trent 009E,Unable to prosecute suspect
7f1ec7238ddeef90c1442547d539342cf94d9ff018850f90d0572210d284bbcf,2021-10,Staffordshire Police,Staffordshire Police,-2.116067,52.979537,On or near MEIR ROAD,E01014307,Stoke-on-Trent 029C,Unable to prosecute suspect
2c150f2bef377edb3e59bc304bedaaedb1e7546389cc83ca4c7a02f7208bdc89,2021-10,Staffordshire Police,Staffordshire Police,-2.170306,53.118641,On or near EAST DRIVE,E01029766,Staffordshire Moorlands 003D,Further action is not in the public interest
0f4137f7520b4c7bbb73141b3fc4a5b4a9f2b29c4af2ae3dd594367ec0510550,2021-10,Staffordshire Police,Staffordshire Police,-2.161042,52.970567,On or near NETLEY PLACE,E01014237,Stoke-on-Trent 032C,Investigation complete; no suspect identified
9eca0cfdc53734b2929c5eaef4fa624b38d8dcd850eef0cdb08d08905b7817f5,2021-10,Staffordshire Police,Staffordshire Police,-2.196868,52.537289,On or near MOUNT PLEASANT AVENUE,E01029674,South Staffordshire 013D,Further action is not in the public interest
d41edc769ae52525738c5504c49926faa24f8abc28f2a195546c16f9f42f2309,2021-10,Staffordshire Police,Staffordshire Police,-1.702393,52.642035,On or near LAWRENCE COURT,E01029850,Tamworth 002D,Investigation complete; no suspect identified
42de48da6df47cd0ff99ad33a3c5f4faed156487e0136d3419ff7c50220d8af0,2021-10,Staffordshire Police,Staffordshire Police,-2.201257,53.043525,On or near FURLONG PARADE,E01014251,Stoke-on-Trent 009C,Suspect charged as part of another case
133a757d408d1407ee8adcbcda66dbaffe074a66f2e7461a796e3dd6458eca8c,2021-10,Staffordshire Police,Staffordshire Police,-2.134232,52.987473,On or near Bus/Coach Station,E01014302,Stoke-on-Trent 022D,Investigation complete; no suspect identified
d9f2f837a784baecdae944e2a99cba5a6a4fbe6cb8cda1a5c2f0592e9796c5d4,2021-10,Staffordshire Police,Staffordshire Police,-2.170880,52.999741,On or near NAPIER STREET,E01014276,Stoke-on-Trent 020C,Unable to prosecute suspect
3b1817dd5094790f1a27c4146bddb905fcdd3b1446d2dfe9aad98d6c1913914b,2021-10,Staffordshire Police,Staffordshire Police,,,No location,,,Unable to prosecute suspect
3db76a13e8d4260d6c2608fd5d038ac7c1d55ea200e864bb9effc16cd1001a1b,2021-10,Staffordshire Police,Staffordshire Police,-1.625848,52.791739,On or near FREDERICK STREET,E01029451,East Staffordshire 014C,Investigation complete; no suspect identified
3398fda5c625b0898acfd6493dd6c9c670f8e9d554a79872407773b20cd74e26,2021-10,Staffordshire Police,Staffordshire Police,-1.636608,52.828081,On or near ST MICHAELS ROAD,E01029437,East Staffordshire 007D,Unable to prosecute suspect
8cb49d61eb2cf3f0b64585e97818247b5093b5711db8574210bfef6a626b24bc,2021-10,Staffordshire Police,Staffordshire Police,-2.216236,53.011470,On or near LOCKWOOD STREET,E01029603,Newcastle-under-Lyme 011D,Suspect charged
15c032bfac4598772ef1be521b5f359be5e1c373d5202f69c6217a79e797cdb2,2021-10,Staffordshire Police,Staffordshire Police,-2.130827,52.979567,On or near ERSKINE STREET,E01014306,Stoke-on-Trent 029B,Unable to prosecute suspect
996e679fe7613f42a310e47d2c89a10561c3254fa454cd0bcdad1462829bed4b,2021-10,Staffordshire Police,Staffordshire Police,-2.036052,52.684412,On or near BEECH TREE LANE,E01029361,Cannock Chase 012C,Further action is not in the public interest
03206398aeda1d55d7704261ce120fbd2f2db632b7df9361e12786c270d62f2d,2021-10,Staffordshire Police,Staffordshire Police,-2.217822,53.089511,On or near DANE GARDENS,E01029565,Newcastle-under-Lyme 001B,Unable to prosecute suspect
e6e18536deb121b6ba164567e6619c0d1bc31b6fee0a0080642f3395125b08ee,2021-10,Staffordshire Police,Staffordshire Police,-2.178061,53.028361,On or near HOPE STREET,E01014287,Stoke-on-Trent 015D,Unable to prosecute suspect
e6e18536deb121b6ba164567e6619c0d1bc31b6fee0a0080642f3395125b08ee,2021-10,Staffordshire Police,Staffordshire Police,-2.178061,53.028361,On or near HOPE STREET,E01014287,Stoke-on-Trent 015D,Unable to prosecute suspect
3b24610d00535c9035ef2cf87cca859025fcaed5ffc2438b75fead5f3e66a8bb,2021-10,Staffordshire Police,Staffordshire Police,-1.663494,52.622900,On or near ST CHAD COURT,E01029841,Tamworth 003E,Investigation complete; no suspect identified
a8e4b56907e9ed204bf270e02f65b2d3d3ec5659a4ee93b61739375eb1201d5e,2021-10,Staffordshire Police,Staffordshire Police,-1.628093,52.784051,On or near BRAMBLE COURT,E01029453,East Staffordshire 014E,Unable to prosecute suspect
74cc403cd3dea17d72aeb163fa961c59fb1af72dac8908f44dcfb4cb354b3707,2021-10,Staffordshire Police,Staffordshire Police,-2.166616,53.114781,On or near MOORLAND HEIGHTS,E01029764,Staffordshire Moorlands 003B,Unable to prosecute suspect
60ca1d3fe3bc970f1fa12adadb876eb6fa25273f6a7085b4d8eacb52f275392c,2021-10,Staffordshire Police,Staffordshire Police,-2.136266,53.042089,On or near WOODHEAD ROAD,E01014217,Stoke-on-Trent 012E,Unable to prosecute suspect
28937932fa01f1df5292004e0491f9513b2c8103f48faf04e16f998748f4c6f9,2021-10,Staffordshire Police,Staffordshire Police,-2.186595,52.988301,On or near QUEENSWAY,E01014343,Stoke-on-Trent 023D,Investigation complete; no suspect identified
8c37f1e5970ca6262605c843275908ec5d897eeabe10e99a8cf2cf1c53a007f1,2021-10,Staffordshire Police,Staffordshire Police,-2.269882,53.017060,On or near CHURCH STREET,E01029594,Newcastle-under-Lyme 012C,Unable to prosecute suspect
ec0acac658d52987958474186def88c2853a833dc665a244f99c3813d3a8a856,2021-10,Staffordshire Police,Staffordshire Police,-1.767624,52.714674,On or near JORDAN CROFT,E01029479,Lichfield 002C,Action to be taken by another organisation
2517e3a5c7ca768f4c66dfb6d372f1b763cfe8512298faa280b0056fbec17b38,2021-10,Staffordshire Police,Staffordshire Police,-2.038673,52.704772,On or near HIGHLAND ROAD,E01029648,South Staffordshire 002D,Further investigation is not in the public interest
4ad82473379b618cc69c8411c87203d510587ea6a5905fa0661e27ba9e0571bc,2021-10,Staffordshire Police,Staffordshire Police,-1.698630,52.634681,On or near Parking Area,E01029836,Tamworth 002B,Formal action is not in the public interest
caedfdaa8c0094d94495109da3f98cf5da9bd53833ec1ebb17f9b589116f8a1a,2021-10,Staffordshire Police,Staffordshire Police,-2.173284,53.026894,On or near HUNTBACH STREET,E01014287,Stoke-on-Trent 015D,Unable to prosecute suspect
9c0adb38534a5ba855f85c68b4f73579136cabbf4734e0eb8e4e4f4f53de62ab,2021-10,Staffordshire Police,Staffordshire Police,-2.135120,52.833009,On or near HURRICANE CLOSE,E01029743,Stafford 006C,Unable to prosecute suspect
3ad988dce60cabc157804812c972592db7a57daba1f7f4c48d9d2087cbfbf29f,2021-10,Staffordshire Police,Staffordshire Police,-2.110991,52.968728,On or near RIDGE WALK,E01014319,Stoke-on-Trent 033C,Unable to prosecute suspect
804e1e37750d1beb123b48245556fe244093f77a9ce918b5d6fe2ec362e624ef,2021-10,Staffordshire Police,Staffordshire Police,-2.141406,52.994818,On or near CARRON STREET,E01014278,Stoke-on-Trent 021B,Unable to prosecute suspect
ffbc7eecf740fdf8532e6746f56348fd1aba68e52ebbc791653cc7f2f5cea8ee,2021-10,Staffordshire Police,Staffordshire Police,-2.145727,52.986048,On or near ST GREGORY'S ROAD,E01014311,Stoke-on-Trent 027C,Action to be taken by another organisation
9122cc07e3741949abd214a826a3d2728db384eb99582f1a4d7819125ee2a741,2021-10,Staffordshire Police,Staffordshire Police,-2.186063,53.003089,On or near LONDON ROAD,E01014345,Stoke-on-Trent 019E,Unable to prosecute suspect
f451f8cc54d5577ae2042e91602adc8b76b7aa0a0a4cba720d3cf34a6c3ee9d1,2021-10,Staffordshire Police,Staffordshire Police,-2.133414,52.988005,On or near Further/Higher Educational Building,E01014302,Stoke-on-Trent 022D,Suspect charged
e04b54d25e9477dc25a43a46264fc2f4e7b067f0c741a6afa24a8eaff0907bff,2021-10,Staffordshire Police,Staffordshire Police,-1.865899,52.739556,On or near ALANDALE AVENUE,E01029480,Lichfield 001A,Suspect charged
4ab2d5a8f2cdacaba1298b5bde790d6c5b51ee9f294b33ae41a3dc8af69cdb3e,2021-10,Staffordshire Police,Staffordshire Police,-2.211856,53.027020,On or near HIGHFIELD AVENUE,E01029611,Newcastle-under-Lyme 008E,Unable to prosecute suspect
5b7ed2a7635ed17d7ccf8a17bd9c2a93fa9bdd58b5571268dbd6e6114bc6f459,2021-10,Staffordshire Police,Staffordshire Police,-2.126814,52.997540,On or near WESTONVIEW AVENUE,E01014296,Stoke-on-Trent 022A,Unable to prosecute suspect
8c4b7039d600b875769c2a69821808d91924956021525419fd8bf701dc240f07,2021-10,Staffordshire Police,Staffordshire Police,-2.136023,52.988721,On or near TRANSPORT LANE,E01014302,Stoke-on-Trent 022D,Suspect charged
8ffca16c65a4d50f935bbf1a918ec8b99af64e946b4188eb43b3404d42b32983,2021-10,Staffordshire Police,Staffordshire Police,-1.648705,52.814984,On or near PAVILION GROVE,E01029446,East Staffordshire 009B,Unable to prosecute suspect
569ebc8b11605f048d83d02bf56378a459ae80c25a92f98e0b6ae4789d940252,2021-10,Staffordshire Police,Staffordshire Police,-2.018493,52.686232,On or near SURREY CLOSE,E01029362,Cannock Chase 012D,Investigation complete; no suspect identified
f6de903ec9011dc264569184edcc4cc2bc8f16beada68915e854a5d3079519da,2021-10,Staffordshire Police,Staffordshire Police,-2.171474,53.029144,On or near MAYER STREET,E01014330,Stoke-on-Trent 013E,Unable to prosecute suspect
63f96047c4d15d176d014294e6235f7d228e83cce6d7bfd39250e6685e7957ee,2021-10,Staffordshire Police,Staffordshire Police,-1.992482,52.713211,On or near HEATHER VALLEY,E01029389,Cannock Chase 005D,Unable to prosecute suspect
8adf9a9ef0d6160025699c45fc8bc47d27508e792ef1f4dba415c28f4e3aa76b,2021-10,Staffordshire Police,Staffordshire Police,-2.133463,52.993937,On or near MENAI GROVE,E01014298,Stoke-on-Trent 022B,Investigation complete; no suspect identified
7d1e79ba8fdb7a62107503992732f7328715363bd353ae318b1d3ae10a2bd217,2021-10,Staffordshire Police,Staffordshire Police,-2.217579,53.062059,On or near NEW CHAPEL COURT,E01014354,Stoke-on-Trent 005A,Unable to prosecute suspect
b2a2eb8a41e5e00a69d3268e4734c364221313d6caf6561d9f19dfe4a264ca00,2021-10,Staffordshire Police,Staffordshire Police,-1.628593,52.781059,On or near ROSLISTON ROAD SOUTH,E01029453,East Staffordshire 014E,Local resolution
b2a2eb8a41e5e00a69d3268e4734c364221313d6caf6561d9f19dfe4a264ca00,2021-10,Staffordshire Police,Staffordshire Police,-1.628593,52.781059,On or near ROSLISTON ROAD SOUTH,E01029453,East Staffordshire 014E,Local resolution
fd637bb4ef51ae85898035fbc49e9834cb8ff8a309553bdf3e18f66bce5a049c,2021-10,Staffordshire Police,Staffordshire Police,-2.030655,53.106516,On or near WEST STREET,E01029814,Staffordshire Moorlands 005E,Unable to prosecute suspect
ef6bc0be9afb3deab3477f44afcbc77cad318cb2fd271c1e25e151b824711758,2021-10,Staffordshire Police,Staffordshire Police,-2.169491,53.021533,On or near STUBBS LANE,E01014231,Stoke-on-Trent 016B,Unable to prosecute suspect
fe87fd30aa5ce27015a6c034871f354d05416c11220e5e56e1b0b6c59c8a0779,2021-10,Staffordshire Police,Staffordshire Police,-2.210692,53.057478,On or near FARNDALE STREET,E01014354,Stoke-on-Trent 005A,Suspect charged
fe87fd30aa5ce27015a6c034871f354d05416c11220e5e56e1b0b6c59c8a0779,2021-10,Staffordshire Police,Staffordshire Police,-2.210692,53.057478,On or near FARNDALE STREET,E01014354,Stoke-on-Trent 005A,Suspect charged
ba279625c6bcc00a2cd95ba1541e86473e494e9cef2d0b0baee2b4a1dfed65f9,2021-10,Staffordshire Police,Staffordshire Police,-1.987937,52.988448,On or near CROFT ROAD,E01029787,Staffordshire Moorlands 011D,Local resolution
f4a9e238ba902cff3d57c232fe2f5eafc9aec40f0336e27fa67384fa97847ea7,2021-10,Staffordshire Police,Staffordshire Police,-2.029812,52.688171,On or near Supermarket,E01029360,Cannock Chase 012B,Investigation complete; no suspect identified
da507cf8c4e8063fd25adcda51cbdb79d57a039738dc65a94055208757591780,2021-10,Staffordshire Police,Staffordshire Police,-2.163744,52.968604,On or near TRENTHAM ROAD,E01014237,Stoke-on-Trent 032C,Unable to prosecute suspect
9f752f888ff558c3b40aa9e4b80bb5f2f1742f3ebffd3b4990eda2e82064ae70,2021-10,Staffordshire Police,Staffordshire Police,-2.182429,53.010664,On or near QUEEN ANNE STREET,E01014283,Stoke-on-Trent 016E,Investigation complete; no suspect identified
ed77b12480ba4a1537adcd125bac2c1a3dbc79f9acb3d99cae87fd0839aaf328,2021-10,Staffordshire Police,Staffordshire Police,-2.188084,52.998241,On or near VINE ROW,E01014340,Stoke-on-Trent 019D,Further investigation is not in the public interest
aad440b60401fbcfa202d575912462fdb9087addb2ec75031cc4b8af5cfc6c77,2021-10,Staffordshire Police,Staffordshire Police,-2.195856,52.591490,On or near RAGLAN AVENUE,E01029662,South Staffordshire 011A,Offender given a caution
4aaa76e4d261c8a62a187d03bc5be8b970670798b14efe8259782dd8b3778327,2021-10,Staffordshire Police,Staffordshire Police,-2.097177,52.990395,On or near THE MOAT,E01014363,Stoke-on-Trent 024A,Unable to prosecute suspect
018e5d1f8bb57e9b0a976552de30827f563ff05f28001c8ac686e1ebc267797c,2021-10,Staffordshire Police,Staffordshire Police,-2.055734,52.967418,On or near MOUNT ROAD,E01029798,Staffordshire Moorlands 012C,Unable to prosecute suspect
888c506c57c0043a94f28436d16d4e7cfb937b775fe16bc08dfad7f038fb6e24,2021-10,Staffordshire Police,Staffordshire Police,-2.184282,53.106098,On or near LANCHESTER CLOSE,E01029772,Staffordshire Moorlands 004C,Investigation complete; no suspect identified
1014852dbe001f8044bd2b7cf0d1244a9706638398d1e7b6f971e6490d383f26,2021-10,Staffordshire Police,Staffordshire Police,-1.699687,52.616327,On or near SURREY DRIVE,E01029837,Tamworth 005B,Unable to prosecute suspect
707c9b0bdbad88e071edf1e0a96998859449b0ffc64d4299c67ca77c41910410,2021-10,Staffordshire Police,Staffordshire Police,-2.180355,53.002990,On or near Pedestrian Subway,E01014293,Stoke-on-Trent 019A,Suspect charged
9758d2612cc72ae2712ce82344ba640667a2911f870d6a5c8dd33d7ca382509a,2021-10,Staffordshire Police,Staffordshire Police,-2.048832,53.052315,On or near FOLLY FIELDS,E01029794,Staffordshire Moorlands 009C,Unable to prosecute suspect
64742c108cdbcc9f5fa8b7047f8ce01b7ba35e0735c5215484cdafe33b80a1d9,2021-10,Staffordshire Police,Staffordshire Police,-2.166673,53.021600,On or near BOTTESLOW STREET,E01014231,Stoke-on-Trent 016B,Investigation complete; no suspect identified
cb4b826cafe396e45276b17193ce4366d622e69e90891abf60eb9fd04f58d292,2021-10,Staffordshire Police,Staffordshire Police,-2.119827,52.804601,On or near Parking Area,E01029701,Stafford 010E,Investigation complete; no suspect identified
6155afdeb95afb164f57fc71e99f74e265acca575bad160117510d9fc9896f41,2021-10,Staffordshire Police,Staffordshire Police,-2.200598,52.631091,On or near BAKERS WAY,E01029627,South Staffordshire 008D,Investigation complete; no suspect identified
57ea5525f89588c6c1497e612e72cdde2c7d16a5a94d3ea32f0e0b8eab23b4e9,2021-10,Staffordshire Police,Staffordshire Police,-2.192404,53.028195,On or near RIDGEHOUSE DRIVE,E01014285,Stoke-on-Trent 015B,Suspect charged
3926bdf012434a5cba938037d10f0f6e1bfcf4567571d5d9a69f8dbaf2ba5016,2021-10,Staffordshire Police,Staffordshire Police,-2.004042,52.708482,On or near STEPHENSON WAY,E01029384,Cannock Chase 005A,Investigation complete; no suspect identified
051df9e4d5f1c400e941300443457270a18bbbecd1c4bbb93c25e2298d5a442c,2021-10,Staffordshire Police,Staffordshire Police,-2.189068,53.018852,On or near JAMES BRINDLEY CLOSE,E01014281,Stoke-on-Trent 015A,Investigation complete; no suspect identified
aa4886076df48a6d770899f5afca61e41f5b998f50bbc359f0f14cf3b255d996,2021-10,Staffordshire Police,Staffordshire Police,-2.192058,53.020753,On or near KIMBERLEY ROAD,E01014285,Stoke-on-Trent 015B,Investigation complete; no suspect identified
c705b59eec6dcfcaf8ef068978e9b96ccc0d89b31ca97a1549f778bcc8fdabce,2021-10,Staffordshire Police,Staffordshire Police,-1.632182,52.824867,On or near WESTON PARK AVENUE,E01029428,East Staffordshire 008C,Investigation complete; no suspect identified
cd3d3c61009b71d1142a5a2a47818e3330316bdd48b1b192828c4b63d4d787e2,2021-10,Staffordshire Police,Staffordshire Police,-2.202417,53.007818,On or near WILFRED PLACE,E01014290,Stoke-on-Trent 018C,Unable to prosecute suspect
205938ed166f2795b53259725443ff4372920b5021ce08c70b57cda2a5011b04,2021-10,Staffordshire Police,Staffordshire Police,-2.199701,53.068131,On or near BENSON STREET,E01014241,Stoke-on-Trent 006A,Unable to prosecute suspect
3d1701f49222ea3fd510a64c5685b9e4bf48c3358684ba7d284295d0b43219f6,2021-10,Staffordshire Police,Staffordshire Police,-2.143453,52.996434,On or near CARLING GROVE,E01014273,Stoke-on-Trent 021A,Investigation complete; no suspect identified
f16a7f670b5c8db5190206d8bffcd4fa01790b9cfbb4970de149a78ea2323cc0,2021-10,Staffordshire Police,Staffordshire Police,-1.636018,52.818730,On or near Parking Area,E01029427,East Staffordshire 008B,Unable to prosecute suspect
3a628f3dec0ab9562fb3733cb4c3461e0b731df2096770aa11b9f07501e2b760,2021-10,Staffordshire Police,Staffordshire Police,-2.141137,53.017210,On or near ZENNOR GROVE,E01014226,Stoke-on-Trent 014D,Unable to prosecute suspect
c43d95e2b91d993833568dd518a91be1158543c1c5c2abb72c72f0c68a120248,2021-10,Staffordshire Police,Staffordshire Police,-2.204991,52.984873,On or near SUMMERVILLE ROAD,E01014344,Stoke-on-Trent 023E,Further action is not in the public interest
26d954bb0496abf930cd5f3e45bee3a4b75431b5a9ccab9b3b3c5259bd92fff2,2021-10,Staffordshire Police,Staffordshire Police,-2.209408,53.001846,On or near GRINDLEY HILL COURT,E01014294,Stoke-on-Trent 018F,Suspect charged
3441c38ce5ae9739ee496736b49961ef2e78752688455a2005b6ad0252baa68c,2021-10,Staffordshire Police,Staffordshire Police,-2.067008,53.027262,On or near WILTON AVENUE,E01029779,Staffordshire Moorlands 009A,Unable to prosecute suspect
a1d231c223f0723cb3938e36e7b8f62984de200f66a396cbf4da27bf001c06ea,2021-10,Staffordshire Police,Staffordshire Police,-2.177097,53.026053,On or near Nightclub,E01014287,Stoke-on-Trent 015D,Unable to prosecute suspect
f2415d5805dc62502571bf33e8a0711be40b893a428c04afcb4a21f72c847b09,2021-10,Staffordshire Police,Staffordshire Police,-1.703601,52.635979,On or near MOOR STREET,E01029851,Tamworth 002E,Investigation complete; no suspect identified
41b96f306a73e5d44c3dfd3f8070bf30f478e1c4b3e77acf17b181fb9cba2cb7,2021-10,Staffordshire Police,Staffordshire Police,-1.933801,52.706271,On or near IVY LANE,E01029398,Cannock Chase 006B,Investigation complete; no suspect identified
543def378f8af111c230b2aae2eda4f07559b51ba62901999cc1921aff784195,2021-10,Staffordshire Police,Staffordshire Police,-1.701819,52.639463,On or near CHAUCER CLOSE,E01029850,Tamworth 002D,Investigation complete; no suspect identified
e9e2aa3c4f0a8a00d3b218d00c5c17dc9f5cebdb0a0f4fe24be2b7ac7befd22c,2021-10,Staffordshire Police,Staffordshire Police,-2.186595,52.988301,On or near QUEENSWAY,E01014343,Stoke-on-Trent 023D,Investigation complete; no suspect identified
59ef6ed9e8d8cc08eea6516b52d67bf230223a631fe0852ff6aedafef83968db,2021-10,Staffordshire Police,Staffordshire Police,-1.981859,52.989975,On or near CECILLY STREET,E01029781,Staffordshire Moorlands 011A,Unable to prosecute suspect
7036b0213da9b08771b8a75e8120344de2728e66cb85f1cab9f4e50668840f8c,2021-10,Staffordshire Police,Staffordshire Police,-2.115807,52.804524,On or near BRIDGE STREET,E01029701,Stafford 010E,Formal action is not in the public interest
cf243181d21c3ef38eed97b13c405600eeac4671bb7b74402565f680cc9caca1,2021-10,Staffordshire Police,Staffordshire Police,-2.171125,53.053919,On or near CHELL HEATH ROAD,E01014246,Stoke-on-Trent 008A,Unable to prosecute suspect
facda9cb725d2c08dfdcaa8ba22ed1971ab42ee7032bc27741a435138a812912,2021-10,Staffordshire Police,Staffordshire Police,-2.161743,53.030794,On or near VINCENT STREET,E01014329,Stoke-on-Trent 013D,Local resolution
a9abc4a2113f172f8f26d8c67d319939c695ee805a25a32bed0dae898341df00,2021-10,Staffordshire Police,Staffordshire Police,-2.220080,53.014187,On or near NORTHCOTE PLACE,E01029578,Newcastle-under-Lyme 011B,Suspect charged
faf2e97076c88701fc174e3208ffacd915c54a87502540d0f27ec90930d9dce6,2021-10,Staffordshire Police,Staffordshire Police,-2.178484,53.033269,On or near ASHBOURNE GROVE,E01014256,Stoke-on-Trent 011D,Investigation complete; no suspect identified
c5a3a994c1b27e03ff69b0f80db14c12a239ba45b02a4f4f06fb2802cc19835a,2021-10,Staffordshire Police,Staffordshire Police,-2.080659,52.952167,On or near LISTER GROVE,E01029703,Stafford 001B,Offender given a caution
845bd8c6fce8812b31a39b18b39bb0a7c9b1132c03949ef404c27dcd42a8fbaa,2021-10,Staffordshire Police,Staffordshire Police,-2.134766,52.790660,On or near MELROSE AVENUE,E01029715,Stafford 013A,Unable to prosecute suspect
222a4fb8161d35c9d7092251cc81fda97f8f0239aef9b9b1a89f1a43a15e2668,2021-10,Staffordshire Police,Staffordshire Police,-2.044754,52.630623,On or near BURSNIPS ROAD,E01029632,South Staffordshire 007A,Investigation complete; no suspect identified
17e2eb172b23dbbb2402401328129674cffedcf8b53b0fcd9d6e70a0a706c507,2021-10,Staffordshire Police,Staffordshire Police,-2.233595,53.013442,On or near FLETCHER BANK,E01029604,Newcastle-under-Lyme 011E,Unable to prosecute suspect
fee1fd043b770f50ae35db05c6234332a78a568c60f9a376664df9d9938e4a21,2021-10,Staffordshire Police,Staffordshire Police,-2.408838,52.950718,On or near B5026,E01028899,Shropshire 002E,Investigation complete; no suspect identified
dc5ddd55da1f9d88aba00dba3c43fbfd002f35081eccdef0bf4f04e638c1b6ec,2021-10,Staffordshire Police,Staffordshire Police,-2.126874,52.789545,On or near ATTLEE CRESCENT,E01029717,Stafford 013C,Unable to prosecute suspect
334cd336338463e76620b84ebccfa20edc78486ff888f401d7bfb7f7dbad9c99,2021-10,Staffordshire Police,Staffordshire Police,-1.630149,52.817858,On or near DERBY ROAD,E01029429,East Staffordshire 008D,Investigation complete; no suspect identified
41557ebaa921872028222e98d9b7349c8b6da2f0a683b57d143d32b8b789812e,2021-10,Staffordshire Police,Staffordshire Police,-2.145353,52.901442,On or near B5027,E01029745,Stafford 003C,Investigation complete; no suspect identified
2d3fc201872a8c2befc42235ddbf08fdd3f804e4796d09117682e634ae5877c5,2021-10,Staffordshire Police,Staffordshire Police,-1.675058,52.627346,On or near STRETTON STREET,E01029830,Tamworth 006E,Unable to prosecute suspect
3c1e21274251dd172fa1f71e4ff0e8b536702f7c7fb8f5ce19df3f365f1c998d,2021-10,Staffordshire Police,Staffordshire Police,-2.225935,53.010850,On or near SCARLETT STREET,E01029604,Newcastle-under-Lyme 011E,Local resolution
7e33de55a28ac8788e4c3e648be3628fdecbf761431fa4c6b2f9ab95529469bd,2021-10,Staffordshire Police,Staffordshire Police,-2.171753,52.941894,On or near ORCHARD PLACE,E01029682,Stafford 002B,Unable to prosecute suspect
202898161a1169730abf395e2a477f575682eb28be43609fc35a74f114d35972,2021-10,Staffordshire Police,Staffordshire Police,-2.037099,52.681616,On or near LONGFORD ROAD,E01029361,Cannock Chase 012C,Unable to prosecute suspect
6db0f763b323e66dbca059423f425a302920d86d36be8067c9eff6ad624296e7,2021-10,Staffordshire Police,Staffordshire Police,-2.217856,53.075694,On or near GARBETT STREET,E01014357,Stoke-on-Trent 002A,Formal action is not in the public interest
9523702b009c8f4e5e860735f45cbef00e3dea86792d706a329cdb159466d20a,2021-10,Staffordshire Police,Staffordshire Police,-1.684576,52.626698,On or near SOUTHWICK DRIVE,E01029833,Tamworth 005A,Further action is not in the public interest
abaeb1ee66ab0dcebc3510956256b09c6d9c14a7d6377fe74997ba99643e7d14,2021-10,Staffordshire Police,Staffordshire Police,-1.923539,52.751860,On or near ARMITAGE ROAD,E01029345,Cannock Chase 003A,Local resolution
bf075ce7e756da72f1221eb5d07093e06ce7e42cd570fa788a70208eb2553e5d,2021-10,Staffordshire Police,Staffordshire Police,-1.680603,52.596122,On or near LARKSPUR,E01029862,Tamworth 009C,Investigation complete; no suspect identified
df77e80a533cfbb70fd2dbf48b013d89416739135c00bf870c5289d6a40771ad,2021-10,Staffordshire Police,Staffordshire Police,-2.116944,52.808002,On or near SALTER STREET,E01029701,Stafford 010E,Investigation complete; no suspect identified
b54100e0124b38d02455f11022a301b46ec3b5f0ccf5d8e9d76d19519cb80b66,2021-10,Staffordshire Police,Staffordshire Police,-1.933033,52.753241,On or near NEWMAN GROVE,E01029345,Cannock Chase 003A,Unable to prosecute suspect
31e69f6df1f17279ad1605cf61d001062272f618b847cc82a7a31ffeff6ed84e,2021-10,Staffordshire Police,Staffordshire Police,-1.933033,52.753241,On or near NEWMAN GROVE,E01029345,Cannock Chase 003A,Unable to prosecute suspect
154b46253d475a4163ed0703a2321f0703991404cabe099be6b8d81f538d860d,2021-10,Staffordshire Police,Staffordshire Police,-2.097648,53.020571,On or near CHATSWORTH DRIVE,E01029818,Staffordshire Moorlands 009D,Unable to prosecute suspect
6ce1d208dcbe9b60ea8424ab9cb81ced6eac7a9af9ec6193ab173e09a16bab90,2021-10,Staffordshire Police,Staffordshire Police,-1.684576,52.626698,On or near SOUTHWICK DRIVE,E01029833,Tamworth 005A,Further action is not in the public interest
b63d8c4c5762002f3edff76c094ecd33dbcd6c7929a9363e01e27980fe3029b3,2021-10,Staffordshire Police,Staffordshire Police,-1.923539,52.751860,On or near ARMITAGE ROAD,E01029345,Cannock Chase 003A,Local resolution
e73b2bfd9ae697f9f48f9dbd8a1feaf7e90a6948d11742d7ca5093d562cfaa59,2021-10,Staffordshire Police,Staffordshire Police,-2.194767,53.046403,On or near JACKSON STREET,E01014247,Stoke-on-Trent 009A,Suspect charged
5872ed12a52cc9ec8ded21a357fe4bfb5342b136e6dcfa6eba6ffee77440f4c3,2021-10,Staffordshire Police,Staffordshire Police,-2.210482,53.044983,On or near MOTT PLACE,E01014252,Stoke-on-Trent 009D,Unable to prosecute suspect
2d5fa937168028691905b9af47bb14f37f5fe1037114aa07f9c911cc60a7f34d,2021-10,Staffordshire Police,Staffordshire Police,-2.150935,52.894945,On or near Supermarket,E01029753,Stafford 003E,Suspect charged
c078e5e81012ad07b8475b89b151257cf5df42c99504d6e1059bae45bbe7a1ea,2021-10,Staffordshire Police,Staffordshire Police,-2.030542,52.696073,On or near BALTIC CLOSE,E01029367,Cannock Chase 011E,Unable to prosecute suspect
0bed16ebbda93fae0961efa6f3b1cef188543223e28b9018a24bb7cc5ff624a6,2021-10,Staffordshire Police,Staffordshire Police,-1.632558,52.808427,On or near HORNINGLOW STREET,E01032897,East Staffordshire 011G,Unable to prosecute suspect
6b9992199170a49fef570819dd4a21755146b6da739c0389bbb2242c058c0c23,2021-10,Staffordshire Police,Staffordshire Police,-2.186558,53.034910,On or near REMER STREET,E01014255,Stoke-on-Trent 009E,Unable to prosecute suspect
fa5ef1918ee889ae6e6bb86dae1fb7a1e9b908befc53f868f7cfaa86c5dbae7e,2021-10,Staffordshire Police,Staffordshire Police,-2.021398,52.696776,On or near CANNOCK ROAD,E01029367,Cannock Chase 011E,Unable to prosecute suspect
c5083de7d04c699ce60bcdcfbaed49aa695accdd9d421a35860aa33a5d50b195,2021-10,Staffordshire Police,Staffordshire Police,-2.155828,52.965873,On or near VENTNOR GROVE,E01014238,Stoke-on-Trent 032D,Unable to prosecute suspect
c5083de7d04c699ce60bcdcfbaed49aa695accdd9d421a35860aa33a5d50b195,2021-10,Staffordshire Police,Staffordshire Police,-2.155828,52.965873,On or near VENTNOR GROVE,E01014238,Stoke-on-Trent 032D,Unable to prosecute suspect
45c45d85becac5dc361548c08c82c0de473967cbdec886ea14b4c0a788460965,2021-10,Staffordshire Police,Staffordshire Police,-2.226915,53.010003,On or near FRIARS' STREET,E01029604,Newcastle-under-Lyme 011E,Investigation complete; no suspect identified
22bf00cdcfca08b1565bcc9e9420862a46f0cf116fcf7f742ccd90cde984726a,2021-10,Staffordshire Police,Staffordshire Police,-2.092684,52.985994,On or near MYRTLE AVENUE,E01014366,Stoke-on-Trent 028B,Unable to prosecute suspect
5d7c19223033de32c73e8ec43adee0c4a55526bf5d4f7a7ca7d5ec7df4b564b1,2021-10,Staffordshire Police,Staffordshire Police,-2.207612,53.090275,On or near MEADOW COURT,E01029581,Newcastle-under-Lyme 001C,Unable to prosecute suspect
74243f124dd5c8da221c608e1327c59407f354d6b349f4ea46b25600636c0bc1,2021-10,Staffordshire Police,Staffordshire Police,-2.193695,52.526578,On or near PARK AVENUE,E01029677,South Staffordshire 013F,Unable to prosecute suspect
61f7f7e530229ab2ea16dca4eee6e29a88c25e2449741e4d5f0ef3fc9187c82c,2021-10,Staffordshire Police,Staffordshire Police,-1.810460,52.691629,On or near HERMES ROAD,E01029525,Lichfield 005G,Investigation complete; no suspect identified
e2ad2baf9798feb8d847d46bd8fb0ce5145c9ea8dde8098941aad194831b885b,2021-10,Staffordshire Police,Staffordshire Police,-2.144916,53.033045,On or near LEEK ROAD,E01014210,Stoke-on-Trent 012A,Investigation complete; no suspect identified
7ee9249481462f772ce9938d5f175fa57bcb3932a368553956abbad566dc4089,2021-10,Staffordshire Police,Staffordshire Police,-2.114633,52.803680,On or near LICHFIELD ROAD,E01029701,Stafford 010E,Suspect charged
ff3622a65ddaeee0ef5d6b09287063d995b553497a6e4f86f9fd733fc13a6fbb,2021-10,Staffordshire Police,Staffordshire Police,-2.183193,52.997395,On or near WINDSMOOR STREET,E01014339,Stoke-on-Trent 019C,Unable to prosecute suspect
c258d6ac97bfcb298953ec30a84f7e81a7b7db5faaa579bf7e4f49aa44f868ab,2021-10,Staffordshire Police,Staffordshire Police,-2.182429,53.010664,On or near QUEEN ANNE STREET,E01014283,Stoke-on-Trent 016E,Investigation complete; no suspect identified
a7a2e2f8311c5774cd5b1f3a749b29d200fc68a70de08618e10b42ea93eaf5d0,2021-10,Staffordshire Police,Staffordshire Police,-2.213881,52.634079,On or near SLATE LANE,E01029626,South Staffordshire 009A,Investigation complete; no suspect identified
d9c1582e9d5de5639a5c3c1bb9ad882188177c5c0812a045e3bf5b744b0a02f8,2021-10,Staffordshire Police,Staffordshire Police,-2.175420,53.020697,On or near LOWER BETHESDA STREET,E01014287,Stoke-on-Trent 015D,Suspect charged
bd6747594cafad5024a9c82f900bbd74651050906c0d90d5f2dde6b2d9af6c9b,2021-10,Staffordshire Police,Staffordshire Police,-1.934492,52.759004,On or near Shopping Area,E01029404,Cannock Chase 002E,Suspect charged
2e9811ec4a3351a111c25460fe934dd011924af048f1510f104876e61b27e530,2021-10,Staffordshire Police,Staffordshire Police,-2.201193,53.052137,On or near EDGE STREET,E01014252,Stoke-on-Trent 009D,Unable to prosecute suspect
85ae2be7a964ca9bf64af91e400696a8b49bb48b81c7135272eb1b632d0b3342,2021-10,Staffordshire Police,Staffordshire Police,-2.092981,52.722542,On or near CANNOCK ROAD,E01029655,South Staffordshire 001A,Formal action is not in the public interest
0f557b97e058f1cb5b3227c04098399b0dce7d7a266aff06af392edf9040dbaa,2021-10,Staffordshire Police,Staffordshire Police,-2.092981,52.722542,On or near CANNOCK ROAD,E01029655,South Staffordshire 001A,Formal action is not in the public interest
7566a3d7edd0672e38fe851dcde863fc6e84f645052371b04540d2e5b6906674,2021-10,Staffordshire Police,Staffordshire Police,-2.092981,52.722542,On or near CANNOCK ROAD,E01029655,South Staffordshire 001A,Formal action is not in the public interest
5931bcf37605a0c8dfbd5d44f9fda16919eda15b15d68f2a82620c00f4189c36,2021-10,Staffordshire Police,Staffordshire Police,-2.092981,52.722542,On or near CANNOCK ROAD,E01029655,South Staffordshire 001A,Formal action is not in the public interest
8499ff28d0ad887acebe5e35be81a0dba175572510c2fccf0edd767154feb854,2021-10,Staffordshire Police,Staffordshire Police,-2.092981,52.722542,On or near CANNOCK ROAD,E01029655,South Staffordshire 001A,Formal action is not in the public interest
cda5c5c5ddd56d070727aea1a0050e36b5a4fed1a100bc7f8c97fb547e2b4c6f,2021-10,Staffordshire Police,Staffordshire Police,-1.987485,52.798000,On or near COLEY LANE,E01029711,Stafford 008C,Investigation complete; no suspect identified
67b25872007c73891e54b6076e019faebead0f03eda49e8136b7b388670966ad,2021-10,Staffordshire Police,Staffordshire Police,-1.664262,52.624862,On or near BANCROFT,E01029845,Tamworth 007D,Unable to prosecute suspect
c7876ee6dfc3b406296f2f08daf09777a336d9d1c7e088dd34118e28cf7f84c6,2021-10,Staffordshire Police,Staffordshire Police,-1.932007,52.689270,On or near SANDOWN CLOSE,E01029487,Lichfield 006A,Unable to prosecute suspect
1196952195a56309f3559034346494efcd3ad22af126be3119824bee1ae07eb7,2021-10,Staffordshire Police,Staffordshire Police,-2.101876,52.986795,On or near COYNEY GROVE,E01014365,Stoke-on-Trent 024C,Unable to prosecute suspect
ea20669eb1b28c71c962f2c790f88d2a572ab846644d874defae8bf5e9163136,2021-10,Staffordshire Police,Staffordshire Police,-1.640727,52.792819,On or near ALL SAINTS CROFT,E01029409,East Staffordshire 011C,Local resolution
62167a0923462c03ecaae651f6349488d6d1798f6508977ef29a2c7d126856aa,2021-10,Staffordshire Police,Staffordshire Police,,,No location,,,Unable to prosecute suspect
115b78e18f2a7db09d06429252b56010840843875a5c76ca2366a18a690d8f42,2021-10,Staffordshire Police,Staffordshire Police,-1.826831,52.678502,On or near WILTELL ROAD,E01029519,Lichfield 007E,Action to be taken by another organisation
900423d191104baf6480ab9d71684821f939dce568adc74a5e795fed546be108,2021-10,Staffordshire Police,Staffordshire Police,-2.125140,52.645174,On or near Sports/Recreation Area,E01029616,South Staffordshire 006A,Unable to prosecute suspect
e9b525d981dc4720b20adb075324c2dbe474f3e2f43782401e67ffed2236e236,2021-10,Staffordshire Police,Staffordshire Police,-1.721288,52.617494,On or near MANOR ROAD,E01029502,Lichfield 012B,Unable to prosecute suspect
fedf1f0c92a5035c535f4c373465ada388282d4ab18faabb4964904ac3fe7f85,2021-10,Staffordshire Police,Staffordshire Police,-2.231637,52.987431,On or near KENNET CLOSE,E01029590,Newcastle-under-Lyme 015C,Unable to prosecute suspect
010be4789fa4ea1ee95b148477a2d12661869b2ab4f5bf3c98ee6f2205c45664,2021-10,Staffordshire Police,Staffordshire Police,-2.169827,52.681850,On or near DEACONS FIELD,E01029617,South Staffordshire 003A,Further investigation is not in the public interest
284c83d9fb1234feb0da5874741d656daba0b2bd921ab46527cabfefb33c8851,2021-10,Staffordshire Police,Staffordshire Police,-2.169827,52.681850,On or near DEACONS FIELD,E01029617,South Staffordshire 003A,Further investigation is not in the public interest
86ae22c6fa3478cd55cd8b9397de5e54315f2e928c9b72486984c676d3f96faa,2021-10,Staffordshire Police,Staffordshire Police,-1.605255,52.804276,On or near HIGH BANK ROAD,E01029470,East Staffordshire 010C,Suspect charged
e744163edb6f13b6b012a0ab4f4a0fc71e4766c69f01467527a8e5f589ef90bf,2021-10,Staffordshire Police,Staffordshire Police,-2.091111,52.642077,On or near SOUTH VIEW CLOSE,E01029635,South Staffordshire 007D,Investigation complete; no suspect identified
bfb1035597561bd0200ba03433faf392f918c6da5cf0fdc2cab72d34c3ee8381,2021-10,Staffordshire Police,Staffordshire Police,-2.200200,52.595744,On or near SPENSER AVENUE,E01029666,South Staffordshire 011C,Further investigation is not in the public interest
633ccb4de893e9914f1e9a1f8c3e5f6e1c41cb1889e64c955bbc606c39635059,2021-10,Staffordshire Police,Staffordshire Police,-2.168873,53.107452,On or near MAYFIELD ROAD,E01029765,Staffordshire Moorlands 003C,Suspect charged
a85d5136b578f25135417a733b22effa4c0873753a1ef10b2e25f4b9545356d4,2021-10,Staffordshire Police,Staffordshire Police,-2.120535,52.813724,On or near FRIAR STREET,E01029691,Stafford 010B,Unable to prosecute suspect
ff12e6320523277ef6e13180cdfb291c7aa462579fd34048e026cba5855b20b4,2021-10,Staffordshire Police,Staffordshire Police,-1.662544,52.602383,On or near SAXON CLOSE,E01029867,Tamworth 010C,Further action is not in the public interest
d94dd704c8f42bde99402676b4c5e2471e53fd375f2bbf6b6551a5a32a1ec49a,2021-10,Staffordshire Police,Staffordshire Police,-2.181110,53.015979,On or near HARCOURT STREET,E01014281,Stoke-on-Trent 015A,Unable to prosecute suspect
44c4e15f52b3be9dc837cc151f932d79b3e03739c451a154876542956f090c53,2021-10,Staffordshire Police,Staffordshire Police,-1.822256,52.686945,On or near STOWE STREET,E01029526,Lichfield 004E,Investigation complete; no suspect identified
9fa6422afc01565e58bfffbb1ea0aa02095952ab7e73aec1e98515fea521a53c,2021-10,Staffordshire Police,Staffordshire Police,-2.054992,52.642405,On or near Petrol Station,E01029635,South Staffordshire 007D,Unable to prosecute suspect
86be38f9fc64ee78605e67085d66db2bd2a2a654b96adbc7b3b656767d6a57ac,2021-10,Staffordshire Police,Staffordshire Police,-2.031517,52.694293,On or near GRAINGER COURT,E01029367,Cannock Chase 011E,Offender given a caution
e9ce7c2a009ba7ca2ff7e388dc801b86a71fef180ee1ec737b442f931c225dff,2021-10,Staffordshire Police,Staffordshire Police,-2.135289,52.791756,On or near WATTS CLOSE,E01029716,Stafford 013B,Investigation complete; no suspect identified
fb2e52d797ea20c4010c59776851322dc25a0bacad3b67d3b9c4cb9b0e0db8c4,2021-10,Staffordshire Police,Staffordshire Police,-2.108254,52.975751,On or near WATERHEAD ROAD,E01014322,Stoke-on-Trent 031E,Further action is not in the public interest
85e556976d715ca0194c9d3d94a09b6804a2ad58d90c6d2dbeb9a9292f8ef249,2021-10,Staffordshire Police,Staffordshire Police,-2.241380,53.030218,On or near PEACOCK ROAD,E01029559,Newcastle-under-Lyme 007C,Investigation complete; no suspect identified
67f0e5c32050d67346677a464acbbf4547f5d777bfb110d92cb869c5a609ecf9,2021-10,Staffordshire Police,Staffordshire Police,-1.988401,52.980097,On or near ATTLEE ROAD,E01029787,Staffordshire Moorlands 011D,Unable to prosecute suspect
875387743391207f6db8b4cc5a83f527dc824ee1475533d5a687e905d632d77c,2021-10,Staffordshire Police,Staffordshire Police,-2.272087,52.748902,On or near CHURCH EATON ROAD,E01029688,Stafford 015A,Unable to prosecute suspect
fa8af5785ac4ab0ca77d5d4fe32a043d539ed327cc6530a808052bd009294cdb,2021-10,Staffordshire Police,Staffordshire Police,-2.173087,53.048360,On or near ZAMENHOF GROVE,E01014266,Stoke-on-Trent 008B,Investigation complete; no suspect identified
4766f73615aaa4aa457554176373326715391b4c560db33e751d12c8526d0af2,2021-10,Staffordshire Police,Staffordshire Police,-1.969978,52.676188,On or near LEGION CLOSE,E01029396,Cannock Chase 013C,Formal action is not in the public interest
dde79ac17211545bda2351e153fffe652d4c2753fe9be8b18a5e3a7910a46933,2021-10,Staffordshire Police,Staffordshire Police,-1.765281,53.002042,On or near Sports/Recreation Area,E01029467,East Staffordshire 001E,Unable to prosecute suspect
41829dd38455285f9a631b78bf67c478f0f229b460ab54aa586886e4124382bd,2021-10,Staffordshire Police,Staffordshire Police,-2.170288,53.038602,On or near ST ANDREWS CRESCENT,E01014253,Stoke-on-Trent 011B,Investigation complete; no suspect identified
7a20c0e209ae13374d17c142f1e21d539834a5bf72438deb1a27d2cbd98c074b,2021-10,Staffordshire Police,Staffordshire Police,-2.187479,53.020203,On or near WHITMORE STREET,E01014286,Stoke-on-Trent 015C,Investigation complete; no suspect identified
7b633c6d09534245f2467aae6876718a5c01dcda4dd4814740382cac598e5d64,2021-10,Staffordshire Police,Staffordshire Police,-2.130827,52.979567,On or near ERSKINE STREET,E01014306,Stoke-on-Trent 029B,Unable to prosecute suspect
108201cbf058567eb20674618d556cd76b917750a38864c0178915d1f6ad7b1f,2021-10,Staffordshire Police,Staffordshire Police,-1.720525,52.639805,On or near LICHFIELD ROAD,E01029847,Tamworth 001B,Unable to prosecute suspect
326670f1423d6a06b7157b77da70f823891e6a73c3079c59bdc7818e8a8bb4b1,2021-10,Staffordshire Police,Staffordshire Police,-1.720525,52.639805,On or near LICHFIELD ROAD,E01029847,Tamworth 001B,Unable to prosecute suspect
837d9fe67668eedb37150c0be5e18300b304246fc5f822223aab70873a746302,2021-10,Staffordshire Police,Staffordshire Police,-1.720525,52.639805,On or near LICHFIELD ROAD,E01029847,Tamworth 001B,Unable to prosecute suspect
460b8bb19e142da599f6b63d2eb64cada6b797680a5ce7058e1d79275697419c,2021-10,Staffordshire Police,Staffordshire Police,-1.720525,52.639805,On or near LICHFIELD ROAD,E01029847,Tamworth 001B,Unable to prosecute suspect
7c15b930555ee7e9ceefa7fe40b3b1136bc6b2a60d3f92af3c477c49e2a6e9dd,2021-10,Staffordshire Police,Staffordshire Police,-1.670557,52.614865,On or near Pedestrian Subway,E01029829,Tamworth 010A,Local resolution
7c15b930555ee7e9ceefa7fe40b3b1136bc6b2a60d3f92af3c477c49e2a6e9dd,2021-10,Staffordshire Police,Staffordshire Police,-1.670557,52.614865,On or near Pedestrian Subway,E01029829,Tamworth 010A,Local resolution
7c15b930555ee7e9ceefa7fe40b3b1136bc6b2a60d3f92af3c477c49e2a6e9dd,2021-10,Staffordshire Police,Staffordshire Police,-1.670557,52.614865,On or near Pedestrian Subway,E01029829,Tamworth 010A,Local resolution
fcdd08de26e7b9917c80f8344cd3ffad845dcfdd5cfccd81e1a8690097039c18,2021-10,Staffordshire Police,Staffordshire Police,-2.080830,52.788534,On or near Police Station,E01029760,Stafford 014H,Unable to prosecute suspect
c3873f8e2132f70d326232202ae795a92f5d0877d33bba4835b0f939183a3b13,2021-10,Staffordshire Police,Staffordshire Police,-2.178589,53.011838,On or near CAULDON ROAD,E01014282,Stoke-on-Trent 016D,Investigation complete; no suspect identified
ba350312cc3a835a831e35516777c9145fad9fac347a222dcbcca5eaa2f32af3,2021-10,Staffordshire Police,Staffordshire Police,-1.970351,52.671711,On or near JEROME ROAD,E01029397,Cannock Chase 013D,Offender given a caution
deee48eda5d6a9d83da5cd683868b6275c80c3c22ded47f341646d0ad0ec7af4,2021-10,Staffordshire Police,Staffordshire Police,-1.974297,52.675254,On or near BROADOAKS CLOSE,E01029396,Cannock Chase 013C,Further investigation is not in the public interest
f7151d7b7904fa421d6aa16823f4aae0cca80fd57fe7376cf77a3054bc400881,2021-10,Staffordshire Police,Staffordshire Police,-1.802762,52.682941,On or near NETHERBRIDGE AVENUE,E01029484,Lichfield 005B,Investigation complete; no suspect identified
3ab5d2377cc38f44a74895e69c689fa757845eca26f9400f02d193ddef2592cb,2021-10,Staffordshire Police,Staffordshire Police,-2.160838,53.019999,On or near HOWARD CRESCENT,E01033216,Stoke-on-Trent 016G,Investigation complete; no suspect identified
6388e54ce1812560e3e1fb684ef557cee72571932ccc71e1335655095fb0d375,2021-10,Staffordshire Police,Staffordshire Police,-2.209280,53.003150,On or near HILTON ROAD,E01014294,Stoke-on-Trent 018F,Suspect charged
dd356a3c28a32ca6e06a0740aaf9eed3c07e718ca64d3b1da819e850edf7934a,2021-10,Staffordshire Police,Staffordshire Police,-2.018671,52.720491,On or near DAISY BANK,E01029383,Cannock Chase 004A,Unable to prosecute suspect
d9bb718655b9178fa957643b99614a6d9c441a6d60c0fa34e8a375cf5d1f58d2,2021-10,Staffordshire Police,Staffordshire Police,-2.216236,53.011470,On or near LOCKWOOD STREET,E01029603,Newcastle-under-Lyme 011D,Suspect charged
d9bb718655b9178fa957643b99614a6d9c441a6d60c0fa34e8a375cf5d1f58d2,2021-10,Staffordshire Police,Staffordshire Police,-2.216236,53.011470,On or near LOCKWOOD STREET,E01029603,Newcastle-under-Lyme 011D,Suspect charged
7f752a54ff11f2e63c3fec9611ed55d2843ce75716792750f0720063decd8667,2021-10,Staffordshire Police,Staffordshire Police,-1.965321,52.711327,On or near CANNOCK WOOD STREET,E01029400,Cannock Chase 006D,Unable to prosecute suspect
79a5815632fe4b733e35826aeea739ebee2f43496f0409e5ba9326117fb8bec6,2021-10,Staffordshire Police,Staffordshire Police,-2.025397,53.106337,On or near Parking Area,E01029804,Staffordshire Moorlands 005A,Unable to prosecute suspect
be69c3411f2fd27fe62faa6cf15c5e510da9b90bc22f34264a5e942f5beba5ae,2021-10,Staffordshire Police,Staffordshire Police,-2.210965,53.058232,On or near TOWER SQUARE,E01014355,Stoke-on-Trent 005B,Unable to prosecute suspect
dcc18f53aae5666679311a7441996a4c6bdc27331c55bda527a5346629f983db,2021-10,Staffordshire Police,Staffordshire Police,-1.643361,52.798967,On or near CLARENCE STREET,E01029408,East Staffordshire 011B,Local resolution
9626fb41f191da5b13e81bc1040c2333924aa883dc56342c858214c5ff2920d0,2021-10,Staffordshire Police,Staffordshire Police,-2.029904,52.672394,On or near LAKESIDE BOULEVARD,E01029359,Cannock Chase 012A,Further action is not in the public interest
d605eba7df7abc2fc7c163cfad9ccabcaea330374bec4f2aaebb694e49ee06d9,2021-10,Staffordshire Police,Staffordshire Police,-2.116562,52.803849,On or near PILGRIM STREET,E01029701,Stafford 010E,Unable to prosecute suspect
c5c94cb9d36275b3e46a74466b3bf621d418e6625411377a69f32085c1c2d2ae,2021-10,Staffordshire Police,Staffordshire Police,-1.985656,52.995756,On or near FROGHALL ROAD,E01029782,Staffordshire Moorlands 010B,Unable to prosecute suspect
d8ec67e8abb7c939369104ec5345411f822559fee730328686806856dd162ae4,2021-10,Staffordshire Police,Staffordshire Police,-2.009328,52.718371,On or near HILLSIDE CLOSE,E01029386,Cannock Chase 005B,Investigation complete; no suspect identified
41a6e2a7d1e10516a3881d805b858dd86e0000d7dfe7aacda2a0318bfb0bbeca,2021-10,Staffordshire Police,Staffordshire Police,-2.209931,53.057344,On or near RATHBONE STREET,E01014356,Stoke-on-Trent 005C,Investigation complete; no suspect identified
ba54a964c4d2aa76319e8aaf9629eca2482462ed4604d2c90506bebe305b4be8,2021-10,Staffordshire Police,Staffordshire Police,-2.166896,53.032917,On or near GIBBINS STREET,E01014323,Stoke-on-Trent 013A,Investigation complete; no suspect identified
b2ab59781f1c432f6e4010b45826a851a60d62d9434f5c5a630602ba36ca0415,2021-10,Staffordshire Police,Staffordshire Police,-2.163349,53.108268,On or near ST DAVIDS WAY,E01029764,Staffordshire Moorlands 003B,Investigation complete; no suspect identified
fa3036db504a23971f0b95d70272886de5174290ed78364beaf45131edf94717,2021-10,Staffordshire Police,Staffordshire Police,-2.141273,53.049859,On or near Supermarket,E01014265,Stoke-on-Trent 007D,Investigation complete; no suspect identified
bc51593fc79dbf562819244f396f410b33c70b3c9c887ffcbc3a5e9eaed7f91b,2021-10,Staffordshire Police,Staffordshire Police,-2.049167,52.679220,On or near WOLVERHAMPTON ROAD,E01029361,Cannock Chase 012C,Suspect charged
17fcd382a09a2f0ef3859d6005dae521f636b0dedfda89d89ab94c49e0cc3f48,2021-10,Staffordshire Police,Staffordshire Police,-1.965587,53.166022,On or near A53,E01029797,Staffordshire Moorlands 001A,Further action is not in the public interest
7393e055dc4175e3805e4a477a8c9b9dd8005a825865f06c1a8669d7f1a2d301,2021-10,Staffordshire Police,Staffordshire Police,-2.212426,53.015648,On or near KINGS TERRACE,E01014288,Stoke-on-Trent 018A,Unable to prosecute suspect
826b7d907e324aa0138d89d093fc218190b02b399a855697c4dda18f2afee359,2021-10,Staffordshire Police,Staffordshire Police,-2.161207,53.062912,On or near Supermarket,E01014336,Stoke-on-Trent 004D,Suspect charged
449518af548198ad6dd8f850f706d6fdc0a6fd129e6d19588df68c8e6dafbf37,2021-10,Staffordshire Police,Staffordshire Police,,,No location,,,Suspect charged
684a1cda60b71260d7850e101b7e05ab47b134061f2895172ba7737b573f29a2,2021-10,Staffordshire Police,Staffordshire Police,-2.192404,53.028195,On or near RIDGEHOUSE DRIVE,E01014285,Stoke-on-Trent 015B,Suspect charged
f43bfc624b898d02b13d198da6897fbbf32aa63dc3c322d5d45bc7eaa081efa1,2021-10,Staffordshire Police,Staffordshire Police,-2.215419,53.110729,On or near HILLSIDE CLOSE,E01029582,Newcastle-under-Lyme 001D,Investigation complete; no suspect identified
376969fd3a1854bd1e24727d8aaf4689b1f4d0be9e356826252ec6a083d1a70e,2021-10,Staffordshire Police,Staffordshire Police,-2.174643,53.027593,On or near TOWN ROAD,E01014287,Stoke-on-Trent 015D,Suspect charged
10f7ba299c5f968725844b4fc7411a46eef12c5e4ebdd86f605304240854aea3,2021-10,Staffordshire Police,Staffordshire Police,-2.228439,52.450443,On or near Sports/Recreation Area,E01029649,South Staffordshire 014A,Formal action is not in the public interest
45bff6c11db98a7d415710757376746f6de4bcc989e33054ee004eb613e6ebc5,2021-10,Staffordshire Police,Staffordshire Police,-2.164713,53.027554,On or near EASTBOURNE ROAD,E01014328,Stoke-on-Trent 013C,Investigation complete; no suspect identified
ccf0068fc4c4f089f5ffb170744de6534e21862676f1604f70c034c365a61792,2021-10,Staffordshire Police,Staffordshire Police,-2.184850,53.053952,On or near WOODLAND GROVE,E01014245,Stoke-on-Trent 006E,Offender given a caution
0b50d763152a6658c69e5b3e818360167a3137f7b7d7eb895b482bcde4c2e98e,2021-10,Staffordshire Police,Staffordshire Police,-1.934845,52.760712,On or near Supermarket,E01029404,Cannock Chase 002E,Further action is not in the public interest
37ff63a94c9167c450db377bc296a7bc5f1ad29839e4d99c487d91c5b64302b3,2021-10,Staffordshire Police,Staffordshire Police,-1.625952,52.807318,On or near WETMORE ROAD,E01032896,East Staffordshire 011F,Investigation complete; no suspect identified
d78fb80ad25311e9327c1546dfee3b1f95e3f5387bb64b313f73204eebf1d9fa,2021-10,Staffordshire Police,Staffordshire Police,-2.186055,53.066813,On or near BROCKBANK PLACE,E01014262,Stoke-on-Trent 003B,Unable to prosecute suspect
606f47e65197cb10435d199d7cbf4e37e230bcc0c5dd42663dc291ca638f4bbc,2021-10,Staffordshire Police,Staffordshire Police,-2.170659,53.053056,On or near SPARROW STREET,E01014268,Stoke-on-Trent 008C,Investigation complete; no suspect identified
9309a5a678cf980c1688ac28fdad89e8c08f109402c1d7a7600bc2a3a4a17c5a,2021-10,Staffordshire Police,Staffordshire Police,-2.030542,52.696073,On or near BALTIC CLOSE,E01029367,Cannock Chase 011E,Suspect charged
5030380eefe2ac4b72ed507c74217ac0081f0a2734ee62cb608ff0da2a702595,2021-10,Staffordshire Police,Staffordshire Police,-2.025277,52.675173,On or near WALSALL ROAD,E01029359,Cannock Chase 012A,Unable to prosecute suspect
f76fbeb550c53322b03ffc454c225aec5b32f2546bd19007e8aa17dc8aa0de6f,2021-10,Staffordshire Police,Staffordshire Police,-2.178264,53.048694,On or near A5272,E01014266,Stoke-on-Trent 008B,Investigation complete; no suspect identified
9cbf257a2c034988afa56b2ebe8ea9f8c91a798cc1166e09ee00e20ba9c73f0c,2021-10,Staffordshire Police,Staffordshire Police,-1.880961,52.919729,On or near THE ORCHARD,E01029405,East Staffordshire 001A,Investigation complete; no suspect identified
d5900a5087257bf9805a553799d39f26c546afd167c31bf69655c1df30e49e76,2021-10,Staffordshire Police,Staffordshire Police,-2.200145,53.044938,On or near PACK HORSE LANE,E01014251,Stoke-on-Trent 009C,Local resolution
9d61b290a46f3694367cfc0a458095e5bcbf8e63332913790b57565a68f3f4c7,2021-10,Staffordshire Police,Staffordshire Police,-2.192740,53.039970,On or near CAMOYS ROAD,E01014251,Stoke-on-Trent 009C,Investigation complete; no suspect identified
c85e54dd783f14d88d1939c6e570528e430d21bec3e2a43f8317f61f38304be4,2021-10,Staffordshire Police,Staffordshire Police,-2.135669,52.989530,On or near TIMES SQUARE,E01014302,Stoke-on-Trent 022D,Unable to prosecute suspect
0fa67b1503d7ea815ee72bc2c4acbb2b5c0aaf381ef9575d33f9bdc8b8aa41b4,2021-10,Staffordshire Police,Staffordshire Police,-2.110226,52.978320,On or near HIGHFIELD AVENUE,E01014322,Stoke-on-Trent 031E,Unable to prosecute suspect
78868102d64961313137b8520d8d878c58a1b14721fa647dac8cba1078411b7f,2021-10,Staffordshire Police,Staffordshire Police,-2.188142,53.035708,On or near Shopping Area,E01014255,Stoke-on-Trent 009E,Local resolution
85e4a751f79ac9784fceab58236439ce3e12666ce5a01fe2ecc1281c3e6139ef,2021-10,Staffordshire Police,Staffordshire Police,-1.933573,52.670744,On or near Parking Area,E01029497,Lichfield 006E,Unable to prosecute suspect
c2b420bb88865ed9a3f69a1f59bd2a0926c1b0ba71ad9e3094323d6237dba59a,2021-10,Staffordshire Police,Staffordshire Police,-1.933573,52.670744,On or near Parking Area,E01029497,Lichfield 006E,Unable to prosecute suspect
aa20d740a97d6da8b48659f4072b70d2f021f39bbb2e1225d522426a88686e92,2021-10,Staffordshire Police,Staffordshire Police,-1.987068,52.954405,On or near NEW ROAD,E01029791,Staffordshire Moorlands 013E,Formal action is not in the public interest
aa20d740a97d6da8b48659f4072b70d2f021f39bbb2e1225d522426a88686e92,2021-10,Staffordshire Police,Staffordshire Police,-1.987068,52.954405,On or near NEW ROAD,E01029791,Staffordshire Moorlands 013E,Formal action is not in the public interest
66c2fb6fbdc2b265c7e9bbe37aa053d72a958653edb7dc783f1f99ce4ec9648c,2021-10,Staffordshire Police,Staffordshire Police,-2.167772,53.032080,On or near MYATT STREET,E01014329,Stoke-on-Trent 013D,Investigation complete; no suspect identified
72c35011b3bc1b6edd75fea5f82a802effd4f9a92420f035c554240765ed4573,2021-10,Staffordshire Police,Staffordshire Police,-1.633643,52.787008,On or near NORFOLK ROAD,E01029450,East Staffordshire 014B,Unable to prosecute suspect
ffa3be338b041a26a554708dd4b0256a5ce6728ed2c1b64feff00597ffe04cd9,2021-10,Staffordshire Police,Staffordshire Police,-1.632366,52.785467,On or near RUTLAND CLOSE,E01029450,East Staffordshire 014B,Unable to prosecute suspect
0d0f0bd6b7f1fb69488a028ed962df8db79c7c673d92ddc8498f9b77653bf98d,2021-10,Staffordshire Police,Staffordshire Police,-1.836003,52.966438,On or near B5030,E01029422,East Staffordshire 001C,Investigation complete; no suspect identified
631d4c7467466e7a158d9c4d34b5510f07ac385cc90b2a32d69343619d619686,2021-10,Staffordshire Police,Staffordshire Police,-2.011485,52.699411,On or near BUTTERMERE CLOSE,E01029351,Cannock Chase 008C,Offender given a caution
2215352e013a5a0ed8f43f6afd54f2d1a03b1c8b5687be8209d9b2f18a2ab6ba,2021-10,Staffordshire Police,Staffordshire Police,-2.203259,53.047369,On or near WESTPORT ROAD,E01014252,Stoke-on-Trent 009D,Unable to prosecute suspect
548339ebb89541f0ae2796805d74dd3a6449ae23c8fe1331d145010720e3bf7f,2021-10,Staffordshire Police,Staffordshire Police,-2.011485,52.699411,On or near BUTTERMERE CLOSE,E01029351,Cannock Chase 008C,Offender given a caution
0ddf950fc6edb847b0728cbd5296679678256582f8167152ae2c77392d4323a5,2021-10,Staffordshire Police,Staffordshire Police,-2.176159,53.026395,On or near Shopping Area,E01014287,Stoke-on-Trent 015D,Local resolution
56a9726a8c3a471e06a910640e8dc7368679041dadfcca61a2e9f1cd7a6875b7,2021-10,Staffordshire Police,Staffordshire Police,-1.831928,52.684002,On or near BIRD STREET,E01032899,Lichfield 004F,Investigation complete; no suspect identified
204a17130e1a70c0d1088c709cb9909185b69786da34cdfcc39f94e820e49e8d,2021-10,Staffordshire Police,Staffordshire Police,-1.956109,53.205121,On or near A53,E01029797,Staffordshire Moorlands 001A,Investigation complete; no suspect identified
025f41aa1517d285f67c89c596be71deb514f176c6edafeb19b3128c8015f552,2021-10,Staffordshire Police,Staffordshire Police,-2.158292,52.890665,On or near WEDGEWOOD AVENUE,E01029755,Stafford 004E,Unable to prosecute suspect
a1015fa0e20926a2f663278d97d6f080ba3e47861e429605fd6d59caff5b358b,2021-10,Staffordshire Police,Staffordshire Police,-1.657650,52.631702,On or near HORNBEAM,E01029824,Tamworth 003D,Further action is not in the public interest
faab19ac0e1a22032637f5e5092dfec4cddf41e87e449472ef5ca4ae11cbe5d3,2021-10,Staffordshire Police,Staffordshire Police,-2.116405,52.817055,On or near PEEL TERRACE,E01029689,Stafford 010A,Unable to prosecute suspect
ea751824ba12f5a511153caa3776d95fc8baf8604893b355583ca4723b031258,2021-10,Staffordshire Police,Staffordshire Police,-1.621118,52.789953,On or near SAXON STREET,E01029449,East Staffordshire 014A,Unable to prosecute suspect
1111c6d309ad961a264e701b6d696d2689298f842a2f1758fddb627ff1d53104,2021-10,Staffordshire Police,Staffordshire Police,-1.932846,52.672325,On or near EDWARDS ROAD,E01029496,Lichfield 010A,Unable to prosecute suspect
3cd2f2423210760175a56c90e7279e35e7b62dda5a3a0a520936e1dbc607ebbc,2021-10,Staffordshire Police,Staffordshire Police,-2.038167,52.684303,On or near IVY CLOSE,E01029365,Cannock Chase 011C,Investigation complete; no suspect identified
b93d55975a1eb5675aadc2bbbf5732610bd39a291bb805ff221e04ae9769b8e3,2021-10,Staffordshire Police,Staffordshire Police,-1.704961,52.620449,On or near HEREFORD WAY,E01029839,Tamworth 005D,Investigation complete; no suspect identified
79cffbfb7fb220d9d124f71f4fcdf1d018f94683ccc7819dbe3bd59c0fcf5e11,2021-10,Staffordshire Police,Staffordshire Police,-1.965533,52.781446,On or near Park/Open Space,E01029711,Stafford 008C,Action to be taken by another organisation
2221f6db2f1a8b070c06d56a59cc88e861bfa1ae7422c646b424dba62dd544ba,2021-10,Staffordshire Police,Staffordshire Police,-2.030133,52.959391,On or near CHURCH LANE,E01029789,Staffordshire Moorlands 012B,Investigation complete; no suspect identified
6e43cba800611637ca8e2c269ab3d94f748102a74176270251d0ba807fa30b44,2021-10,Staffordshire Police,Staffordshire Police,-2.205716,53.043319,On or near NEWCASTLE STREET,E01014250,Stoke-on-Trent 009B,Investigation complete; no suspect identified
24523d943e0ed9f5aa95017af6308ff55ed1875aaba797237f86fd982e604780,2021-10,Staffordshire Police,Staffordshire Police,-2.022095,53.104576,On or near Parking Area,E01029804,Staffordshire Moorlands 005A,Local resolution
ade9acc9f2aa9969a4e111e3031611a33bddadada6d9d343388d420beca5c040,2021-10,Staffordshire Police,Staffordshire Police,-2.017106,52.657591,On or near Parking Area,E01029644,South Staffordshire 005E,Investigation complete; no suspect identified
73a3495a7fd787d7b4c7031f0fbdc595fd22bebece2074105df32d2187237794,2021-10,Staffordshire Police,Staffordshire Police,-2.186728,52.998234,On or near CORPORATION STREET,E01014340,Stoke-on-Trent 019D,Unable to prosecute suspect
299dccc74c1ff778cbe937c1102cdf42247d3e3e3bcdd2de921916bc5fbde960,2021-10,Staffordshire Police,Staffordshire Police,-2.179245,53.022588,On or near CROWN STREET,E01014287,Stoke-on-Trent 015D,Investigation complete; no suspect identified
4f14b145c14e0b2ab45eb1ea6fc38723435fc00a2f76fa62ba2cca3d025f74d9,2021-10,Staffordshire Police,Staffordshire Police,-2.206068,53.063967,On or near FURLONG ROAD,E01014355,Stoke-on-Trent 005B,Unable to prosecute suspect
35d7d49bcaafb120c7f5d141ff09988d7bf16502c43419bd973386652ec10dde,2021-10,Staffordshire Police,Staffordshire Police,-2.154621,53.003099,On or near BASSILOW ROAD,E01014274,Stoke-on-Trent 020A,Investigation complete; no suspect identified
fa86d8cb87c0f55334fa99701968447d0a72459beab0e5539f5b4c7951d306a0,2021-10,Staffordshire Police,Staffordshire Police,-2.119827,52.804601,On or near Parking Area,E01029701,Stafford 010E,Suspect charged
48818ed15aed4b146c099105c3dc71ff08b69f2e7f666dfae3152c44680614bb,2021-10,Staffordshire Police,Staffordshire Police,-2.026090,52.747270,On or near Parking Area,E01029730,Stafford 014C,Investigation complete; no suspect identified
336b93471ed2ab0acb4c87e363a7ed9793d044f094a2f70a2d02fd370866dc08,2021-10,Staffordshire Police,Staffordshire Police,-2.188534,52.999049,On or near EMPIRE PASSAGE,E01014340,Stoke-on-Trent 019D,Further investigation is not in the public interest
b662b44d913510ceb3328474f40f01ec687b5f5b464ab583b99e4e244f787d8e,2021-10,Staffordshire Police,Staffordshire Police,-2.172659,52.986264,On or near DENNIS VIOLLET AVENUE,E01014234,Stoke-on-Trent 026B,Unable to prosecute suspect
28bd1e89af3b56b3960c402b0309c82c7596e8c8d66c3f0ce3cd0111a5610d4e,2021-10,Staffordshire Police,Staffordshire Police,-2.033581,53.104475,On or near LANGFORD STREET,E01029812,Staffordshire Moorlands 005D,Unable to prosecute suspect
8ae967802b4e1f1573a6414b29bdb9a6e3325a2354a9233789885ac8dc07a771,2021-10,Staffordshire Police,Staffordshire Police,-1.983153,52.955268,On or near PARKLANDS ROAD,E01029790,Staffordshire Moorlands 013D,Unable to prosecute suspect
61e36e697a803316cb6c2dcfaa946b9356a5e1879fa8df04ffaf0f3ec829fcbb,2021-10,Staffordshire Police,Staffordshire Police,-1.958889,52.656830,On or near Parking Area,E01029395,Cannock Chase 013B,Investigation complete; no suspect identified
227eceb5e7cf647724b9208503b724985631cfbc7a11517eef145e7dd1cfedc2,2021-10,Staffordshire Police,Staffordshire Police,-1.811158,52.687629,On or near BRAEBURN CLOSE,E01029524,Lichfield 005F,Unable to prosecute suspect
336adfdba28a562c0078ae286a3d352337cb08ad0c41b53706f0336952c98a5d,2021-10,Staffordshire Police,Staffordshire Police,-1.624509,52.823243,On or near Sports/Recreation Area,E01029428,East Staffordshire 008C,Unable to prosecute suspect
f9cd66346de99db8a2dd679fd2f29ac77c2c74e947431617fd2808f0ca397f53,2021-10,Staffordshire Police,Staffordshire Police,-1.659404,52.622718,On or near BRAIN STREET,E01029841,Tamworth 003E,Unable to prosecute suspect
61eb0dc8bbf3acc4cabd73f2c80adba2ed5f5834401f57d3a8f79ede61a64909,2021-10,Staffordshire Police,Staffordshire Police,-2.562493,52.866785,On or near MILL ROAD,E01028870,Shropshire 013B,Unable to prosecute suspect
c2264f0353d3e05080933b4b28404e7e962b7e4279bdf4a73a85dd523b92ed7a,2021-10,Staffordshire Police,Staffordshire Police,-2.562493,52.866785,On or near MILL ROAD,E01028870,Shropshire 013B,Unable to prosecute suspect
9e725b28e13b69c0a9031b73049597bcc6aa2e65ba163de6e2cfaca40a822012,2021-10,Staffordshire Police,Staffordshire Police,-1.781085,52.713792,On or near HALIFAX AVENUE,E01029479,Lichfield 002C,Unable to prosecute suspect
c2c3513911f3e21bc41ce44cf407c89232a3329e3f5c7a045a461d008e97181e,2021-10,Staffordshire Police,Staffordshire Police,-2.104276,52.727683,On or near LEACROFT ROAD,E01029655,South Staffordshire 001A,Investigation complete; no suspect identified
3cd995bf88f88b720fe52e7109aa9d635094d3d17f673a336fda345974645099,2021-10,Staffordshire Police,Staffordshire Police,-2.254530,53.083038,On or near BRINDLEY CLOSE,E01029543,Newcastle-under-Lyme 003D,Unable to prosecute suspect
96423d69aca1d6f41eb23dce472a6351037d68df8baeb7b4edd9539616991605,2021-10,Staffordshire Police,Staffordshire Police,-1.601306,52.809566,On or near MEAR GREAVES LANE,E01029469,East Staffordshire 010B,Investigation complete; no suspect identified
4ba656dfb186a800d3a390db74119d585fc1fa73c28dacadc6ace05267a561ce,2021-10,Staffordshire Police,Staffordshire Police,-2.033112,52.689941,On or near HIGH GREEN,E01029365,Cannock Chase 011C,Investigation complete; no suspect identified
26f06f763deea1b55987269edcba5b25294db36ff52f19a0345990921e04adee,2021-10,Staffordshire Police,Staffordshire Police,-2.260690,53.072210,On or near CROWN GARDENS,E01029597,Newcastle-under-Lyme 003F,Investigation complete; no suspect identified
5a5fad4091795383eb764263bdc6a6561272a100f568e026ed7ec4bccca639f3,2021-10,Staffordshire Police,Staffordshire Police,-2.177415,53.027185,On or near NEW HALL STREET,E01014287,Stoke-on-Trent 015D,Formal action is not in the public interest
65b4edd82195ae926fc07ea7f36033cecbd43e9dbb9211e668c6825161577ba5,2021-10,Staffordshire Police,Staffordshire Police,-2.182383,52.964433,On or near OAKTREE ROAD,E01014351,Stoke-on-Trent 034C,Investigation complete; no suspect identified
9e5ecc4e96ee9ce4588fbf4cb8823d52709fdf59257d20d48630566b5143e465,2021-10,Staffordshire Police,Staffordshire Police,-1.696242,52.633893,On or near CHURCH STREET,E01029835,Tamworth 002A,Investigation complete; no suspect identified
4bc67264288d4e698b5e59d3375b27ec82e5e405de5893d2deb8947699d2baa7,2021-10,Staffordshire Police,Staffordshire Police,-1.799686,52.682639,On or near THE PINES,E01029483,Lichfield 005A,Unable to prosecute suspect
40e898beeb4c2cf7cdaad3417778c8cf62b70053a4ab5e8ceb7cb94041f29af0,2021-10,Staffordshire Police,Staffordshire Police,-2.197483,52.978162,On or near LEVESON ROAD,E01014353,Stoke-on-Trent 030D,Unable to prosecute suspect
b4c78c03f6cc1a45b52ad8ee92648a13418d6b1a166157f4c7a3c44714444778,2021-10,Staffordshire Police,Staffordshire Police,-1.967929,52.666524,On or near KNIGHTS COURT,E01029395,Cannock Chase 013B,Unable to prosecute suspect
22e1ee617e5c70c1dee554b86aa5f2e9796126af18c4570013110cbc7cbbe56a,2021-10,Staffordshire Police,Staffordshire Police,-2.131026,52.794674,On or near SWINBURNE CLOSE,E01029737,Stafford 012C,Further action is not in the public interest
c6c21cb82b20f10368f338f0fbd4dcce8b0420e71b7562478ab754167611b45e,2021-10,Staffordshire Police,Staffordshire Police,-2.207409,53.041878,On or near MADDOCK STREET,E01014250,Stoke-on-Trent 009B,Investigation complete; no suspect identified
1df182ac3e60343b535c1d91cb29c773ad2bd63f1eab3fc4c5ad4d69e032caa3,2021-10,Staffordshire Police,Staffordshire Police,-1.675604,52.601439,On or near MEANDER CLOSE,E01032901,Tamworth 010F,Further investigation is not in the public interest
7c5092a410957f9eaf236f4eb9d5b816a81da6f7c7fd691f3263e92452073fc8,2021-10,Staffordshire Police,Staffordshire Police,-2.183193,52.997395,On or near WINDSMOOR STREET,E01014339,Stoke-on-Trent 019C,Unable to prosecute suspect
af69588fca6c52193cfc2ee6a0666c37408588c5569f3686f0d10ae2186280f3,2021-10,Staffordshire Police,Staffordshire Police,-2.172659,52.986264,On or near DENNIS VIOLLET AVENUE,E01014234,Stoke-on-Trent 026B,Unable to prosecute suspect
ce63402bc613100f82b061a78bc03c6c8debdca46af1490fea5027a46f992b80,2021-10,Staffordshire Police,Staffordshire Police,-1.833095,52.692148,On or near FRIDAY ACRE,E01029492,Lichfield 004A,Investigation complete; no suspect identified
87b80694d38a481c88315a54f77228a96062514a0766bdbef06579db8157f34f,2021-10,Staffordshire Police,Staffordshire Police,-1.965587,53.166022,On or near A53,E01029797,Staffordshire Moorlands 001A,Unable to prosecute suspect
235fc910c464f0a3beac378e8a08efdf3d42722a2d3ebb5bdd96a24a5a26039b,2021-10,Staffordshire Police,Staffordshire Police,-2.119827,52.804601,On or near Parking Area,E01029701,Stafford 010E,Further action is not in the public interest
05603b2e809e589a3ec566d85f0e32bd6c6de0a8ce53ecbb94ed6563936c2827,2021-10,Staffordshire Police,Staffordshire Police,-2.244339,53.018239,On or near ST GILE'S ROAD,E01029566,Newcastle-under-Lyme 010C,Investigation complete; no suspect identified
6ad0e1dad9e3a9cfb3d83280fa7256f6c0625ed8660afc6bea6e844e6450d1ae,2021-10,Staffordshire Police,Staffordshire Police,-1.972441,52.710349,On or near AINTREE CLOSE,E01029400,Cannock Chase 006D,Action to be taken by another organisation
c33632e6ea3566e20662351481d941371167de7918fa2c2d79f39f8a2fc946f5,2021-10,Staffordshire Police,Staffordshire Police,-1.532150,52.774390,On or near TEASEL DRIVE,E01019885,South Derbyshire 013C,Unable to prosecute suspect
8654c9687a569fdfaa42ae796dc2a9a44a76006abd4d295f5bdf9375863d081f,2021-10,Staffordshire Police,Staffordshire Police,-2.177097,53.026053,On or near Nightclub,E01014287,Stoke-on-Trent 015D,Unable to prosecute suspect
2df5b7fc5071816394c74004624ef4bafe7689d07e13f3c690ed2b0f7a835d07,2021-10,Staffordshire Police,Staffordshire Police,-1.866690,52.897969,On or near CARTER STREET,E01029460,East Staffordshire 003B,Unable to prosecute suspect
34cb1fe43534ef3bc9c1a20013f50be5b2f60f8b76eb41b03ebd4735dba1b471,2021-10,Staffordshire Police,Staffordshire Police,-2.133221,52.983124,On or near ROSSLYN ROAD,E01014306,Stoke-on-Trent 029B,Investigation complete; no suspect identified
3bb1504cf219ea0283313bf69b8ab60924061b26bb036fd2aadf333e446e8882,2021-10,Staffordshire Police,Staffordshire Police,-1.656207,52.819536,On or near FAVERSHAM ROAD,E01029435,East Staffordshire 007B,Action to be taken by another organisation
8ba2c0eb3e5c130e9ff6d4218ec89fb571b35f81cabaf4234199b48984de3c28,2021-10,Staffordshire Police,Staffordshire Police,-2.186063,53.003089,On or near LONDON ROAD,E01014345,Stoke-on-Trent 019E,Local resolution
52f326492d92ca296493dacbe78b6658de922d258a33bd3752f511e030955236,2021-10,Staffordshire Police,Staffordshire Police,-2.200153,52.630552,On or near THE SQUARE,E01029627,South Staffordshire 008D,Investigation complete; no suspect identified
790465c328758fe4e337b30f35ed3392d0bbb98bed3816c3180ed8bc656cc6e9,2021-10,Staffordshire Police,Staffordshire Police,-2.195981,53.047660,On or near MOUNTFORD STREET,E01014247,Stoke-on-Trent 009A,Unable to prosecute suspect
6debc89cba45eb935eebfc4d9ea5abe2e6f7c553584315f06813fa0c4fae3247,2021-10,Staffordshire Police,Staffordshire Police,-2.187452,53.007105,On or near FLOYD STREET,E01014293,Stoke-on-Trent 019A,Unable to prosecute suspect
db9aff1540592ef0a9d54915d73f3fc7774cfb3b696eb8a85411f3da05dfe9d6,2021-10,Staffordshire Police,Staffordshire Police,-2.192058,53.020753,On or near KIMBERLEY ROAD,E01014285,Stoke-on-Trent 015B,Unable to prosecute suspect
14e835390b2b6c935c97a27ad5a1065ec7eb02b370f61134363ba17a17b435f5,2021-10,Staffordshire Police,Staffordshire Police,-2.085613,53.026163,On or near JAMES CRESCENT,E01029779,Staffordshire Moorlands 009A,Unable to prosecute suspect
717cec8cff023766dc6a64999db619c00f972392f9cd7a984e1b1122183da502,2021-10,Staffordshire Police,Staffordshire Police,-2.025405,52.665896,On or near FRENSHAM CLOSE,E01029620,South Staffordshire 004A,Investigation complete; no suspect identified
b285ffdd990c17b3fa1a2eb9f62acd53ad43ce733e968d8ca19acea46a8578e8,2021-10,Staffordshire Police,Staffordshire Police,-2.023374,52.712157,On or near BELT ROAD,E01029384,Cannock Chase 005A,Unable to prosecute suspect
38e6f0d07ebb7cd71ce264e5430f827f2c82892c12b14220f5b7bf1e4d7e58cf,2021-10,Staffordshire Police,Staffordshire Police,-2.162614,53.024518,On or near SEYMOUR STREET,E01033216,Stoke-on-Trent 016G,Suspect charged
b10970b57f0054f0c6a927d22e72e44d16b84b6fb1dbaead9b72c31033ca0d62,2021-10,Staffordshire Police,Staffordshire Police,-2.209104,53.040707,On or near PORT STREET,E01014250,Stoke-on-Trent 009B,Investigation complete; no suspect identified
44401e30f8af030933c3d44fb1c46db251560c7bf3fcee5998c2139eef696703,2021-10,Staffordshire Police,Staffordshire Police,-2.163959,53.056724,On or near SPRAGG HOUSE LANE,E01014331,Stoke-on-Trent 004A,Investigation complete; no suspect identified
64407e35faeb3b03c567d7a6afab69b29d3c9d652827497e6fafbfce8be9744b,2021-10,Staffordshire Police,Staffordshire Police,-1.638070,52.800344,On or near ORDISH STREET,E01032898,East Staffordshire 011H,Suspect charged
5b2770f307cedeb626fec87a39d60f308ab025a4d94c5109e829a6f7357b26c8,2021-10,Staffordshire Police,Staffordshire Police,-1.638070,52.800344,On or near ORDISH STREET,E01032898,East Staffordshire 011H,Suspect charged
e96d8fa5dc0cb76316303bcd3a609e164f005f23e9c61c000ae78ec56f8ff56d,2021-10,Staffordshire Police,Staffordshire Police,-1.638070,52.800344,On or near ORDISH STREET,E01032898,East Staffordshire 011H,Suspect charged
2884ffb51df2fd9c950de0e744eb64c196fad9872f97692ac3bcc1042e0064cf,2021-10,Staffordshire Police,Staffordshire Police,-2.209183,53.041704,On or near HARPER STREET,E01014250,Stoke-on-Trent 009B,Unable to prosecute suspect
5568cc25b0ce19325e204d91c5748120f8a36b70e61737a5ec3de6d9e26ff602,2021-10,Staffordshire Police,Staffordshire Police,-2.227060,53.009329,On or near Parking Area,E01029604,Newcastle-under-Lyme 011E,Offender given a caution
62670720876df110797a3abfb3bc78d8dd60fd4f0532bb608489a38542644670,2021-10,Staffordshire Police,Staffordshire Police,-2.126874,52.789545,On or near ATTLEE CRESCENT,E01029717,Stafford 013C,Unable to prosecute suspect
e93f7487abb2239f1157f182b9dff70b315e2076fb3b8472e31faca701761b45,2021-10,Staffordshire Police,Staffordshire Police,-1.983209,52.691473,On or near ST JOHN'S COURT,E01029381,Cannock Chase 009B,Action to be taken by another organisation
b072d7ae7e2d95aaf851b529e335e2e75a4d0bab2366c7ed188bef7ef5a5d19b,2021-10,Staffordshire Police,Staffordshire Police,-2.044754,52.630623,On or near BURSNIPS ROAD,E01029632,South Staffordshire 007A,Investigation complete; no suspect identified
9351399921b0cdb8c012c79ca1798ae156d5f2f3fbac2557000201e84e823dfa,2021-10,Staffordshire Police,Staffordshire Police,-1.642197,52.810694,On or near PRINCESS STREET,E01029447,East Staffordshire 009C,Investigation complete; no suspect identified
5baa4e80b8a60d08bd63f643b692e498cf537729c58ed6912bab6d81bb273119,2021-10,Staffordshire Police,Staffordshire Police,-2.350397,52.992048,On or near BAR HILL,E01029574,Newcastle-under-Lyme 013C,Unable to prosecute suspect
b04566318c7d11cba9fbac53349f2e19a2bedc0de1da33b6ce9f1c45fc537cda,2021-10,Staffordshire Police,Staffordshire Police,-2.198685,53.048554,On or near DARWIN DRIVE,E01014251,Stoke-on-Trent 009C,Investigation complete; no suspect identified
7dd345be5c7c98dda0d93c0e1bd7fcc0f7ff52651cc08e7b09e0132b7e524988,2021-10,Staffordshire Police,Staffordshire Police,-2.026308,52.692990,On or near CALVING HILL,E01029367,Cannock Chase 011E,Further action is not in the public interest
fe20949b8f18b6f3dc9c243b8bc4b059247fde4fa76f434ac2e5b7868e84c8b3,2021-10,Staffordshire Police,Staffordshire Police,-1.826944,52.683752,On or near CONDUIT STREET,E01029526,Lichfield 004E,Further investigation is not in the public interest
b89a8aec78a2daccd858a12b63b1585a4addb898f87d2b3014ebdfd65778c68c,2021-10,Staffordshire Police,Staffordshire Police,-2.166017,53.009969,On or near VICTORIA ROAD,E01014282,Stoke-on-Trent 016D,Formal action is not in the public interest
2077ee2ca35217a25567639502babab9b2dd21d4af2820575cbecb4354180ec6,2021-10,Staffordshire Police,Staffordshire Police,-2.101756,52.809157,On or near WESTHEAD AVENUE,E01029722,Stafford 009C,Suspect charged
7a7278803ddc3cd534769cb0c02ca51382a2753da2eaa77136d41d4fca637a95,2021-10,Staffordshire Police,Staffordshire Police,-2.204575,53.038656,On or near MORAN GROVE,E01014251,Stoke-on-Trent 009C,Unable to prosecute suspect
f3f2d533ae256f731aaaa823485f0b89941843cd8eccc21b8b7d806e8dfe6090,2021-10,Staffordshire Police,Staffordshire Police,-1.630343,52.803718,On or near Parking Area,E01032896,East Staffordshire 011F,Unable to prosecute suspect
3f9d979bf71ad11390786eb334566007254944d4947bb2b10235f7dce367b712,2021-10,Staffordshire Police,Staffordshire Police,-2.133753,53.010693,On or near UFFINGTON PARADE,E01014226,Stoke-on-Trent 014D,Investigation complete; no suspect identified
fd82cc0e7bb2da92bcaf9b03d945582cfddae881269e6910a33ce7b06abd2e09,2021-10,Staffordshire Police,Staffordshire Police,-2.135289,52.791756,On or near WATTS CLOSE,E01029716,Stafford 013B,Formal action is not in the public interest
f6fefd88c1afc8749c3512ea3028ffaf3c151c945bc95ae4d402307da11e0b7c,2021-10,Staffordshire Police,Staffordshire Police,-2.185143,52.539969,On or near MEADOW LANE,E01029673,South Staffordshire 012B,Unable to prosecute suspect
d67ed40fade9025acc714c1b51ee449349d1667df073537948f9a730787c2a3b,2021-10,Staffordshire Police,Staffordshire Police,-1.837490,52.683992,On or near Sports/Recreation Area,E01032899,Lichfield 004F,Investigation complete; no suspect identified
a93a6d62553977c24aea944e75254850a9fcb3ce005c1496971c52675fceac00,2021-10,Staffordshire Police,Staffordshire Police,-2.175289,53.025021,On or near STAFFORD LANE,E01014287,Stoke-on-Trent 015D,Suspect charged
137a40c980601d74946958d8668d0d914106c666cff7f4c96b2c5b8701431c89,2021-10,Staffordshire Police,Staffordshire Police,-1.984407,52.988906,On or near QUEEN STREET,E01029782,Staffordshire Moorlands 010B,Suspect charged
b4a9cfdc512003a4f84dbbce0699274f2541eff4550f192d24d8ac2c729d3c46,2021-10,Staffordshire Police,Staffordshire Police,-2.141123,52.990315,On or near Petrol Station,E01014302,Stoke-on-Trent 022D,Unable to prosecute suspect
fae0a8e2cd0684f7a1f9b994921b71d68e88ec09a2f5b7a39035225a541271a9,2021-10,Staffordshire Police,Staffordshire Police,-2.194673,53.058566,On or near METCALFE ROAD,E01014244,Stoke-on-Trent 006D,Unable to prosecute suspect
beb4ea15f1999458dba01b1cb8434f51762343ddb68d1f5d9d04f70ac2dd2045,2021-10,Staffordshire Police,Staffordshire Police,-2.208806,53.043808,On or near STUBBS STREET,E01014250,Stoke-on-Trent 009B,Unable to prosecute suspect
267a16d3077e1413113530b42b6d1540a3e9e162402841658d3f4fd659a6b6a0,2021-10,Staffordshire Police,Staffordshire Police,-1.662988,52.608066,On or near PADDOCK CLOSE,E01029867,Tamworth 010C,Unable to prosecute suspect
16528952a2f26ed28fa37216f62df36eda6771a87e200f14c11f707d6d2469eb,2021-10,Staffordshire Police,Staffordshire Police,-2.310963,53.037733,On or near Park/Open Space,E01029556,Newcastle-under-Lyme 005E,Offender given a caution
ca99661076c677baa8fee464069e3b8a96159387644df76d479697c0af37a85b,2021-10,Staffordshire Police,Staffordshire Police,-1.636319,52.827163,On or near ST FRANCIS CLOSE,E01029437,East Staffordshire 007D,Unable to prosecute suspect
232b5efff364932ace6c72ebc2de92a4c5ca74720f399be9453fbe5e9dc9d04a,2021-10,Staffordshire Police,Staffordshire Police,-2.181424,53.001892,On or near WOODHOUSE STREET,E01014345,Stoke-on-Trent 019E,Unable to prosecute suspect
b7a8f3604e93012ae385399a0d74286b868cf9bb2993afabaaff88b9e8fc8b6d,2021-10,Staffordshire Police,Staffordshire Police,-2.202437,52.594104,On or near SEVERN DRIVE,E01029666,South Staffordshire 011C,Unable to prosecute suspect
e99251b4145b6114bdefb1333ddec5813d589d2a758b8ac1a7befbcd860ebb76,2021-10,Staffordshire Police,Staffordshire Police,-1.631603,52.784583,On or near SOMERSET ROAD,E01029450,East Staffordshire 014B,Unable to prosecute suspect
72e783527ac8d8b361270bb13fbaf0e97a4d0621f3387596b24a1ee2cc6704c1,2021-10,Staffordshire Police,Staffordshire Police,-2.312598,53.094576,On or near GEORGE BATES CLOSE,E01018391,Cheshire East 042B,Action to be taken by another organisation
270e42c1b464958b293d1c2b01244246dc9540214232fc49c29852386d4081ed,2021-10,Staffordshire Police,Staffordshire Police,-2.081144,52.988501,On or near HALLDEARN AVENUE,E01029778,Staffordshire Moorlands 012A,Local resolution
47c7df1712e6d47114230da44b66d1e4975c90c88fe10d37c222a9e103faefe7,2021-10,Staffordshire Police,Staffordshire Police,-2.139909,53.024727,On or near PENNELL STREET,E01014219,Stoke-on-Trent 014B,Unable to prosecute suspect
c8f51b2cc8b74a384630508eb5146a725c11c36c7e6916b83df732e7a6f34aad,2021-10,Staffordshire Police,Staffordshire Police,-1.826021,52.685153,On or near Parking Area,E01029526,Lichfield 004E,Investigation complete; no suspect identified
2f159fe6d55979436b96977f1c76fce57c390f5bc96f040476bebae4c880de7e,2021-10,Staffordshire Police,Staffordshire Police,-2.149012,52.815265,On or near FERNLEIGH GARDENS,E01029752,Stafford 007E,Investigation complete; no suspect identified
429a817d3fd0865e2723db4166215bd77444fd6f6a8dda4b0c7c7c457eaf493e,2021-10,Staffordshire Police,Staffordshire Police,-2.174992,53.029040,On or near TOWN ROAD,E01014287,Stoke-on-Trent 015D,Investigation complete; no suspect identified
32164459090e2271ed194d1131d24ef089b76a642d01e6f9262bbacd2acdd981,2021-10,Staffordshire Police,Staffordshire Police,-1.720525,52.639805,On or near LICHFIELD ROAD,E01029847,Tamworth 001B,Unable to prosecute suspect
9cb4e9ef45b50fbe92549e5c4b8334383565199b92b411392d185997bc577947,2021-10,Staffordshire Police,Staffordshire Police,-2.025397,53.106337,On or near Parking Area,E01029804,Staffordshire Moorlands 005A,Investigation complete; no suspect identified
3e2d33f01b7d9ae47d037ebd08839e1ab1c9c93e8c55868196cc2efe05633b1e,2021-10,Staffordshire Police,Staffordshire Police,-2.200200,52.595744,On or near SPENSER AVENUE,E01029666,South Staffordshire 011C,Further investigation is not in the public interest
360a392f2a228ced4a31ca675a471c005780604fb238b5765449d679b99e6607,2021-10,Staffordshire Police,Staffordshire Police,-2.171826,53.016595,On or near STONEHAVEN GROVE,E01014287,Stoke-on-Trent 015D,Unable to prosecute suspect
ede2b18e8faa2e70ff2873d776c735c927a254feaea5525f6aa8010a208cf558,2021-10,Staffordshire Police,Staffordshire Police,-2.092981,52.722542,On or near CANNOCK ROAD,E01029655,South Staffordshire 001A,Formal action is not in the public interest
7e5a522c88112f6fce3a071e5a60d80bedd39571edd296895bf04217ba2195b9,2021-10,Staffordshire Police,Staffordshire Police,-2.085613,53.026163,On or near JAMES CRESCENT,E01029779,Staffordshire Moorlands 009A,Unable to prosecute suspect
0675aee4b595989eb84a68d48657e0621884ea7143505a22d54d0e23236661ea,2021-10,Staffordshire Police,Staffordshire Police,-1.659647,52.619985,On or near CHAPELON,E01029842,Tamworth 007B,Unable to prosecute suspect
9c9d4abc4ae9d466921a8c831ead988038816870fbb2442f6a7fd00b6a12bbbe,2021-10,Staffordshire Police,Staffordshire Police,-1.639483,52.812376,On or near VICTORIA ROAD,E01029426,East Staffordshire 008A,Investigation complete; no suspect identified
f97afaca0f24a09d0e6e57fb9a5dd378e8042de48fcd5f8f503cc37808674047,2021-10,Staffordshire Police,Staffordshire Police,-1.663782,52.612302,On or near SHANNON,E01029865,Tamworth 008E,Further action is not in the public interest
1145436a3c67a725175ba20130dda46054a239425a6e0a82a9a7431cf132d91e,2021-10,Staffordshire Police,Staffordshire Police,-2.215134,53.020623,On or near PARKSIDE GROVE,E01029579,Newcastle-under-Lyme 009B,Unable to prosecute suspect
1145436a3c67a725175ba20130dda46054a239425a6e0a82a9a7431cf132d91e,2021-10,Staffordshire Police,Staffordshire Police,-2.215134,53.020623,On or near PARKSIDE GROVE,E01029579,Newcastle-under-Lyme 009B,Unable to prosecute suspect
c9ebfa88408aa49c7047dbebb393050e74941a50ac8069b7b9bd2a4912223a41,2021-10,Staffordshire Police,Staffordshire Police,-2.115769,52.717577,On or near BOSCOMOOR LANE,E01029660,South Staffordshire 001F,Unable to prosecute suspect
71e4dd8eb4c8599f13ca6a57735f9699687f86fb2842bceb229984113352a03d,2021-10,Staffordshire Police,Staffordshire Police,-2.166725,53.019649,On or near AMBASSADOR ROAD,E01033216,Stoke-on-Trent 016G,Investigation complete; no suspect identified
09ab42b605db3f26fa2d2f0ecf3c2258e6e02d494bf2f8a2f72260468d4afc7d,2021-10,Staffordshire Police,Staffordshire Police,-1.994051,52.714398,On or near RUGELEY ROAD,E01029389,Cannock Chase 005D,Investigation complete; no suspect identified
7abafc3634b7954a3db0e07423c731a9810282ea1097e3a7e8cfd0a92b6ddb09,2021-10,Staffordshire Police,Staffordshire Police,-2.259922,53.073569,On or near MONUMENT ROAD,E01029597,Newcastle-under-Lyme 003F,Unable to prosecute suspect
718b0b52ce32697a96bb52f31a104af4f6559a39bac31eddd274a8f8cbd4583f,2021-10,Staffordshire Police,Staffordshire Police,-1.717298,52.617809,On or near BREWSTER CLOSE,E01029503,Lichfield 012C,Further investigation is not in the public interest
8c456513b3a2a50d0e9d441b7784421be60a3b9a6c0ece040ca6e146e89c9cd3,2021-10,Staffordshire Police,Staffordshire Police,-2.186784,53.052609,On or near WILSON STREET,E01014245,Stoke-on-Trent 006E,Investigation complete; no suspect identified
04aee236049a3230c27c28a537cbacdb658db5e3be38570f3337c5f1e6b97998,2021-10,Staffordshire Police,Staffordshire Police,-1.997990,52.686836,On or near A5190,E01029394,Cannock Chase 013A,Unable to prosecute suspect
11bdbd00ae02d3395e4e46776942aa2b82eab1bf8bc542ce5d61ea0e938bbbe6,2021-10,Staffordshire Police,Staffordshire Police,-2.028063,52.684306,On or near HIGH BANK,E01029360,Cannock Chase 012B,Unable to prosecute suspect
f6c4de344b12de4e2d057ccfd69a92041ee429df331935dea769520f916e3e77,2021-10,Staffordshire Police,Staffordshire Police,-1.699927,52.637301,On or near LUDGATE,E01029851,Tamworth 002E,Action to be taken by another organisation
1c5a54b63a023a0ab3b9ab5732c0f02cdc737032fb448f91e5e95fdc0a258ab6,2021-10,Staffordshire Police,Staffordshire Police,-1.698795,52.621485,On or near COLBOURNE ROAD,E01029837,Tamworth 005B,Unable to prosecute suspect
7cc90b17e83856b6df721f712e694d5724e6ed1a5726e1ddcf1cf179c610ea04,2021-10,Staffordshire Police,Staffordshire Police,-1.765281,53.002042,On or near Sports/Recreation Area,E01029467,East Staffordshire 001E,Unable to prosecute suspect
5a62812ed080d23ec9174fd8309135996be57ab9ee19b3cbd51d1b1c3b7afd2e,2021-10,Staffordshire Police,Staffordshire Police,-2.010417,52.688318,On or near WOODPIGEON DRIVE,E01029375,Cannock Chase 010A,Unable to prosecute suspect
93d6377b8e4f810efa3b56d14877ffcaacaae8d0c837b5f7d510e7023289acce,2021-10,Staffordshire Police,Staffordshire Police,-1.997131,52.705471,On or near UXBRIDGE STREET,E01029391,Cannock Chase 009D,Unable to prosecute suspect
9ab5647e6c9c90e1a9504f1e8486a35131daef5e6e8bfd5030b4cfb20b262239,2021-10,Staffordshire Police,Staffordshire Police,-2.186650,53.025121,On or near ETRURIA ROAD,E01014285,Stoke-on-Trent 015B,Investigation complete; no suspect identified
22056c177e1368cca6a3db2d68364127994ddae21d7f302931d0cae30910ed17,2021-10,Staffordshire Police,Staffordshire Police,-1.878424,52.757800,On or near SCHOOL LANE,E01029498,Lichfield 001D,Suspect charged
9b4cc85512d80edfcc8685a285faa9e4ede859bb50a17030408206f952a152aa,2021-10,Staffordshire Police,Staffordshire Police,-2.205150,53.037163,On or near SUNNY BANK,E01014255,Stoke-on-Trent 009E,Unable to prosecute suspect
1eb70f99b8d8df247d83933fb573feb4046f091fc54153f018f7ae555caa39a4,2021-10,Staffordshire Police,Staffordshire Police,-1.729358,52.618907,On or near FRENCH AVENUE,E01029502,Lichfield 012B,Unable to prosecute suspect
c8608186302710d00647e92ba12350bb4f490fe4f86f8e92a7bbb61ff784f67e,2021-10,Staffordshire Police,Staffordshire Police,-1.654802,52.633115,On or near LINDERA,E01029824,Tamworth 003D,Suspect charged
dbaa77c200b141f153063ac4ecb6f0d5d95e755cdc73e6789f0b62162df0f049,2021-10,Staffordshire Police,Staffordshire Police,-2.119329,53.001000,On or near A5272,E01014223,Stoke-on-Trent 017D,Investigation complete; no suspect identified
2c26fa34e18e8e065568c34fbf263f866019e65253c6e322c83d12635d9b25cf,2021-10,Staffordshire Police,Staffordshire Police,-2.157515,52.999913,On or near WARRINGTON STREET,E01014274,Stoke-on-Trent 020A,Unable to prosecute suspect
ea713056056c68cee08299b91a921f3c723bcc8d65b4061ef35e77ca1547b18d,2021-10,Staffordshire Police,Staffordshire Police,-1.942841,52.753435,On or near HAGLEY PARK GARDENS,E01029373,Cannock Chase 002B,Investigation complete; no suspect identified
5f335d88aca0c8b432b724761d8453463d351a847429d5fe8add65f59de754ce,2021-10,Staffordshire Police,Staffordshire Police,-1.640604,52.806051,On or near MOSLEY STREET,E01032896,East Staffordshire 011F,Investigation complete; no suspect identified
03ae7662faf7bba475cd67d39de3b7ef650727a0774c17072539c2b5d73dd351,2021-10,Staffordshire Police,Staffordshire Police,-2.137259,53.026060,On or near CHAPEL STREET,E01014225,Stoke-on-Trent 014C,Unable to prosecute suspect
03ae7662faf7bba475cd67d39de3b7ef650727a0774c17072539c2b5d73dd351,2021-10,Staffordshire Police,Staffordshire Police,-2.137259,53.026060,On or near CHAPEL STREET,E01014225,Stoke-on-Trent 014C,Unable to prosecute suspect
03ae7662faf7bba475cd67d39de3b7ef650727a0774c17072539c2b5d73dd351,2021-10,Staffordshire Police,Staffordshire Police,-2.137259,53.026060,On or near CHAPEL STREET,E01014225,Stoke-on-Trent 014C,Unable to prosecute suspect
906321b36c81941a53a9d1813ec171502f1ea80406fc2ca39af2c872c18b4d5c,2021-10,Staffordshire Police,Staffordshire Police,-2.137230,52.918361,On or near CONVENT LANE,E01029683,Stafford 002C,Unable to prosecute suspect
9105f845d6aa74ec6ac87413905689967e087b9d403697307557b19dbaf70d42,2021-10,Staffordshire Police,Staffordshire Police,-1.638070,52.800344,On or near ORDISH STREET,E01032898,East Staffordshire 011H,Suspect charged
09aac6f8c1565765630f4539703c0ca1536e343124b59a64199b7891da1e929f,2021-10,Staffordshire Police,Staffordshire Police,-2.036675,52.722033,On or near OAK AVENUE,E01029646,South Staffordshire 002B,Further action is not in the public interest
2045e1730fac3a7ae1905e67776d0455dd303a8c25e65ef328ce737be25cb384,2021-10,Staffordshire Police,Staffordshire Police,-2.031311,53.104619,On or near MAYERS COURT,E01029812,Staffordshire Moorlands 005D,Investigation complete; no suspect identified
c26da859a2af2b4d5eb9e6d46f280782a3ad7672cb16e6f8870384b96f5f8a8e,2021-10,Staffordshire Police,Staffordshire Police,-2.161541,53.048341,On or near Supermarket,E01014268,Stoke-on-Trent 008C,Action to be taken by another organisation
8d63e47985e738ff5bbb584e1c37878dddd00c384963a1f3478325116cc51dca,2021-10,Staffordshire Police,Staffordshire Police,-2.153455,52.997734,On or near ST MATTHEWS COURT,E01014274,Stoke-on-Trent 020A,Suspect charged
d6e4d4796cc29fa78165e10e1ab572a81ed9f3a4f96f31cc80d3c589541b07af,2021-10,Staffordshire Police,Staffordshire Police,-2.171244,53.023823,On or near POTTERIES WAY,E01014231,Stoke-on-Trent 016B,Unable to prosecute suspect
5bcdc73678a7a76ae72f444236ac7a5515e48b6c5ff4f8fa9cb9c312001f2c73,2021-10,Staffordshire Police,Staffordshire Police,-2.017623,52.655182,On or near LEANDER CLOSE,E01029640,South Staffordshire 005C,Investigation complete; no suspect identified
b7f4e681c872110260d9006ef01838031fa84f35594651a9c0c2a7245c6ecc7d,2021-10,Staffordshire Police,Staffordshire Police,-1.974860,52.700470,On or near HAWTHORNE ROAD,E01029379,Cannock Chase 006A,Unable to prosecute suspect
35b47c6d746ccad9b1bfc7d5cf1ddd4243f3d31574a8b1776cea2dd2d41ba31c,2021-10,Staffordshire Police,Staffordshire Police,-2.136023,52.988721,On or near TRANSPORT LANE,E01014302,Stoke-on-Trent 022D,Unable to prosecute suspect
0f6b98577301fd2c26c7a0c850cfc6e10b9a55c59a6ea2a52a2cba72971d657c,2021-10,Staffordshire Police,Staffordshire Police,-2.026338,53.106463,On or near Parking Area,E01029804,Staffordshire Moorlands 005A,Suspect charged
c62d6eaf31b21f8e369b24188fab9089ceec1809dafb4f00960f75c6ea2b8b30,2021-10,Staffordshire Police,Staffordshire Police,-1.983882,52.998848,On or near HAMMERSLEY HAYES ROAD,E01029796,Staffordshire Moorlands 010D,Investigation complete; no suspect identified
218cf484c63906f077061e72a323af8257184a94563713e90d2125ba088f6f52,2021-10,Staffordshire Police,Staffordshire Police,-2.187003,52.627050,On or near OAKLEIGH DRIVE,E01029614,South Staffordshire 008B,Unable to prosecute suspect
f37af9c3a2a20115b3eef1ff62c4aa48528a17fc77503d50fc4e2f3b6fae99f6,2021-10,Staffordshire Police,Staffordshire Police,-1.689466,52.858265,On or near CASTLE STREET,E01029464,East Staffordshire 004D,Investigation complete; no suspect identified
216c630f65a8e672133347a0b893e3311b4c6e6ffeaade4be292839df90aaa42,2021-10,Staffordshire Police,Staffordshire Police,-1.658079,52.639237,On or near MOOR LANE,E01029821,Tamworth 003B,Suspect charged
216c630f65a8e672133347a0b893e3311b4c6e6ffeaade4be292839df90aaa42,2021-10,Staffordshire Police,Staffordshire Police,-1.658079,52.639237,On or near MOOR LANE,E01029821,Tamworth 003B,Suspect charged
22282da13b5f3ec3acbf57940a25965ade092395ab326eb6ebb0c90e8bcdfe14,2021-10,Staffordshire Police,Staffordshire Police,-2.214556,53.030350,On or near CHETWYND STREET,E01029611,Newcastle-under-Lyme 008E,Investigation complete; no suspect identified
6aa0136d6d735fa48562e6e4feea2444c70e0bd99fe9b1c0f2ac17c34258020d,2021-10,Staffordshire Police,Staffordshire Police,-2.201257,53.043525,On or near FURLONG PARADE,E01014251,Stoke-on-Trent 009C,Investigation complete; no suspect identified
f5676471ff06164e59910447970d280a2fddbb4f4f340fad8b094db8216aa152,2021-10,Staffordshire Police,Staffordshire Police,-1.827634,52.692644,On or near LEYFIELDS,E01029501,Lichfield 004C,Investigation complete; no suspect identified
84b0f48c1dccb896523c1f6ced02e02f531641143fceaec92dd9e6eb150d7f6a,2021-10,Staffordshire Police,Staffordshire Police,-2.007905,52.706442,On or near HIGHFIELD COURT,E01029349,Cannock Chase 008A,Unable to prosecute suspect
482cd988bf61f2b977772e6fc999919d7667edffa691f5be0269c040895f6859,2021-10,Staffordshire Police,Staffordshire Police,-2.117291,52.804639,On or near MILL BANK,E01029701,Stafford 010E,Suspect charged
774e150e4c6e1a0067283a27d1f06a9c5e2091a4cb94adba149d1c5f4422a17c,2021-10,Staffordshire Police,Staffordshire Police,-2.290609,53.018143,On or near CHELTENHAM GROVE,E01029593,Newcastle-under-Lyme 012B,Unable to prosecute suspect
8a1bc499250093562c674712a952ee482307c7d49d5189c9ec2ebda9df56b16d,2021-10,Staffordshire Police,Staffordshire Police,-1.987059,52.986785,On or near Supermarket,E01029787,Staffordshire Moorlands 011D,Local resolution
ab577b3bc94b68e0e82bee6c0563ff9bbb6adab1f6f63ae6bb5a35c5a03dc5a2,2021-10,Staffordshire Police,Staffordshire Police,-1.642029,52.617686,On or near MENDIP WAY,E01029855,Tamworth 008A,Action to be taken by another organisation
3ebaca7ee9de3ea7e0407126eea81f4a9cf03d7c8ab8c19e0f3c90d998465279,2021-10,Staffordshire Police,Staffordshire Police,-2.210355,53.009629,On or near RISELEY ROAD,E01014289,Stoke-on-Trent 018B,Unable to prosecute suspect
af0c34f612bcf7d4817f3adfe309cfa431827b13fc7456d013a301627e4c1574,2021-10,Staffordshire Police,Staffordshire Police,-2.199678,52.536043,On or near WODEN CLOSE,E01029674,South Staffordshire 013D,Investigation complete; no suspect identified
594f9abe699662304b9c7cde8ad40893378ea930b0b913faa30babba37d07c1c,2021-10,Staffordshire Police,Staffordshire Police,-2.018406,53.104352,On or near GROSVENOR STREET,E01029804,Staffordshire Moorlands 005A,Formal action is not in the public interest
377f6c42cb07d0b30361065ce779ac0589946080003682995fdd0daa6777ce1c,2021-10,Staffordshire Police,Staffordshire Police,-2.017623,52.655182,On or near LEANDER CLOSE,E01029640,South Staffordshire 005C,Investigation complete; no suspect identified
4a6ad0a465e2d401f764481b6e44e1489a668cacf7be25ca43d2981f0dcf410b,2021-10,Staffordshire Police,Staffordshire Police,-1.997990,52.686836,On or near A5190,E01029394,Cannock Chase 013A,Investigation complete; no suspect identified
1eb853caf459d306df07783904be4326fadd40a2e3ecdf1e1a80a3b810e45202,2021-10,Staffordshire Police,Staffordshire Police,-2.227988,53.007241,On or near FRIARSWOOD ROAD,E01029605,Newcastle-under-Lyme 014E,Unable to prosecute suspect
0f3e2baf9b2cd63a4caf827e88964118b9e76e70524499a5840d830eeff633ca,2021-10,Staffordshire Police,Staffordshire Police,-1.934845,52.760712,On or near Supermarket,E01029404,Cannock Chase 002E,Investigation complete; no suspect identified
925fc55e56ba3683bfd6b7de35136d49019131d82630a4a46e85dd08f234c40d,2021-10,Staffordshire Police,Staffordshire Police,-1.826944,52.683752,On or near CONDUIT STREET,E01029526,Lichfield 004E,Further investigation is not in the public interest
bd1cc6ac9e65a0609621f5c5f7d36a9fbe56633d38e6c2ba8cc2382a5440536a,2021-10,Staffordshire Police,Staffordshire Police,-2.173475,53.026139,On or near Shopping Area,E01014287,Stoke-on-Trent 015D,Suspect charged
bf18ba2768327af7f5b3ad413d4448755d3e3719a4c986ace9d3d96e5cd3b20b,2021-10,Staffordshire Police,Staffordshire Police,-2.175364,53.116755,On or near Police Station,E01029774,Staffordshire Moorlands 003E,Investigation complete; no suspect identified
92b281a9e6803746dce9ce0a235e5e17b0ef69aacfdf85cf581aae46de4058c1,2021-10,Staffordshire Police,Staffordshire Police,-2.034393,52.682488,On or near MOSSWOOD STREET,E01029361,Cannock Chase 012C,Formal action is not in the public interest
b82d1bd1b80da0999c2e3439cfa6c09e66464b1e1b869365ec81af062441b5a8,2021-10,Staffordshire Police,Staffordshire Police,-2.339821,53.001724,On or near NEWCASTLE ROAD,E01029573,Newcastle-under-Lyme 013B,Unable to prosecute suspect
bba004498d3cad3413070320dcedae31b1138e852695cc9cfb670d41ebb999a9,2021-10,Staffordshire Police,Staffordshire Police,-1.974545,52.706880,On or near LONGACRES,E01029399,Cannock Chase 006C,Unable to prosecute suspect
246888191f4ba79b5c91b9007532813a3a53e736660216baba27793836652d3e,2021-10,Staffordshire Police,Staffordshire Police,-2.184583,53.016000,On or near HOWARD PLACE,E01014281,Stoke-on-Trent 015A,Unable to prosecute suspect
72f83579559255d5989918d11453413869b11db40045572588de454badc9e312,2021-10,Staffordshire Police,Staffordshire Police,-2.190266,53.016755,On or near CASTLEFIELD STREET,E01014281,Stoke-on-Trent 015A,Unable to prosecute suspect
c6c9e5eacef8bd09368fa208e1a4c621dbc97b58ea4f9e720d5186e2349abdc5,2021-10,Staffordshire Police,Staffordshire Police,-2.029487,52.689906,On or near Parking Area,E01029360,Cannock Chase 012B,Unable to prosecute suspect
a7af86ec5ef60aa51dedb63a32c52d69ae671db5bff2d594a4c8f271c572b0d9,2021-10,Staffordshire Police,Staffordshire Police,-1.816920,52.693041,On or near GILBERT ROAD,E01029525,Lichfield 005G,Unable to prosecute suspect
4132452edb1b1eb01d92345c7b4d2a118a0595ffa0332086dfb2238fbefe8466,2021-10,Staffordshire Police,Staffordshire Police,-1.681781,52.857103,On or near CORNMILL LANE,E01029465,East Staffordshire 004E,Unable to prosecute suspect
cba15835f29f529150b0175c7374b338beb78983678d68e47a6639b704abc68e,2021-10,Staffordshire Police,Staffordshire Police,-2.006219,53.115446,On or near PRINCESS AVENUE,E01029809,Staffordshire Moorlands 001D,Unable to prosecute suspect
a513501efc0330c6a87265ee27a829ba415569724aec6f43c2251346b0e01056,2021-10,Staffordshire Police,Staffordshire Police,-2.152411,52.811368,On or near ASTON BANK,E01029750,Stafford 007D,Suspect charged
a513501efc0330c6a87265ee27a829ba415569724aec6f43c2251346b0e01056,2021-10,Staffordshire Police,Staffordshire Police,-2.152411,52.811368,On or near ASTON BANK,E01029750,Stafford 007D,Suspect charged
a513501efc0330c6a87265ee27a829ba415569724aec6f43c2251346b0e01056,2021-10,Staffordshire Police,Staffordshire Police,-2.152411,52.811368,On or near ASTON BANK,E01029750,Stafford 007D,Suspect charged
4e5c4efa484376c7415c2b282d5692fa6c2f6f0dfa9553fbee87c218a9d23edc,2021-10,Staffordshire Police,Staffordshire Police,-1.838522,52.688946,On or near BEACON GARDENS,E01029491,Lichfield 007A,Unable to prosecute suspect
63cbcd8273e9d92b7b658df983713bed9cb16c66da84746e3d5367e0f9237ccb,2021-10,Staffordshire Police,Staffordshire Police,-2.175361,52.991285,On or near Sports/Recreation Area,E01014277,Stoke-on-Trent 020D,Unable to prosecute suspect
eccd3052bd740e0a23720374e05ac29a776268a6a5f62ab1749e9f9f7da4cf6b,2021-10,Staffordshire Police,Staffordshire Police,-2.148208,53.049230,On or near COPE STREET,E01014267,Stoke-on-Trent 007E,Unable to prosecute suspect
06a88652fc6cd797f2418e6a6dcf5c480511d15f3669f254ad40d94acc6bcc8b,2021-10,Staffordshire Police,Staffordshire Police,-1.927553,52.680790,On or near BRIDGE CROSS ROAD,E01029497,Lichfield 006E,Unable to prosecute suspect
4876699f01d5cf0c30bbb340f464366891736191ccf79b954d62a3f0ada55e16,2021-10,Staffordshire Police,Staffordshire Police,-2.162535,53.003439,On or near VICTORIA ROAD,E01014275,Stoke-on-Trent 020B,Suspect charged
450f2c479d1aa625a4424437f96893c2169163ed226e2d6ca01e474e0b06778d,2021-10,Staffordshire Police,Staffordshire Police,-2.181663,52.966672,On or near EDWARD AVENUE,E01014350,Stoke-on-Trent 034B,Suspect charged
22f49e94d588eb8e05736e9fced2ac4102d75041c12b3a5cf36fea00dc9627be,2021-10,Staffordshire Police,Staffordshire Police,-2.195962,52.595463,On or near LINGFIELD GROVE,E01029666,South Staffordshire 011C,Action to be taken by another organisation
189bc82c0b0230dec1141f339a3801d8fcc9808c6283df7b5600f7da056b85ce,2021-10,Staffordshire Police,Staffordshire Police,-2.207741,52.996195,On or near GODWIN WAY,E01014341,Stoke-on-Trent 023B,Local resolution
315c3ef8521bcccc580e54b690bfc5f339ac7344174a6ab9ef50794c77e4b73b,2021-10,Staffordshire Police,Staffordshire Police,-2.209408,53.001846,On or near GRINDLEY HILL COURT,E01014294,Stoke-on-Trent 018F,Unable to prosecute suspect
ed11d53541866856ab6ab8e23e4bcaa8159a26a4c53ff027773c08b85cce794b,2021-10,Staffordshire Police,Staffordshire Police,,,No location,,,Formal action is not in the public interest
225d111107d405c8929f04094f31c7d3be4600ef97a31e1baa502807cecb85da,2021-10,Staffordshire Police,Staffordshire Police,-2.209408,53.001846,On or near GRINDLEY HILL COURT,E01014294,Stoke-on-Trent 018F,Formal action is not in the public interest
bef9c97b0c7e87ae99983f0c8d57c60a144dcc40a021c5e39d01e0cf5340cc1b,2021-10,Staffordshire Police,Staffordshire Police,-2.203003,52.630359,On or near Supermarket,E01029627,South Staffordshire 008D,Investigation complete; no suspect identified
4e6bd13178918757ca7995910f4d09177cdc4f1ce2693d2bcfad0384f40d13cb,2021-10,Staffordshire Police,Staffordshire Police,-2.133655,52.983977,On or near FARMER STREET,E01014306,Stoke-on-Trent 029B,Investigation complete; no suspect identified
90f8224988312e4da4c900401383158b2c1e17880ef86e7d91275d5208e11784,2021-10,Staffordshire Police,Staffordshire Police,-2.112903,52.782880,On or near BLYTHE ROAD,E01029729,Stafford 016B,Investigation complete; no suspect identified
c6b04bb5f80c6bd30209c61ca56131b5dd40b9174c9c302bfa9b02310b642fdf,2021-10,Staffordshire Police,Staffordshire Police,-1.999127,52.804212,On or near LEASAWE CLOSE,E01029713,Stafford 008E,Unable to prosecute suspect
2e841f6394ad61b15f412c39f946b7a0d94a4af2d64c548dd421bff5338b5637,2021-10,Staffordshire Police,Staffordshire Police,-2.107178,52.649363,On or near Sports/Recreation Area,E01029637,South Staffordshire 006D,Further investigation is not in the public interest
5e9058b202a73e6aae7a2282e45fc9c16ba03d89603889c21c761b273c50f0f7,2021-10,Staffordshire Police,Staffordshire Police,-1.944907,52.760394,On or near HAGLEY ROAD,E01029403,Cannock Chase 002D,Unable to prosecute suspect
6997ca8f5bf8151672d254685979cec7353f7e419410078295cf8abe9f1fbb21,2021-10,Staffordshire Police,Staffordshire Police,-2.203003,52.630359,On or near Supermarket,E01029627,South Staffordshire 008D,Investigation complete; no suspect identified
e24e96b0fcc8582ce83996dbd056743ffa00a592ab6f1bd70c4a07cd27f5e151,2021-10,Staffordshire Police,Staffordshire Police,-1.703707,52.646516,On or near BYRON ROAD,E01029849,Tamworth 002C,Further action is not in the public interest
fe7af9817fb6406c8b1ecb08e58acd7a464f4501126d1baa292dba76c79ec1ae,2021-10,Staffordshire Police,Staffordshire Police,-2.120399,52.812987,On or near BROWNING STREET,E01029701,Stafford 010E,Suspect charged
7fa8ad7fd84ea4ffa056e1528b03b101585b55bf1462edd56d1f8147066a775f,2021-10,Staffordshire Police,Staffordshire Police,-2.155828,52.965873,On or near VENTNOR GROVE,E01014238,Stoke-on-Trent 032D,Unable to prosecute suspect
e896ddc2c0fd682dc7140f8f8b74f7dfdae4d93c8f36e9df84edbada5958b528,2021-10,Staffordshire Police,Staffordshire Police,-2.202617,52.630009,On or near Parking Area,E01029627,South Staffordshire 008D,Further investigation is not in the public interest
be3af2f73ecaacc79dd2d8c0a604ac5d88c6a5582fb5e27f6697e957e4617452,2021-10,Staffordshire Police,Staffordshire Police,-1.639483,52.812376,On or near VICTORIA ROAD,E01029426,East Staffordshire 008A,Unable to prosecute suspect
a1a7e255ad4fd3b9a24a453969dc36d6cc7904325a96fc7dbe902289039edcd9,2021-10,Staffordshire Police,Staffordshire Police,-2.081144,52.988501,On or near HALLDEARN AVENUE,E01029778,Staffordshire Moorlands 012A,Local resolution
18b3d47e0c08034d661eebcf427377f123fbe9c5fd207522f1aefff7765b9639,2021-10,Staffordshire Police,Staffordshire Police,-2.148584,53.028447,On or near Sports/Recreation Area,E01014213,Stoke-on-Trent 012D,Unable to prosecute suspect
cea4fa7de4527974a26696ddba263f6fab2231ca01d43157e815703880f0cc56,2021-10,Staffordshire Police,Staffordshire Police,-1.693480,52.633805,On or near Supermarket,E01029835,Tamworth 002A,Investigation complete; no suspect identified
b890836db79131ce331f7e0d842c14875bc0e4f3b3e4ca268bc80db96de62289,2021-10,Staffordshire Police,Staffordshire Police,-1.831369,52.683219,On or near SWAN MEWS,E01032899,Lichfield 004F,Unable to prosecute suspect
7eb6d462fbcbe8b980f020355d3cc10c0dab3517cec284080c2573a8157dd098,2021-10,Staffordshire Police,Staffordshire Police,-1.934266,52.682152,On or near Shopping Area,E01029494,Lichfield 006C,Investigation complete; no suspect identified
a987808b565e79ccfa2690aab81a919ff481d9e7c150dbb87eb8db685669546f,2021-10,Staffordshire Police,Staffordshire Police,-2.155828,52.965873,On or near VENTNOR GROVE,E01014238,Stoke-on-Trent 032D,Unable to prosecute suspect
49138677346d6394fdcd42a4d3ab8fa7cc513724a45f5175c8b545421b6eb18b,2021-10,Staffordshire Police,Staffordshire Police,-2.135669,52.989530,On or near TIMES SQUARE,E01014302,Stoke-on-Trent 022D,Investigation complete; no suspect identified
703885715ddf2b5bd6e0a19d385eecff4fcad0dd117d6e4a59ee81ef55ee1da5,2021-10,Staffordshire Police,Staffordshire Police,-2.189788,52.999560,On or near BOUGHEY STREET,E01014345,Stoke-on-Trent 019E,Investigation complete; no suspect identified
d88420ba2a6807d4f8f993285a79cebe1ef77e4607564445c7cb4c238bb5bc99,2021-10,Staffordshire Police,Staffordshire Police,-2.193844,53.030152,On or near Petrol Station,E01014285,Stoke-on-Trent 015B,Unable to prosecute suspect
c5099f3fdbb0dd4d2ce11f1e51eaed2caf8af230050bd0512dce88f0a02342e2,2021-10,Staffordshire Police,Staffordshire Police,-2.027887,52.593672,On or near ALMOND AVENUE,E01010266,Walsall 023D,Further action is not in the public interest
b3e06e4a047a198e3a10868fbd5b2ccdd8cadd18197a6e800a9b076f047c8f3c,2021-10,Staffordshire Police,Staffordshire Police,-2.195283,53.071464,On or near A527,E01014241,Stoke-on-Trent 006A,Unable to prosecute suspect
1f305e8ff8664160598953b7eba6bbbd778689967944e4f4613ff78393a18d99,2021-10,Staffordshire Police,Staffordshire Police,-1.709397,52.635445,On or near BRADFORD STREET,E01029836,Tamworth 002B,Further action is not in the public interest
cb2b96c41b9019fd996b7996aec67376692f15614c71df0b6afed70d98541a62,2021-10,Staffordshire Police,Staffordshire Police,-2.154956,53.025733,On or near ROYDEN AVENUE,E01014213,Stoke-on-Trent 012D,Unable to prosecute suspect
38571675805ca3baef807f2ffd6a3236f0a578a86ce14da0377b9076670b39da,2021-10,Staffordshire Police,Staffordshire Police,-2.028595,52.683065,On or near HARRISON ROAD,E01029362,Cannock Chase 012D,Unable to prosecute suspect
4aaddfaec74f1845a5307c0d283cd09110b8756e0b7313152f46b53f8391e12a,2021-10,Staffordshire Police,Staffordshire Police,-1.944019,52.678318,On or near CANNEL ROAD,E01029497,Lichfield 006E,Investigation complete; no suspect identified
0cb4b0180273444d18e46c0f816fd23a6fa93f8e4a0d58413ec9b91b6ae18007,2021-10,Staffordshire Police,Staffordshire Police,-2.000149,52.669674,On or near Park/Open Space,E01029395,Cannock Chase 013B,Investigation complete; no suspect identified
72375bc20330ebf87eaade8e80544971acd090ba7cb9f4b718eda5c5bc188428,2021-10,Staffordshire Police,Staffordshire Police,-2.113692,52.778510,On or near MOSSPIT,E01029729,Stafford 016B,Investigation complete; no suspect identified
0bc1bf94052120212946ae684653c4511ee8a5abddf02af40f4823a5207faa83,2021-10,Staffordshire Police,Staffordshire Police,-1.821687,52.685093,On or near Supermarket,E01029526,Lichfield 004E,Suspect charged
d0af7efb73162e653093760cf58c4851e17575354722449e2ec0b5132c0db293,2021-10,Staffordshire Police,Staffordshire Police,-2.173475,53.026139,On or near Shopping Area,E01014287,Stoke-on-Trent 015D,Suspect charged
5414d2239ec96d0917a714b7971a47151800d63821dccfbc6fa06684c1713939,2021-10,Staffordshire Police,Staffordshire Police,-2.206935,53.107769,On or near SANDS ROAD,E01029582,Newcastle-under-Lyme 001D,Suspect charged
bb408f7485074d6202dde96c4aafceb75a8132b711f37873b35a309361d5d889,2021-10,Staffordshire Police,Staffordshire Police,-2.122783,52.994803,On or near ST MARY'S ROAD,E01014300,Stoke-on-Trent 022C,Unable to prosecute suspect
8223fbf0f3a493e5b212e0e6c37a6cba4f108cc382487551ac60adb0b89bfca0,2021-10,Staffordshire Police,Staffordshire Police,-2.207409,53.041878,On or near MADDOCK STREET,E01014250,Stoke-on-Trent 009B,Investigation complete; no suspect identified
4fed442117d47b1890ecbad84175517d4143663c527eaf60cee2ae6fbf8813d6,2021-10,Staffordshire Police,Staffordshire Police,-2.206935,53.107769,On or near SANDS ROAD,E01029582,Newcastle-under-Lyme 001D,Suspect charged
7426a773d3b8a6687b3902737dbe5cb397b922b77caafd248205c22c91b7dacb,2021-10,Staffordshire Police,Staffordshire Police,-2.005700,52.707592,On or near BRIDGE COURT,E01029384,Cannock Chase 005A,Investigation complete; no suspect identified
9cc74582e05ab1a25bfb1871b50c3e49d6a5eb81f9b7a0718d761824627153cb,2021-10,Staffordshire Police,Staffordshire Police,-2.170341,52.998996,On or near ASHWORTH STREET,E01014277,Stoke-on-Trent 020D,Unable to prosecute suspect
f727e462f98568bdf74cfcfc7c887fe4232fb422fadf25b389dc6736631590c6,2021-10,Staffordshire Police,Staffordshire Police,-2.041251,52.707549,On or near MIDLAND ROAD,E01029648,South Staffordshire 002D,Further action is not in the public interest
d1d963c2a3a1bc01f78a99b64ab99f7dd9df198044e333de5816011002e18657,2021-10,Staffordshire Police,Staffordshire Police,-2.212039,53.058212,On or near PARADISE STREET,E01014354,Stoke-on-Trent 005A,Investigation complete; no suspect identified
76168e915bc4c0f2bb347333b9691a706dad42b6182fcec70859fc5384254f83,2021-10,Staffordshire Police,Staffordshire Police,-2.170341,52.998996,On or near ASHWORTH STREET,E01014277,Stoke-on-Trent 020D,Unable to prosecute suspect
335646b8ac936f397793abc10735a032ded6968db2ab95ff3538048a05fca278,2021-10,Staffordshire Police,Staffordshire Police,-2.153741,52.969318,On or near THORPE GREEN,E01014235,Stoke-on-Trent 032A,Unable to prosecute suspect
09bd8e783974e02cfb181e8a269d4b4d5eb8cd424a30e28bb46fd28ec3ba2162,2021-10,Staffordshire Police,Staffordshire Police,-2.197739,53.040546,On or near COTTERILL GROVE,E01014251,Stoke-on-Trent 009C,Unable to prosecute suspect
4cbf34d211aa0cd65da1d45eda84a47af45f3fdd9f45fa1603bd2e74cfaee0b7,2021-10,Staffordshire Police,Staffordshire Police,-1.663043,52.604793,On or near HASTINGS CLOSE,E01029867,Tamworth 010C,Unable to prosecute suspect
0c0a9f704345e3c42712a980f52d802971b652e5ef5bbebb679034e2336c9a9f,2021-10,Staffordshire Police,Staffordshire Police,-2.110991,52.968728,On or near RIDGE WALK,E01014319,Stoke-on-Trent 033C,Suspect charged
0c0a9f704345e3c42712a980f52d802971b652e5ef5bbebb679034e2336c9a9f,2021-10,Staffordshire Police,Staffordshire Police,-2.110991,52.968728,On or near RIDGE WALK,E01014319,Stoke-on-Trent 033C,Suspect charged
97e1c4772995dff4f2ef4d4e3216177eec8578a3242c4ca5ce38ec977079b02e,2021-10,Staffordshire Police,Staffordshire Police,-2.184753,53.031264,On or near STANSGATE PLACE,E01014256,Stoke-on-Trent 011D,Suspect charged
97e1c4772995dff4f2ef4d4e3216177eec8578a3242c4ca5ce38ec977079b02e,2021-10,Staffordshire Police,Staffordshire Police,-2.184753,53.031264,On or near STANSGATE PLACE,E01014256,Stoke-on-Trent 011D,Suspect charged
13e9c43a70cae9b427f41ba6a418f268f65a16139feeda9a1204e2ec004985c8,2021-10,Staffordshire Police,Staffordshire Police,-2.214916,53.063681,On or near BOND STREET,E01014361,Stoke-on-Trent 005D,Unable to prosecute suspect
51f82200b52dc0ef2f653dd5fe0799e433cceb0de9d7b23c9eebf5c260dc1bbf,2021-10,Staffordshire Police,Staffordshire Police,-2.019427,52.655972,On or near COLINWOOD CLOSE,E01029640,South Staffordshire 005C,Investigation complete; no suspect identified
e87fe7cac902bc4d6dbe126ba9646bb726b3476accf2b497172ffb1f4a6207f9,2021-10,Staffordshire Police,Staffordshire Police,-1.848767,52.639642,On or near BIRCH BROOK LANE,E01029521,Lichfield 011C,Unable to prosecute suspect
cbc217464f7a9f7023f2c4032506119ae9c2a0cf56291d59c3794af25f520145,2021-10,Staffordshire Police,Staffordshire Police,-1.805848,52.650763,On or near THE DRIVE,E01029488,Lichfield 012A,Unable to prosecute suspect
9d61a926bb297c31f6cd49b093a3dee3e13c880d9904037070ef445f8ba568f7,2021-10,Staffordshire Police,Staffordshire Police,-2.015099,52.708949,On or near ODIN CLOSE,E01029349,Cannock Chase 008A,Unable to prosecute suspect
de748465bc5cd5153043ab8570301c4f798ee89dd026682b4a8f3982b9fbdb06,2021-10,Staffordshire Police,Staffordshire Police,-1.870385,52.740415,On or near DYKE ROAD,E01029480,Lichfield 001A,Suspect charged
9f5939fa411453b379add45f110de2f9b023c969e382505e46fc7ad5217a5509,2021-10,Staffordshire Police,Staffordshire Police,-2.018496,52.658193,On or near SOUTHFIELD WAY,E01029644,South Staffordshire 005E,Investigation complete; no suspect identified
7d393593ebd7b604bfe85214ab1e5af06484ccfec9ae3f6a7f0e12c598852db3,2021-10,Staffordshire Police,Staffordshire Police,-1.598996,52.799400,On or near THORPE CLOSE,E01029418,East Staffordshire 012A,Unable to prosecute suspect
e0c317a0f92129bf109d8f3fa28766268fabee9fcf091d6b6dc17d3798ce209e,2021-10,Staffordshire Police,Staffordshire Police,-2.181184,53.022927,On or near MORLEY STREET,E01014287,Stoke-on-Trent 015D,Investigation complete; no suspect identified
d094263f61747de30a3f14c49018640ed9fb8b5d214e5e793a4bed18f697a6d9,2021-10,Staffordshire Police,Staffordshire Police,-2.076810,53.122406,On or near THE CRESCENT,E01029802,Staffordshire Moorlands 002D,Action to be taken by another organisation
2d6e9b8647946cee13746841b39ce3855aad5093631a0c5cec73ac257b9837ee,2021-10,Staffordshire Police,Staffordshire Police,-2.191542,53.039055,On or near BURSLEY ROAD,E01014255,Stoke-on-Trent 009E,Further action is not in the public interest
b4eac283af511846a0d01080de3699f2f0e4b495b0ff09eb40a148c58869f627,2021-10,Staffordshire Police,Staffordshire Police,-2.008191,53.115221,On or near QUEENS DRIVE,E01029809,Staffordshire Moorlands 001D,Investigation complete; no suspect identified
d4dfd791ca1df7ddc6e8337f0d61ac2d0dec07ecb508a2fa2b6cceb8ca2944f1,2021-10,Staffordshire Police,Staffordshire Police,-2.148589,52.904297,On or near Police Station,E01029744,Stafford 003B,Unable to prosecute suspect
2e83bec98b3252604e15d804a3273dbb31ceaf1097b4339b38c61a364bf4a889,2021-10,Staffordshire Police,Staffordshire Police,-2.222554,53.008357,On or near GROSVENOR ROAD,E01029602,Newcastle-under-Lyme 011C,Investigation complete; no suspect identified
3fd3231c0df39a149644781d7543b4594bf20a13a62ac223e96f279b38b697a3,2021-10,Staffordshire Police,Staffordshire Police,-1.644851,52.820024,On or near WARWICK STREET,E01029436,East Staffordshire 007C,Unable to prosecute suspect
166a4dfe286c77b15217532e4f6f4841b53e420524bc5a587996cf547b1d5e50,2021-10,Staffordshire Police,Staffordshire Police,-2.215568,53.012002,On or near BOUNDARY STRET,E01029603,Newcastle-under-Lyme 011D,Offender given a caution
2cf5efc7ac92240025fc590de52a11d946a97e0eea18e8d94330f898efccc186,2021-10,Staffordshire Police,Staffordshire Police,-2.110094,52.791755,On or near EXETER STREET,E01029734,Stafford 016C,Investigation complete; no suspect identified
d0e87a68ce6068e4f655826c770469a8ddd7f633b25b94d18fcb043d0a3043e5,2021-10,Staffordshire Police,Staffordshire Police,-2.213271,52.633289,On or near MOATBROOK LANE,E01029626,South Staffordshire 009A,Investigation complete; no suspect identified
f642f508bc6b84c63987ab6e44675fce43d14c26e495787098d5a3fc1fa8cfe8,2021-10,Staffordshire Police,Staffordshire Police,-2.153104,52.999559,On or near WALLIS STREET,E01014274,Stoke-on-Trent 020A,Offender given a caution
239e7ec89ed8998a58d79bee804d7da7d2fbd17604a1dc22129117e21ffe8837,2021-10,Staffordshire Police,Staffordshire Police,-2.117806,52.808423,On or near Shopping Area,E01029701,Stafford 010E,Suspect charged
a131be3963e7409ade15e7ef4c7f19f1f70ae89c83553316985efded927ca380,2021-10,Staffordshire Police,Staffordshire Police,-2.012576,52.687491,On or near HOBBY WAY,E01029375,Cannock Chase 010A,Investigation complete; no suspect identified
a592deb32ca9901424412470f7936c7c86e1bbd28e6e376f4076798f86ada4d8,2021-10,Staffordshire Police,Staffordshire Police,-2.214916,53.063681,On or near BOND STREET,E01014361,Stoke-on-Trent 005D,Unable to prosecute suspect
476be8e7095110605c0643de6c6032b573f9994589e209d7d9907a8f067dbdcc,2021-10,Staffordshire Police,Staffordshire Police,-1.957263,52.763257,On or near STAG CLOSE,E01029368,Cannock Chase 001A,Local resolution
0ca54397569c99e47f16135120bc993f31255b688999ff617a3b6a36e4a15086,2021-10,Staffordshire Police,Staffordshire Police,-1.595678,52.805349,On or near BLENHEIM CLOSE,E01029468,East Staffordshire 010A,Unable to prosecute suspect
6c37e167b70fff8004724042cd86cc265c38d6ffce8d0c7ad2875e082cf7f275,2021-10,Staffordshire Police,Staffordshire Police,-2.147669,53.013939,On or near WILLIAM BIRCH ROAD,E01014226,Stoke-on-Trent 014D,Suspect charged
a2cc8579d07f8818639381acc1a6bd4bbb66cae08949852808096dc64e8eb184,2021-10,Staffordshire Police,Staffordshire Police,-2.013529,52.657735,On or near ESTRIDGE LANE,E01029643,South Staffordshire 005D,Unable to prosecute suspect
ae5daa168f1dcac59b3368569016bf6a740fa95ea45098df70724aaef06abce2,2021-10,Staffordshire Police,Staffordshire Police,-2.153104,52.999559,On or near WALLIS STREET,E01014274,Stoke-on-Trent 020A,Offender given a caution
894c7336f6a4efbef3db43d6e2bb31ddf0b6a5822e14da96c99a44781f1954e9,2021-10,Staffordshire Police,Staffordshire Police,-1.979168,52.695868,On or near FREMANTLE DRIVE,E01029380,Cannock Chase 009A,Investigation complete; no suspect identified
e2f6ad9342587375dbbcf6d9d742ab73fa52b75b21531f5a18e25d39a9086e32,2021-10,Staffordshire Police,Staffordshire Police,-2.139875,52.995989,On or near LUDBROOK ROAD,E01014278,Stoke-on-Trent 021B,Investigation complete; no suspect identified
f39ae3acadadf984590e961b2579c6ba2349921a88d86f132b19bda5c22e058e,2021-10,Staffordshire Police,Staffordshire Police,-2.169948,53.005217,On or near Further/Higher Educational Building,E01014276,Stoke-on-Trent 020C,Unable to prosecute suspect
8c559e264d90eff16d034a88fed667f643033d920d6fae521881ed358f6c64e8,2021-10,Staffordshire Police,Staffordshire Police,-2.131158,52.823476,On or near CLARE ROAD,E01029721,Stafford 007C,Local resolution
422a86a3aca63b59619178521f0748106bf6dd98fee4c44d1636c1c62148deec,2021-10,Staffordshire Police,Staffordshire Police,,,No location,,,Offender given a caution
f85482249874f10b39cb2d88a170b3776eadb2fd1f536531eef5c6f6a1f5c25c,2021-10,Staffordshire Police,Staffordshire Police,-2.113404,52.815808,On or near FREEMEN STREET,E01029694,Stafford 010C,Unable to prosecute suspect
596c99821a55c5c314c1126df4340a1155e3fc76172a4fcb94a797a1d73b9b9a,2021-10,Staffordshire Police,Staffordshire Police,-1.852839,52.879399,On or near B5017,E01029405,East Staffordshire 001A,Investigation complete; no suspect identified
976f2164bf7984d779da29ae8dae72db77ed3c036b873d0e01098b0b36b1d97e,2021-10,Staffordshire Police,Staffordshire Police,-2.100477,52.980936,On or near WOODVILLE ROAD,E01014321,Stoke-on-Trent 028A,Investigation complete; no suspect identified
8fc0686221d9faba284c1e37110e1fea90f407b13f3aeb8f63f9ee6269c13b37,2021-10,Staffordshire Police,Staffordshire Police,-1.595678,52.805349,On or near BLENHEIM CLOSE,E01029468,East Staffordshire 010A,Unable to prosecute suspect
bc10680cab66ca875a41de24693b96cf4ee6792ff33a3bd52b093b408f3a71ca,2021-10,Staffordshire Police,Staffordshire Police,-2.074540,52.968478,On or near AYNSLEY'S DRIVE,E01029702,Stafford 001A,Further action is not in the public interest
26b6a37aa761eee62e2dbc3d0536f359b3a5641de200db5738db8e8fd1c3f5c3,2021-10,Staffordshire Police,Staffordshire Police,-2.387271,52.924029,On or near CHARTWOOD,E01029572,Newcastle-under-Lyme 016D,Investigation complete; no suspect identified
ecba98a1199923429934fdf408b05c8420f2d21943aa9893d3bc67760ed9992a,2021-10,Staffordshire Police,Staffordshire Police,-1.640279,52.821988,On or near PANAMA ROAD,E01029437,East Staffordshire 007D,Investigation complete; no suspect identified
0f30c9d038d4e52a751f9803e9cfd3416e181915c4fe9a04ab56c34064c0d674,2021-10,Staffordshire Police,Staffordshire Police,-1.639225,52.822075,On or near CASTILLA PLACE,E01029437,East Staffordshire 007D,Investigation complete; no suspect identified
7afe85636eebc092cc3d5eb10fd99a0ae86cbf70fc58dbff58b67b0c35f7e570,2021-10,Staffordshire Police,Staffordshire Police,-2.288113,52.992539,On or near Petrol Station,E01029576,Newcastle-under-Lyme 012A,Unable to prosecute suspect
f728b13d01576c6d7bdd064a729677ed3e4a3dc9a960418a09d4d2d2c5562ab6,2021-10,Staffordshire Police,Staffordshire Police,-2.246186,53.083424,On or near FOURTH AVENUE,E01029543,Newcastle-under-Lyme 003D,Local resolution
c36c448e0d2bc2977b43f826baf2b4f64b4351f281ffd435d321bfdb9f1fe881,2021-10,Staffordshire Police,Staffordshire Police,-2.166308,53.062294,On or near PEASCROFT ROAD,E01014331,Stoke-on-Trent 004A,Unable to prosecute suspect
c2f59a1748d3d363c4e6df7757b4a17728a745697e3986f92780201dd1903c95,2021-10,Staffordshire Police,Staffordshire Police,-2.188562,53.025855,On or near Shopping Area,E01014285,Stoke-on-Trent 015B,Unable to prosecute suspect
a38f917d5346b62df38485a720ce4117fd5c260d4c7e93435b1c9c604b23a701,2021-10,Staffordshire Police,Staffordshire Police,,,No location,,,Unable to prosecute suspect
67046c91fbbdfa527c81d7e5bdc905e0c23f82ae6d3554e2e621c6e572159aa4,2021-10,Staffordshire Police,Staffordshire Police,-2.154053,52.898015,On or near CHURCHILL ROAD,E01029756,Stafford 003F,Unable to prosecute suspect
8d93d89232a6ae5532f97bf870a409a1bea249b95dde114f6ae52e2530b0c402,2021-10,Staffordshire Police,Staffordshire Police,-2.218711,52.713611,On or near BEECH CLOSE,E01029668,South Staffordshire 003C,Unable to prosecute suspect
8b2dab94c2a8e389e7757ea405ec4b6e7d1297290efe46ef05ba4b76f671e9d4,2021-10,Staffordshire Police,Staffordshire Police,-1.948786,52.763200,On or near BURNFIELD DRIVE,E01029401,Cannock Chase 002C,Investigation complete; no suspect identified
98fe9e1c4f5b6bc8c5c16064afdc5e09c83a45a6ae7f7dea2ff4b38e8df2155f,2021-10,Staffordshire Police,Staffordshire Police,-2.140113,52.899048,On or near BIRCH ROAD,E01029740,Stafford 003A,Unable to prosecute suspect
2a846801975b8d037e6c151d60cf9c1e996c83a5fe559df106a7232a2d3011b9,2021-10,Staffordshire Police,Staffordshire Police,-2.115807,52.804524,On or near BRIDGE STREET,E01029701,Stafford 010E,Local resolution
2a846801975b8d037e6c151d60cf9c1e996c83a5fe559df106a7232a2d3011b9,2021-10,Staffordshire Police,Staffordshire Police,-2.115807,52.804524,On or near BRIDGE STREET,E01029701,Stafford 010E,Local resolution
7d4cbe686a0e9d3c8cf97fc036036eeb9a1cd5bf9d1c375c304d97db32676791,2021-10,Staffordshire Police,Staffordshire Police,-2.030542,52.696073,On or near BALTIC CLOSE,E01029367,Cannock Chase 011E,Unable to prosecute suspect
377c33b3887849021899aa71179efd29c6aac4728d7c179425274766374c832d,2021-10,Staffordshire Police,Staffordshire Police,-2.113404,52.815808,On or near FREEMEN STREET,E01029694,Stafford 010C,Unable to prosecute suspect
c62fd691422da9ad9b260efd5d8b2902b3598826232371daf9ff5163f63bd918,2021-10,Staffordshire Police,Staffordshire Police,-2.133420,53.037957,On or near ALSTONFIELD AVENUE,E01014211,Stoke-on-Trent 012B,Unable to prosecute suspect
bc4b4b74b551070d2aac72b766cd75dd495eb8d21a3c4a8a7e52b763ac04aede,2021-10,Staffordshire Police,Staffordshire Police,-2.204381,53.057408,On or near KING WILLIAM STREET,E01014356,Stoke-on-Trent 005C,Suspect charged
b7cc1564583e92f7ceb2e8537a880e03f0dd31aead7f10cb5d95ac75a7f324c6,2021-10,Staffordshire Police,Staffordshire Police,-2.123136,52.804858,On or near DERBY STREET,E01029701,Stafford 010E,Formal action is not in the public interest
c90c17a2d2c7f064f0bd0363493ff34d83773b8742a41b5ca54efd3414b15b9f,2021-10,Staffordshire Police,Staffordshire Police,-2.143453,52.996434,On or near CARLING GROVE,E01014273,Stoke-on-Trent 021A,Unable to prosecute suspect
a4cd8de5dd0f4411c01b91a35ae9fa949ceecba2d1ecc40ec89f33b34af4bd2a,2021-10,Staffordshire Police,Staffordshire Police,-2.188909,53.077901,On or near OVERSLEY ROAD,E01014260,Stoke-on-Trent 001D,Suspect charged
4d32d1db0ea1a9acfb49824371abb9b68616815dba072c61307d9b7bced92a43,2021-10,Staffordshire Police,Staffordshire Police,-2.215966,53.046861,On or near Park/Open Space,E01014252,Stoke-on-Trent 009D,Unable to prosecute suspect
809fb1d1b549c1b65929ff203b7cd240a51f9a552308b97595d7046d70e84899,2021-10,Staffordshire Police,Staffordshire Police,-2.183435,52.625312,On or near PENDINAS DRIVE,E01029615,South Staffordshire 008C,Formal action is not in the public interest
8f736512f2c55e342cbf7ef8ca0e05f229e95d282857e37d0ddc8366a94b3b03,2021-10,Staffordshire Police,Staffordshire Police,-2.167398,52.677188,On or near TIMBER GROVE,E01029618,South Staffordshire 003B,Unable to prosecute suspect
3c298774ee8fd1ed9934eb3689edc9afa87c5645eb010cede160ac06e74f5e94,2021-10,Staffordshire Police,Staffordshire Police,-2.061845,52.628476,On or near MEADOW VIEW,E01029634,South Staffordshire 007C,Formal action is not in the public interest
c51203715e6f292ddd25f616ee1e6da8be32f2a0d35cbc423ce6fe641560fa56,2021-10,Staffordshire Police,Staffordshire Police,-2.080561,52.971341,On or near PINE COURT,E01029702,Stafford 001A,Investigation complete; no suspect identified
56a59bc2e4a61f96e80cafecba27d56451c49b636c6bd23d51346dd9b24d0c0a,2021-10,Staffordshire Police,Staffordshire Police,-2.140113,52.899048,On or near BIRCH ROAD,E01029740,Stafford 003A,Unable to prosecute suspect
7d67ef30fe5126a09a1891bdd986c49a198a4c960f3b0d51b23519a4e8bf4564,2021-10,Staffordshire Police,Staffordshire Police,-1.778972,52.874097,On or near Park/Open Space,E01029425,East Staffordshire 006D,Suspect charged
e6a3323795e6ccebb9a7dccd5dfbd2455ebbe10c16b74a072f9ae5757a0a206d,2021-10,Staffordshire Police,Staffordshire Police,-2.020755,52.652304,On or near LOOM CLOSE,E01029640,South Staffordshire 005C,Investigation complete; no suspect identified
eb84d0600d13b46cdc608caf0bdf41bde144d1797b5d7663aaeb64f172abb84f,2021-10,Staffordshire Police,Staffordshire Police,-2.052110,52.691220,On or near SANDY LANE,E01029366,Cannock Chase 011D,Investigation complete; no suspect identified
3d0a45f45f45375689701a66becb7d60227000a465886521eeec7292bc603423,2021-10,Staffordshire Police,Staffordshire Police,-2.178227,53.032577,On or near KIBWORTH GROVE,E01014256,Stoke-on-Trent 011D,Suspect charged
8c5698bee4399ce8ffeacc392f257bf92d24aae7c2b13cf00f40cd38b9050ffc,2021-10,Staffordshire Police,Staffordshire Police,-1.652125,52.616628,On or near ERINGDEN,E01029859,Tamworth 007E,Unable to prosecute suspect
9e7764793e31c04a0869053af660a3b6b883798ad5e02fadff91b7934f9e79aa,2021-10,Staffordshire Police,Staffordshire Police,-2.159910,53.059148,On or near MEERE CLOSE,E01014332,Stoke-on-Trent 004B,Suspect charged
b60c6ea853a635f306346566d5afd3725f67921398d25f72b4c4a228a9bac9af,2021-10,Staffordshire Police,Staffordshire Police,-2.110220,52.829736,On or near BRINDLEY CLOSE,E01029690,Stafford 006A,Suspect charged
148e68290ca3633322c9693940fada58d3ce42ab19f8c17aa32d8859e664dab3,2021-10,Staffordshire Police,Staffordshire Police,-2.133420,53.037957,On or near ALSTONFIELD AVENUE,E01014211,Stoke-on-Trent 012B,Offender given a caution
148e68290ca3633322c9693940fada58d3ce42ab19f8c17aa32d8859e664dab3,2021-10,Staffordshire Police,Staffordshire Police,-2.133420,53.037957,On or near ALSTONFIELD AVENUE,E01014211,Stoke-on-Trent 012B,Offender given a caution
148e68290ca3633322c9693940fada58d3ce42ab19f8c17aa32d8859e664dab3,2021-10,Staffordshire Police,Staffordshire Police,-2.133420,53.037957,On or near ALSTONFIELD AVENUE,E01014211,Stoke-on-Trent 012B,Offender given a caution
d0a6dce45ac82fe92c99f5bd853cf7ec509e071beb4c5183355c186f54863718,2021-10,Staffordshire Police,Staffordshire Police,-2.142203,53.037722,On or near ABBOTS PLACE,E01014217,Stoke-on-Trent 012E,Investigation complete; no suspect identified
502ffd8e21e25338fe8fd441f3e4bbe46633af09a1a07ad39035218955d51f19,2021-10,Staffordshire Police,Staffordshire Police,-1.975064,52.784433,On or near Petrol Station,E01029711,Stafford 008C,Local resolution
6bf824dcadb3ff2b10179888c3b938894f709fca7cfdbf8dacb86a4165f6abf5,2021-10,Staffordshire Police,Staffordshire Police,-2.167976,53.000042,On or near CITY ROAD,E01014275,Stoke-on-Trent 020B,Unable to prosecute suspect
f2ecc301f9cccca3dca58b722945f45bc5732e087f661edf595d778a163723a7,2021-10,Staffordshire Police,Staffordshire Police,-2.204972,53.065605,On or near HALLFIELD GROVE,E01014359,Stoke-on-Trent 002C,Action to be taken by another organisation
5b497f2266e850e5579cffb767a64bf265ce34ff929da7db0b53acfdba554f2e,2021-10,Staffordshire Police,Staffordshire Police,-1.691959,52.635734,On or near Police Station,E01029835,Tamworth 002A,Unable to prosecute suspect
f525bfec27f4e7c60024c32ad55e8d3eb2c397920762ab6590a4064624433655,2021-10,Staffordshire Police,Staffordshire Police,-1.631072,52.801761,On or near Shopping Area,E01032896,East Staffordshire 011F,Suspect charged
2e3c17e34afc09f56f8dc0509030980b43cfc7dc96ba93700f227c83c434a81c,2021-10,Staffordshire Police,Staffordshire Police,-2.015703,52.661636,On or near JOHNS LANE,E01029644,South Staffordshire 005E,Unable to prosecute suspect
adb3eb586a770420f4339e712eab34b0e4fd08fe4144ec7a1b046ce7cfe2175e,2021-10,Staffordshire Police,Staffordshire Police,-2.241598,53.021193,On or near LYMEBROOK WAY,E01029554,Newcastle-under-Lyme 010B,Suspect charged
adb3eb586a770420f4339e712eab34b0e4fd08fe4144ec7a1b046ce7cfe2175e,2021-10,Staffordshire Police,Staffordshire Police,-2.241598,53.021193,On or near LYMEBROOK WAY,E01029554,Newcastle-under-Lyme 010B,Suspect charged
d898aefef069b456a1e2c091fb61c5a5c2bbbaa291e19eee2522b229d384e84c,2021-10,Staffordshire Police,Staffordshire Police,-2.040655,53.098162,On or near FERNWOOD DRIVE,E01029816,Staffordshire Moorlands 006F,Investigation complete; no suspect identified
59589b2108effc2d25431377dfb0dc4597f32f63f7536d04b3e4a420e95ebfaf,2021-10,Staffordshire Police,Staffordshire Police,-2.178304,53.022230,On or near Parking Area,E01014287,Stoke-on-Trent 015D,Unable to prosecute suspect
fc9a7a44b218ece9a033aa746439f75737311acae2693e4cd9f00312c3fa362f,2021-10,Staffordshire Police,Staffordshire Police,-2.187749,52.993289,On or near SOUTH TERRACE,E01014340,Stoke-on-Trent 019D,Investigation complete; no suspect identified
9b48cfbd256da53380573fb790523e19d3527297b1eb35f129735c58226c41e1,2021-10,Staffordshire Police,Staffordshire Police,-1.943751,52.771801,On or near ALBANY DRIVE,E01029402,Cannock Chase 001E,Suspect charged
45654d0cff5d1b795844999e544aed595268033e94b4557cd0b2a8410e063384,2021-10,Staffordshire Police,Staffordshire Police,-2.168630,53.022622,On or near NELSON PLACE,E01033216,Stoke-on-Trent 016G,Unable to prosecute suspect
336bcc7e3c50943f64470d6f0038f5b96f1e5e03cf23944887ff533855868788,2021-10,Staffordshire Police,Staffordshire Police,-2.126528,53.011860,On or near BARGRAVE STREET,E01014223,Stoke-on-Trent 017D,Unable to prosecute suspect
4ee82e09541338272ebd64a38ea5b428a412f4e85e81ebae7273b4185997a624,2021-10,Staffordshire Police,Staffordshire Police,-1.644851,52.820024,On or near WARWICK STREET,E01029436,East Staffordshire 007C,Investigation complete; no suspect identified
e05ebc53c0527bd32485f8819a4a4972b862ca7c62197dfc73b5f81c4eeacd77,2021-10,Staffordshire Police,Staffordshire Police,-1.934785,52.671077,On or near Parking Area,E01029497,Lichfield 006E,Suspect charged
c20467a26e8ef59a20e2907369c64800e6debf0487e03ada0bbccc72211ee839,2021-10,Staffordshire Police,Staffordshire Police,-2.008789,53.114268,On or near HORSECROFT GROVE,E01029809,Staffordshire Moorlands 001D,Unable to prosecute suspect
c9caf791d30cabf68a680e4fa8e95b5f44999b47bf2f9953204527bb63c1bd87,2021-10,Staffordshire Police,Staffordshire Police,-1.984836,52.692138,On or near HIGHFIELD ROAD,E01029380,Cannock Chase 009A,Investigation complete; no suspect identified
9b99f99623404035259a32a06c6d67d99926a9f1065936dddc16239493268a1a,2021-10,Staffordshire Police,Staffordshire Police,-2.141577,52.810294,On or near THE DRIVE,E01029750,Stafford 007D,Investigation complete; no suspect identified
4615cfa618e37d7c9ad7a4be319723c9b8901715c542ff8ca6a5f467d2598830,2021-10,Staffordshire Police,Staffordshire Police,-1.971036,52.709414,On or near WARREN CLOSE,E01029399,Cannock Chase 006C,Offender given a caution
72d5644309553af10b3d66a7c77e14842ffb3ddbc4d284cbd6bd7e397d3606b6,2021-10,Staffordshire Police,Staffordshire Police,-1.985554,52.987809,On or near Supermarket,E01029783,Staffordshire Moorlands 011B,Unable to prosecute suspect
791a5e909ddfe2c9d1527fe53e7f38d90c04c3b7c8fd3fa5001ff49b49fdfc37,2021-10,Staffordshire Police,Staffordshire Police,-2.197943,52.573111,On or near RADFORD LANE,E01029672,South Staffordshire 013C,Formal action is not in the public interest
aad4f8bc7af93bce08dcf400f99cd21be584e0af8c7e331f2c686da8bdd57702,2021-10,Staffordshire Police,Staffordshire Police,-2.156215,53.044051,On or near REPINGTON ROAD,E01014269,Stoke-on-Trent 010A,Suspect charged
c49fd056b8996481e68c9185691c0bfddf5ca2520f4f4ba2fc863442d56a3f94,2021-10,Staffordshire Police,Staffordshire Police,-2.175946,53.039790,On or near CASEWELL ROAD,E01014253,Stoke-on-Trent 011B,Local resolution
0f5c9f48e1f7ab20736eac4091554a31baa7149c1d8cdbf5d2fa113f31330105,2021-10,Staffordshire Police,Staffordshire Police,-2.113256,52.787509,On or near HOWARD ROAD,E01029727,Stafford 013D,Investigation complete; no suspect identified
9fb7c22c0871487d4a53d33055bbc142b918c79b6c1ceb9b02a89c77c2bd9838,2021-10,Staffordshire Police,Staffordshire Police,-2.256918,53.045422,On or near HAZEL ROAD,E01029548,Newcastle-under-Lyme 007B,Unable to prosecute suspect
531dc54ba1296faefc38c9284a426ed2c5d75edee62a72f5ddfc5e6b07eeeb9b,2021-10,Staffordshire Police,Staffordshire Police,-2.033621,52.659080,On or near FAIRVIEW CLOSE,E01029623,South Staffordshire 004C,Unable to prosecute suspect
82ecebee5c36ee4bc8405fd09eaa9dcbe078edc7cb36355b08cba11d1a116c04,2021-10,Staffordshire Police,Staffordshire Police,-2.131498,53.058257,On or near GREENSIDE AVENUE,E01014215,Stoke-on-Trent 007B,Local resolution
341b15608ddb071ad38313009cd56eab80e02061f3a47f9ad505b519bc6332c0,2021-10,Staffordshire Police,Staffordshire Police,-1.642290,52.808402,On or near BYRKLEY STREET,E01029445,East Staffordshire 009A,Unable to prosecute suspect
aa841800cff7e540966d3f47359b7e4160cc231a4ea8c0e004e2aad076d475b6,2021-10,Staffordshire Police,Staffordshire Police,-2.187068,53.039009,On or near ELDER ROAD,E01014249,Stoke-on-Trent 011A,Unable to prosecute suspect
25e2a1b5af9d217affb030c5e97ffc21a1fe50105fc21d99f42decc38ec34912,2021-10,Staffordshire Police,Staffordshire Police,-1.938457,52.678729,On or near Supermarket,E01029497,Lichfield 006E,Unable to prosecute suspect
719f3f30f8ab6f29747fc9cb8b8bf760acbfaab1f781d14c8a813eec1f955a76,2021-10,Staffordshire Police,Staffordshire Police,-2.125203,53.017741,On or near TAUNTON WAY,E01014220,Stoke-on-Trent 017A,Investigation complete; no suspect identified
153210615b6e0cd3a782f3ded5510fb4eb2d9786d9e97249e26fb2c645af6567,2021-10,Staffordshire Police,Staffordshire Police,-1.990179,52.953974,On or near Petrol Station,E01029791,Staffordshire Moorlands 013E,Formal action is not in the public interest
b6a440f9735dcdd4fbf4816ec793c3fe3283d88e092af6ea3a6dc65f61d09a3b,2021-10,Staffordshire Police,Staffordshire Police,-2.134650,53.030810,On or near WELBECK PLACE,E01014212,Stoke-on-Trent 012C,Suspect charged
4b5f93b83f4f570f872980f1071bce974c8ffe318c7d615f60bd19da91cb5388,2021-10,Staffordshire Police,Staffordshire Police,-2.030308,52.678300,On or near WATERBROOK WAY,E01029359,Cannock Chase 012A,Unable to prosecute suspect
dfff737e4da07bacc3440bfd28bf0cfe063e1a29f78f4f4ca51062f7521c112f,2021-10,Staffordshire Police,Staffordshire Police,-2.090405,52.636701,On or near A460,E01029635,South Staffordshire 007D,Investigation complete; no suspect identified
72456fc7201af8bd628995438911d39479b7801c1735788bb77b4c6d74ad28c6,2021-10,Staffordshire Police,Staffordshire Police,-2.181228,53.008616,On or near STATION ROAD,E01014284,Stoke-on-Trent 016F,Unable to prosecute suspect
93141c7d3b6ee1e83bef58bdfe545d2805f169d963f5cd1d2e1531f0eec505a6,2021-10,Staffordshire Police,Staffordshire Police,-2.190425,52.981778,On or near MARCEL CLOSE,E01014346,Stoke-on-Trent 030A,Investigation complete; no suspect identified
4db6ada96ccc9cd958caa6cbb4a235f74b510746bf0215a64d9b24317f7cdcf4,2021-10,Staffordshire Police,Staffordshire Police,,,No location,,,Unable to prosecute suspect
1149c8ff849ded58cb6af76737e09fbeda75d2327ebd007628605424b9fea5a8,2021-10,Staffordshire Police,Staffordshire Police,-2.234281,53.040938,On or near Supermarket,E01029538,Newcastle-under-Lyme 006B,Unable to prosecute suspect
0f3679ddd5447fc8486e471aca8e5a50f54e743e7f8c9bdae68d9e6f7040503e,2021-10,Staffordshire Police,Staffordshire Police,-2.178401,53.056479,On or near SHERRATT STREET,E01014334,Stoke-on-Trent 003E,Unable to prosecute suspect
ec5049e9002d0059ef9971b26a5d099b648645820a4937c1ed5f874ad4fd0547,2021-10,Staffordshire Police,Staffordshire Police,-2.166034,53.018122,On or near Supermarket,E01033216,Stoke-on-Trent 016G,Suspect charged
9fb66925a257e3ce056f68cc813ac50531582ce2f9e94012b3fb16d903a53e02,2021-10,Staffordshire Police,Staffordshire Police,-2.156160,53.000076,On or near ELLIOT ROAD,E01014274,Stoke-on-Trent 020A,Unable to prosecute suspect
2b45e4904300ff8f14d55aff82c36cb5ab642e0e5ad28c5c1d6801e61026beea,2021-10,Staffordshire Police,Staffordshire Police,-2.094483,52.984797,On or near CLYNES WAY,E01014366,Stoke-on-Trent 028B,Formal action is not in the public interest
f7d7ba5f46da98ca59afdfa42973c2b16f6a6a78f36110945aa5cc983a5832ef,2021-10,Staffordshire Police,Staffordshire Police,-1.672438,52.620013,On or near A5,E01029829,Tamworth 010A,Unable to prosecute suspect
348864cd291c951154b19898c07613b53ae8785409b77340c6bc0c4fa6688cab,2021-10,Staffordshire Police,Staffordshire Police,-2.196687,53.061708,On or near IRENE AVENUE,E01014242,Stoke-on-Trent 006B,Unable to prosecute suspect
ec13ded554f713bb72870b3c99f78cfa6432b52a1f444a3ecd827e12294398ea,2021-10,Staffordshire Police,Staffordshire Police,-2.200258,52.627702,On or near STATION CLOSE,E01029627,South Staffordshire 008D,Investigation complete; no suspect identified
9e61353d7e0d7a423eceaf2398ea413002ab8452958714037202ab1dfbcbffbc,2021-10,Staffordshire Police,Staffordshire Police,-2.183603,52.999264,On or near GABLE STREET,E01014339,Stoke-on-Trent 019C,Unable to prosecute suspect
8aa680873b2a2645f84772fbcc8307d718f1ccd04e0e72dd21c36a89098a64e5,2021-10,Staffordshire Police,Staffordshire Police,-2.178061,53.028361,On or near HOPE STREET,E01014287,Stoke-on-Trent 015D,Unable to prosecute suspect
9fcabf12c988f99b125eb94c1b6d6a5d97268c93a7cb64262f7c13e16ff18db0,2021-10,Staffordshire Police,Staffordshire Police,-2.095534,52.981587,On or near STANSMORE ROAD,E01014367,Stoke-on-Trent 028C,Unable to prosecute suspect
dea9f7be7472e6b5b7c56aa9257fd3d3c89852326eeae872797403ebdc1cdb83,2021-10,Staffordshire Police,Staffordshire Police,-2.095534,52.981587,On or near STANSMORE ROAD,E01014367,Stoke-on-Trent 028C,Further investigation is not in the public interest
77b599eee60bfe95a65c0324b2fd6c9f71cebe1459cf2814419429688b0d5bd1,2021-10,Staffordshire Police,Staffordshire Police,-2.257630,53.039695,On or near DIXON'S ROW,E01029548,Newcastle-under-Lyme 007B,Investigation complete; no suspect identified
7d4e5a8bb62d459f0a134e3d688cfabaa75a599c246dace28afd02a57fe41d06,2021-10,Staffordshire Police,Staffordshire Police,-2.166034,53.018122,On or near Supermarket,E01033216,Stoke-on-Trent 016G,Suspect charged
1774369d7b6fee87b9f765447f21d21b988f4a82e9d9fd89ba0f09b5681257be,2021-10,Staffordshire Police,Staffordshire Police,-2.011374,53.115706,On or near HAREGATE ROAD,E01029809,Staffordshire Moorlands 001D,Suspect charged
e7bd0d8b4072da55f2c0ba7406b44da74803a8ff4838ed6a353aa90275ae3734,2021-10,Staffordshire Police,Staffordshire Police,-2.156160,53.000076,On or near ELLIOT ROAD,E01014274,Stoke-on-Trent 020A,Unable to prosecute suspect
95065d8515afc00093e904a179347bc59befb8fb0a39a0d324ac10467b3668b8,2021-10,Staffordshire Police,Staffordshire Police,-2.257630,53.039695,On or near DIXON'S ROW,E01029548,Newcastle-under-Lyme 007B,Investigation complete; no suspect identified
95065d8515afc00093e904a179347bc59befb8fb0a39a0d324ac10467b3668b8,2021-10,Staffordshire Police,Staffordshire Police,-2.257630,53.039695,On or near DIXON'S ROW,E01029548,Newcastle-under-Lyme 007B,Investigation complete; no suspect identified
8c9f5f9472713957103883f5723eb979e715360f5f802a891228a02db40bd2bd,2021-10,Staffordshire Police,Staffordshire Police,-2.166910,52.997913,On or near WATKIN STREET,E01014276,Stoke-on-Trent 020C,Investigation complete; no suspect identified
cafbbae428d6e48b5caa5d31b89b649962886f2945da47446af9e13321db2711,2021-10,Staffordshire Police,Staffordshire Police,-2.190266,53.016755,On or near CASTLEFIELD STREET,E01014281,Stoke-on-Trent 015A,Suspect charged
3c5c77fad8a344ad430f1fa8d1daa98ab343fb76305662fdbda220f92915e040,2021-10,Staffordshire Police,Staffordshire Police,-2.190266,53.016755,On or near CASTLEFIELD STREET,E01014281,Stoke-on-Trent 015A,Suspect charged
41b5c10cf10b51963366f739ad74431b6d2ebe414eea648d33310123a9b18936,2021-10,Staffordshire Police,Staffordshire Police,-2.223448,53.080278,On or near WOODSTOCK STREET,E01029587,Newcastle-under-Lyme 001F,Unable to prosecute suspect
7cdaefa67528667ee63aaf1ebcb35d0aefb4cdf17edc24fd3475a6512fc19949,2021-10,Staffordshire Police,Staffordshire Police,-2.168474,52.997911,On or near ALMA STREET,E01014276,Stoke-on-Trent 020C,Unable to prosecute suspect
efab321e551e57b647a28ac3140f5dd1173aca79f22bfd6c928df0b3b01edb91,2021-10,Staffordshire Police,Staffordshire Police,-2.133587,52.995663,On or near LONGLEY ROAD,E01014298,Stoke-on-Trent 022B,Suspect charged
efab321e551e57b647a28ac3140f5dd1173aca79f22bfd6c928df0b3b01edb91,2021-10,Staffordshire Police,Staffordshire Police,-2.133587,52.995663,On or near LONGLEY ROAD,E01014298,Stoke-on-Trent 022B,Suspect charged
4f6eb096bd8cd9dad8ac8b588415cc350f21f4fbf310c0d2f2d6fc36b2fed3db,2021-10,Staffordshire Police,Staffordshire Police,-1.663043,52.604793,On or near HASTINGS CLOSE,E01029867,Tamworth 010C,Formal action is not in the public interest
9a97f8b53f16c9db7a33ecfc505275751ab515d1c0cbb42d67479def89a5562d,2021-10,Staffordshire Police,Staffordshire Police,-2.217672,53.059766,On or near CLAY HILLS,E01014354,Stoke-on-Trent 005A,Investigation complete; no suspect identified
75930a318f3ea1f85516b2aadf2e01744dab7f4719b7a4f8c74529fdeac72ffe,2021-10,Staffordshire Police,Staffordshire Police,-1.979630,52.688434,On or near THE COPPICE,E01029381,Cannock Chase 009B,Investigation complete; no suspect identified
d172fb9e81784feaddbcd073399406229e9f58025f7da00399ffb1c3a4b6c883,2021-10,Staffordshire Police,Staffordshire Police,-2.107003,52.650532,On or near OAKS DRIVE,E01029637,South Staffordshire 006D,Suspect charged
863aa818e1106df8e2578d54ef5fea12496034acd66ab841fb9151face9bce7e,2021-10,Staffordshire Police,Staffordshire Police,-2.233354,53.095684,On or near MARYHILL CLOSE,E01029561,Newcastle-under-Lyme 002A,Unable to prosecute suspect
2f1ff869e00ef29e57e1ef9a03fb88df2be9bed7f7d07c293c7de3f13dcf7330,2021-10,Staffordshire Police,Staffordshire Police,-2.205281,52.785129,On or near HAWTHORN CLOSE,E01029688,Stafford 015A,Investigation complete; no suspect identified
4fc799f6c10aa005110769ca74b6dde2551f26b1bbfc0558707e106673c87a30,2021-10,Staffordshire Police,Staffordshire Police,-2.011374,53.115706,On or near HAREGATE ROAD,E01029809,Staffordshire Moorlands 001D,Suspect charged
a56f9335a56dd797e95894d7f22cb557bcc475ba4ec3152aa235e2849d932fff,2021-10,Staffordshire Police,Staffordshire Police,-1.834108,52.682468,On or near Park/Open Space,E01032899,Lichfield 004F,Suspect charged
a56f9335a56dd797e95894d7f22cb557bcc475ba4ec3152aa235e2849d932fff,2021-10,Staffordshire Police,Staffordshire Police,-1.834108,52.682468,On or near Park/Open Space,E01032899,Lichfield 004F,Suspect charged
a56f9335a56dd797e95894d7f22cb557bcc475ba4ec3152aa235e2849d932fff,2021-10,Staffordshire Police,Staffordshire Police,-1.834108,52.682468,On or near Park/Open Space,E01032899,Lichfield 004F,Suspect charged
1498c932ac11a7576e37e61a8a176113e52638cbc41a1464f64e9ce5dbb3df6f,2021-10,Staffordshire Police,Staffordshire Police,-2.099856,52.976531,On or near UTTOXETER ROAD,E01014317,Stoke-on-Trent 031D,Suspect charged
1498c932ac11a7576e37e61a8a176113e52638cbc41a1464f64e9ce5dbb3df6f,2021-10,Staffordshire Police,Staffordshire Police,-2.099856,52.976531,On or near UTTOXETER ROAD,E01014317,Stoke-on-Trent 031D,Suspect charged
1498c932ac11a7576e37e61a8a176113e52638cbc41a1464f64e9ce5dbb3df6f,2021-10,Staffordshire Police,Staffordshire Police,-2.099856,52.976531,On or near UTTOXETER ROAD,E01014317,Stoke-on-Trent 031D,Suspect charged
c38f943928db6b83ffacf25fd654904e4a3ae3e03d3b73205def33feaecb533b,2021-10,Staffordshire Police,Staffordshire Police,-2.127386,52.792241,On or near AVERILL ROAD,E01029717,Stafford 013C,Local resolution
3118f1c2ea24aaf0b3708d37225874c73da6233705247642773e2df365e3a680,2021-10,Staffordshire Police,Staffordshire Police,-2.108173,52.770910,On or near MOSSPIT,E01029656,South Staffordshire 001B,Investigation complete; no suspect identified
a4d0a84a622a7c9c585b203738267d62b1f47eef7abf782624b4485c43503186,2021-10,Staffordshire Police,Staffordshire Police,-2.098863,52.978375,On or near KINGSLEY STREET,E01014368,Stoke-on-Trent 028D,Unable to prosecute suspect
b804c1a3b3c8714e189dfa0fda4d40e4b63f8bc149422ba107284b7e6a5e68ca,2021-10,Staffordshire Police,Staffordshire Police,-2.213818,53.058955,On or near STRINGER COURT,E01014354,Stoke-on-Trent 005A,Suspect charged
b804c1a3b3c8714e189dfa0fda4d40e4b63f8bc149422ba107284b7e6a5e68ca,2021-10,Staffordshire Police,Staffordshire Police,-2.213818,53.058955,On or near STRINGER COURT,E01014354,Stoke-on-Trent 005A,Suspect charged
b24f723deeeb2e63636e649a26c5d4ac72a243eca291a8329dbabd2a184f3793,2021-10,Staffordshire Police,Staffordshire Police,-1.943280,52.688890,On or near LEA HALL DRIVE,E01029493,Lichfield 006B,Unable to prosecute suspect
ef00c51a999afd907f6c24ba1519e3f0ed3ff80ffc47d205e96793920acdc7da,2021-10,Staffordshire Police,Staffordshire Police,-2.217339,53.061951,On or near JACQUELINE STREET,E01014354,Stoke-on-Trent 005A,Unable to prosecute suspect
9f89cae426d4a9331c404ab4c9789935f6bc466c7c8d4b47c826959bdc9e1ce6,2021-10,Staffordshire Police,Staffordshire Police,-1.983882,52.998848,On or near HAMMERSLEY HAYES ROAD,E01029796,Staffordshire Moorlands 010D,Suspect charged
5574432b42cfd0ab752df32abedbcdcc1ad8deb57177bb32e2c634858f4d1aed,2021-10,Staffordshire Police,Staffordshire Police,-2.173411,53.021375,On or near DOWNEY STREET,E01014287,Stoke-on-Trent 015D,Unable to prosecute suspect
b8a543586b6f52e1944f9e8d8f363012d2b54a3faa2a9d65aa2b8bfac3bbbfe0,2021-10,Staffordshire Police,Staffordshire Police,-2.185819,53.032925,On or near DERWENT STREET,E01014254,Stoke-on-Trent 011C,Unable to prosecute suspect
3ad5a564d275bdb7e86c68808e69a77bbf7340a9ef4fbc18514267d1233236bd,2021-10,Staffordshire Police,Staffordshire Police,,,No location,,,Unable to prosecute suspect
fc981475268c15901293e427a383cad2e0b12df340779e383e88194d2c54aaf9,2021-10,Staffordshire Police,Staffordshire Police,-2.190266,53.016755,On or near CASTLEFIELD STREET,E01014281,Stoke-on-Trent 015A,Suspect charged
c9a5d18e3a4d240b844256ca4b7af3e3bfa52998b9846ef8b79afc25edec018a,2021-10,Staffordshire Police,Staffordshire Police,-2.030809,52.697250,On or near TEDDESLEY COURT,E01029356,Cannock Chase 007C,Investigation complete; no suspect identified
afa06c44189fb5171c0c4c4180cc748ceb9a7c356ff805082a1f589885814105,2021-10,Staffordshire Police,Staffordshire Police,-2.127386,52.792241,On or near AVERILL ROAD,E01029717,Stafford 013C,Local resolution
3434284af3a09c85bb754b3ae2f10e174d997db3c5da74fc589e15fdd4158e88,2021-10,Staffordshire Police,Staffordshire Police,-1.837490,52.683992,On or near Sports/Recreation Area,E01032899,Lichfield 004F,Suspect charged
a10903c1cb03709ff8da0c9f7313a758f671e7fae439867cfc9339c79f469dca,2021-10,Staffordshire Police,Staffordshire Police,-1.636990,52.798228,On or near CAXTON COURT,E01032898,East Staffordshire 011H,Unable to prosecute suspect
a10903c1cb03709ff8da0c9f7313a758f671e7fae439867cfc9339c79f469dca,2021-10,Staffordshire Police,Staffordshire Police,-1.636990,52.798228,On or near CAXTON COURT,E01032898,East Staffordshire 011H,Unable to prosecute suspect
a10903c1cb03709ff8da0c9f7313a758f671e7fae439867cfc9339c79f469dca,2021-10,Staffordshire Police,Staffordshire Police,-1.636990,52.798228,On or near CAXTON COURT,E01032898,East Staffordshire 011H,Unable to prosecute suspect
c612c028b7b2cd608a33ca0de7839ae43ccf77b4019b2c0b1a0730e8a751e9cc,2021-10,Staffordshire Police,Staffordshire Police,-2.224794,52.991993,On or near Pedestrian Subway,E01029591,Newcastle-under-Lyme 014C,Investigation complete; no suspect identified
b740c36495217e9ea2b8e831310cc4a981789ead24f4c9764362abb8ed112daa,2021-10,Staffordshire Police,Staffordshire Police,-2.135120,52.833009,On or near HURRICANE CLOSE,E01029743,Stafford 006C,Investigation complete; no suspect identified
71289e903f316638778978f0237d5f06027cbff9f5e35bc9dd374c297e90f12d,2021-10,Staffordshire Police,Staffordshire Police,-1.831918,52.690564,On or near WOOD RIDINGS,E01029492,Lichfield 004A,Unable to prosecute suspect
e5951e4700531f8c7e92a7c39e8d506562d45ede25174a97a37fc708b3575725,2021-10,Staffordshire Police,Staffordshire Police,-2.163500,53.041884,On or near NOBLETT ROAD,E01014271,Stoke-on-Trent 008E,Suspect charged
f287d10376213513f3207a5c20c55b238416bc8a51ad9206b443e7cc5627c268,2021-10,Staffordshire Police,Staffordshire Police,-2.185819,53.032925,On or near DERWENT STREET,E01014254,Stoke-on-Trent 011C,Unable to prosecute suspect
790a4e06e4c56b5200e20c78c4e0f567e60d9c6a90ef19ae5771536587b2d835,2021-10,Staffordshire Police,Staffordshire Police,-1.630149,52.817858,On or near DERBY ROAD,E01029429,East Staffordshire 008D,Investigation complete; no suspect identified
0d64c84c22b578fb7ac4c51ab6b01b99d41a935516e8139fa78dd25e8deb5b15,2021-10,Staffordshire Police,Staffordshire Police,-2.216496,53.024720,On or near HIGH STREET (MAY BANK),E01029579,Newcastle-under-Lyme 009B,Investigation complete; no suspect identified
4535d0f347831f13edc155acbe7805c03e6df74f45e1e8e37963d433b46db742,2021-10,Staffordshire Police,Staffordshire Police,-2.212832,53.058660,On or near OLDCOURT STREET,E01014354,Stoke-on-Trent 005A,Suspect charged
14348b52c6581f88c648fb595b6d1bade9b86f2e2a1e4acfdbb2cfa766b57dc8,2021-10,Staffordshire Police,Staffordshire Police,-2.240118,52.695267,On or near Hospital,E01029668,South Staffordshire 003C,Further investigation is not in the public interest
7d161676f98c56706f81cd5c6d4e659b713df1a68e23213a9f84fee8e5bccc59,2021-10,Staffordshire Police,Staffordshire Police,-2.063977,52.913479,On or near HALL LANE,E01029733,Stafford 004A,Suspect charged
294bb70cf2f94d67bca2f3c4b21407086f214e8cf4159b2ebb0a18626495c6c1,2021-10,Staffordshire Police,Staffordshire Police,-2.173288,53.046481,On or near ESPERANTO WAY,E01014270,Stoke-on-Trent 008D,Suspect charged
cfec3748af66aca57d37a92b480499a7d1e6b8013744355a0b254a6d6625a6aa,2021-10,Staffordshire Police,Staffordshire Police,-1.824419,52.689879,On or near ST CHADS CLOSE,E01029501,Lichfield 004C,Investigation complete; no suspect identified
89d53304880909a186a5d0f73552775fccfb14a658b3597d6f3e40b977d3bb0f,2021-10,Staffordshire Police,Staffordshire Police,-1.931384,52.756440,On or near ARCH STREET,E01029345,Cannock Chase 003A,Investigation complete; no suspect identified
8da53fc08774cb81f08ddc038a1bfe0a69c4b1c3c08c7adddda9bb7e8f0b8672,2021-10,Staffordshire Police,Staffordshire Police,-2.243643,53.019040,On or near ST BERNARD'S ROAD,E01029566,Newcastle-under-Lyme 010C,Suspect charged
16ac922f490745a43ea585852d03be1c6a3a574d3b4694ba55fa38c30b8bda3e,2021-10,Staffordshire Police,Staffordshire Police,-2.102470,52.979675,On or near MEIR VIEW,E01014321,Stoke-on-Trent 028A,Investigation complete; no suspect identified
f5f296804676297a1992bea34718415f17447664113c19fc154ef3232f7317d6,2021-10,Staffordshire Police,Staffordshire Police,-1.935702,52.762403,On or near ANSON STREET,E01029404,Cannock Chase 002E,Offender given a caution
4b3dcd46d171554c88a231746a12a7ee6499088fc92d53bbdd31af71a7d5420b,2021-10,Staffordshire Police,Staffordshire Police,-2.117927,52.815075,On or near ALBERT TERRACE,E01029689,Stafford 010A,Unable to prosecute suspect
affaa1fe21dc06679785e5645dc7fede5d42345e22f48499edb78c588342b5ca,2021-10,Staffordshire Police,Staffordshire Police,-2.080252,52.813048,On or near WESTON ROAD,E01029732,Stafford 011E,Suspect charged
43038abaface461a5046a84b8095a6b374ca5069abf620b4591f868d654be18e,2021-10,Staffordshire Police,Staffordshire Police,-2.011782,52.703942,On or near HAWKYARD COURT,E01029351,Cannock Chase 008C,Unable to prosecute suspect
66072bcc523e44cafda578b8fd58f2514120f2e17c08b96eb69bafccc36add4d,2021-10,Staffordshire Police,Staffordshire Police,-2.195981,53.047660,On or near MOUNTFORD STREET,E01014247,Stoke-on-Trent 009A,Unable to prosecute suspect
d3d5ce9265eaa6ae771f3b94d739209c46fae28b9f5b1a368eed8c7d7044d066,2021-10,Staffordshire Police,Staffordshire Police,,,No location,,,Suspect charged
d3d5ce9265eaa6ae771f3b94d739209c46fae28b9f5b1a368eed8c7d7044d066,2021-10,Staffordshire Police,Staffordshire Police,,,No location,,,Suspect charged
d3d5ce9265eaa6ae771f3b94d739209c46fae28b9f5b1a368eed8c7d7044d066,2021-10,Staffordshire Police,Staffordshire Police,,,No location,,,Suspect charged
7d2de98406e0e3a3d7eee669d49b47c2f3300328f187417a22b326a8496eeeec,2021-10,Staffordshire Police,Staffordshire Police,-1.659395,52.787525,On or near BURTON ROAD,E01029416,East Staffordshire 013D,Suspect charged
82a0ab720ef40420edb7e48a21b522de1b507644947636e8fcc9a26db89c4c48,2021-10,Staffordshire Police,Staffordshire Police,-2.014238,52.701946,On or near CHURCH STREET,E01029351,Cannock Chase 008C,Local resolution
b2f627d4bbdbcf91f1f7cadeaebf9ae921e16bb384605f4a85e49b2574acc9ae,2021-10,Staffordshire Police,Staffordshire Police,-2.176582,53.122470,On or near SANDSDOWN CLOSE,E01029774,Staffordshire Moorlands 003E,Unable to prosecute suspect
9f5e190de9ef24d9ed71ec6b3136249b1425a5ec5f431ea1c5627fbc65eb7ee6,2021-10,Staffordshire Police,Staffordshire Police,-2.180789,53.021094,On or near CLINTON SQUARE,E01014287,Stoke-on-Trent 015D,Suspect charged
9f5e190de9ef24d9ed71ec6b3136249b1425a5ec5f431ea1c5627fbc65eb7ee6,2021-10,Staffordshire Police,Staffordshire Police,-2.180789,53.021094,On or near CLINTON SQUARE,E01014287,Stoke-on-Trent 015D,Suspect charged
7c979cf7db17bbad6db988f0eabbafbed96135d3f51f09c2096c01bfd5718190,2021-10,Staffordshire Police,Staffordshire Police,-2.102470,52.979675,On or near MEIR VIEW,E01014321,Stoke-on-Trent 028A,Investigation complete; no suspect identified
5c70a57c8c1697680cf61aa217de00c495873624f0cda8ebb9d845d85ac586a9,2021-10,Staffordshire Police,Staffordshire Police,-2.212832,53.058660,On or near OLDCOURT STREET,E01014354,Stoke-on-Trent 005A,Suspect charged
5c70a57c8c1697680cf61aa217de00c495873624f0cda8ebb9d845d85ac586a9,2021-10,Staffordshire Police,Staffordshire Police,-2.212832,53.058660,On or near OLDCOURT STREET,E01014354,Stoke-on-Trent 005A,Suspect charged
eb9767d8a19ae898ee2454fec0223f82e6ec6a032c78c2bf0db46c273a6181f5,2021-10,Staffordshire Police,Staffordshire Police,-2.193254,53.064905,On or near GOWAN AVENUE,E01014242,Stoke-on-Trent 006B,Suspect charged
04b870615bcb2dc877b12318dfce2a34b3dc000c7ac5c11153b0bb170af1d8bc,2021-10,Staffordshire Police,Staffordshire Police,-2.185927,53.071830,On or near JOHNSON PLACE,E01014261,Stoke-on-Trent 003A,Unable to prosecute suspect
084fdb59b160dac2b9c1a9b0c7f93c3ea899ce37b2e35abdb629c3b26ec40669,2021-10,Staffordshire Police,Staffordshire Police,,,No location,,,Investigation complete; no suspect identified
ae36afec7c94d2d9e0c79c20b3ad6f10916b34c5029a26b1b88af0d39ddb78f3,2021-10,Staffordshire Police,Staffordshire Police,-2.186748,53.006316,On or near VALE STREET,E01014293,Stoke-on-Trent 019A,Investigation complete; no suspect identified
950eaf11429ffa0e3575f4e8335b9b1cf7e13fe4ed8916aaa6187a2cb9455362,2021-10,Staffordshire Police,Staffordshire Police,-1.981242,52.688992,On or near HEDNESFORD ROAD,E01029382,Cannock Chase 009C,Unable to prosecute suspect
878bbd0696036acee73d70de7be6d5df880463119dfbe8d5f41d3039a0c916a6,2021-10,Staffordshire Police,Staffordshire Police,-1.633855,52.816503,On or near GOODMAN STREET,E01029429,East Staffordshire 008D,Suspect charged
de90ec527e9adbf5b4b8c6c8766ebe08dc8dd3d7f9034111f828bb7c2b0f45bd,2021-10,Staffordshire Police,Staffordshire Police,-2.115960,52.806277,On or near ST CHAD'S PLACE,E01029701,Stafford 010E,Suspect charged
42d616b7506a7286247a4310895912181dc42331f538ca080992de26456303d9,2021-10,Staffordshire Police,Staffordshire Police,-1.650725,52.805452,On or near SHOBNALL ROAD,E01029448,East Staffordshire 009D,Unable to prosecute suspect
b186c18e3bd97d539990cb8b7e8fae66c646feb2fd13f8be41a972d092a4ae66,2021-10,Staffordshire Police,Staffordshire Police,-2.185927,53.071830,On or near JOHNSON PLACE,E01014261,Stoke-on-Trent 003A,Unable to prosecute suspect
a81b57c3f74c1d53aef22d4ebefb9fba18f0b3c7bd3eaf45a5c638ad396ce6ef,2021-10,Staffordshire Police,Staffordshire Police,-2.204242,53.037515,On or near MALKIN WAY,E01014255,Stoke-on-Trent 009E,Investigation complete; no suspect identified
a06db8bf3381fc6bf7b7b97ee693a961b70d963708fc98c34c2a6ddf1d4132e3,2021-10,Staffordshire Police,Staffordshire Police,-2.223992,53.004004,On or near CHERVIL CLOSE,E01029551,Newcastle-under-Lyme 014B,Unable to prosecute suspect
1d179fcad2a52917e8442f6a6e135506e3ef64fb75836d04d6446b360ed3c13f,2021-10,Staffordshire Police,Staffordshire Police,-2.204381,53.057408,On or near KING WILLIAM STREET,E01014356,Stoke-on-Trent 005C,Suspect charged
17ad53b58503ed7cb0ffd89e6d76641ba993d6997e2bc4a991fb095cdb7d2030,2021-10,Staffordshire Police,Staffordshire Police,-2.171826,53.016595,On or near STONEHAVEN GROVE,E01014287,Stoke-on-Trent 015D,Suspect charged
1788ec7e051627f2d4330e602a025be4f5321cb132bc0304367aa786a9d053eb,2021-10,Staffordshire Police,Staffordshire Police,-2.116574,52.730701,On or near COOKE CLOSE,E01029660,South Staffordshire 001F,Unable to prosecute suspect
10d0b0a89cee31460d102dd1e6b61fdd384f45a1c4e3f4d5cf64bfdcadb18810,2021-10,Staffordshire Police,Staffordshire Police,-2.188574,52.607621,On or near KEEPERS LANE,E01010546,Wolverhampton 014A,Suspect charged
c6494d7f7cf23bc449734efe5d5ac097659fec6b717f90ea4628e467f0f13532,2021-10,Staffordshire Police,Staffordshire Police,-1.987937,52.988448,On or near CROFT ROAD,E01029787,Staffordshire Moorlands 011D,Suspect charged
d2640fed57fd692979a927f5c0ad68ac9e8f09d2b28cca37d45282193b20892c,2021-10,Staffordshire Police,Staffordshire Police,-2.116574,52.730701,On or near COOKE CLOSE,E01029660,South Staffordshire 001F,Unable to prosecute suspect
83f1348659eda12803e5e4b9d8e97a0b318830746184d8ad7aedd0f65cc9fbd8,2021-10,Staffordshire Police,Staffordshire Police,-2.226052,53.035911,On or near SPARROW TERRACE,E01029583,Newcastle-under-Lyme 008A,Suspect charged
4be9a2bd3aad611bba5d158a25a53b5b9f83f9b73a5f32480c6605b39579be33,2021-10,Staffordshire Police,Staffordshire Police,-2.242204,53.086650,On or near MEADOWS ROAD,E01029588,Newcastle-under-Lyme 002D,Investigation complete; no suspect identified
0b22d9ef30fe79245fa0501ba7074ee82b7f8bf83b87a27632784ef116f41748,2021-10,Staffordshire Police,Staffordshire Police,-2.186063,53.003089,On or near LONDON ROAD,E01014345,Stoke-on-Trent 019E,Unable to prosecute suspect
d12f654679429081b82fe70e99a56160f42b0af29dd5d2de3a05daca4bf180d1,2021-10,Staffordshire Police,Staffordshire Police,-2.197133,53.045015,On or near CLAYHANGER STREET,E01014251,Stoke-on-Trent 009C,Unable to prosecute suspect
ea6d7514f5b51acb065eedf016fab3102359162574ba1a9fb950f23e4f9d3bfa,2021-10,Staffordshire Police,Staffordshire Police,-2.179504,53.070545,On or near BRINDLEY PLACE,E01014263,Stoke-on-Trent 003C,Suspect charged
dc98d920c785a32cd76a8e8b1d696dcca14695ccc41cbb3c09483907e5856b2c,2021-10,Staffordshire Police,Staffordshire Police,-2.134650,53.030810,On or near WELBECK PLACE,E01014212,Stoke-on-Trent 012C,Unable to prosecute suspect
6b53e856de706847a1552a6aa03084da7f5643690938a39e1af465e6f22c1609,2021-10,Staffordshire Police,Staffordshire Police,-2.160259,53.116920,On or near BLACKBIRD WAY,E01029770,Staffordshire Moorlands 002C,Offender given a caution
27bda4bded59daafe02b5c39598cb1a3b84b4d5bfd4408e98b6c67736f58c10b,2021-10,Staffordshire Police,Staffordshire Police,-2.231645,52.988761,On or near THAMES ROAD,E01029591,Newcastle-under-Lyme 014C,Investigation complete; no suspect identified
b6f4ec69f5088c8e5958040b8fa9447f781f6b874c8153d4a27959df2c9e4180,2021-10,Staffordshire Police,Staffordshire Police,-1.944777,52.769185,On or near WAT TYLER CLOSE,E01029372,Cannock Chase 002A,Further action is not in the public interest
79b50e3352737962142a71e5083a177f0c948d8ac99263a1d42c4b1316cff64a,2021-10,Staffordshire Police,Staffordshire Police,-2.109181,52.989261,On or near BERRYFIELD GROVE,E01014364,Stoke-on-Trent 024B,Formal action is not in the public interest
b7652359e105ab77fcfde50dc9464b0dbcdb59443d18279d57f2f573d8a1a884,2021-10,Staffordshire Police,Staffordshire Police,-2.124170,52.979933,On or near BUCCLEUCH ROAD,E01014305,Stoke-on-Trent 029A,Suspect charged
b7652359e105ab77fcfde50dc9464b0dbcdb59443d18279d57f2f573d8a1a884,2021-10,Staffordshire Police,Staffordshire Police,-2.124170,52.979933,On or near BUCCLEUCH ROAD,E01014305,Stoke-on-Trent 029A,Suspect charged
563bdcf7f4e51b311fe02e5b8503388a1c80910791af1c26c55e6c34320ef18c,2021-10,Staffordshire Police,Staffordshire Police,-2.121885,52.819045,On or near COMMONSIDE CLOSE,E01029691,Stafford 010B,Unable to prosecute suspect
ea9bd432fed98e7ccb539f3a2bc900c990a46432a3a3dcaa1ee4c5db49c240bb,2021-10,Staffordshire Police,Staffordshire Police,-2.206472,52.989275,On or near WOODLANDS ROAD,E01014344,Stoke-on-Trent 023E,Further investigation is not in the public interest
31cfda13d7d370687cf369c0f9b3951641f979a4ce84a592c1e088a06dbae0ba,2021-10,Staffordshire Police,Staffordshire Police,-1.646639,52.811840,On or near SHOBNALL CLOSE,E01029445,East Staffordshire 009A,Investigation complete; no suspect identified
d0af7efb73162e653093760cf58c4851e17575354722449e2ec0b5132c0db293,2021-10,Staffordshire Police,Staffordshire Police,-2.173475,53.026139,On or near Shopping Area,E01014287,Stoke-on-Trent 015D,Suspect charged
7ba1437f14b93d99f129daf1683d9911d262833dc09209d1cc31bf65100fbe56,2021-10,Staffordshire Police,Staffordshire Police,-1.694212,52.636855,On or near Petrol Station,E01029851,Tamworth 002E,Offender given a caution
30e19ef58f62d1329d9b8ac1438e37ca85b2d49d3ce3ea6200a471e3bd9643e0,2021-10,Staffordshire Police,Staffordshire Police,-1.698836,52.645613,On or near COMBERFORD ROAD,E01029852,Tamworth 001D,Unable to prosecute suspect
5a187977b2a927be04f8bf4c2bb15e29316ef7ffb3e0be0ebe24a807812ea39e,2021-10,Staffordshire Police,Staffordshire Police,-2.196190,53.024809,On or near PEBBLE MILL STREET,E01014285,Stoke-on-Trent 015B,Investigation complete; no suspect identified
bed8b816c0998edf6b8e1781fb144f2a24009bde0f2bf70c5f873ae9b35fdda7,2021-10,Staffordshire Police,Staffordshire Police,-1.821687,52.685093,On or near Supermarket,E01029526,Lichfield 004E,Suspect charged
a6fe9f2fbd37ab2404df1e1b27aee1bd4c5d548671c765fe839b274c29e1f154,2021-10,Staffordshire Police,Staffordshire Police,-1.821687,52.685093,On or near Supermarket,E01029526,Lichfield 004E,Suspect charged
f1ec88e68be20f17100bcd8a6f06c9e33f7a196466593b9258e456fbe66462cd,2021-10,Staffordshire Police,Staffordshire Police,-2.022737,53.103884,On or near SHOOBRIDGE STREET,E01029804,Staffordshire Moorlands 005A,Unable to prosecute suspect
a50983b0736284cc8ae7103516891b72b8addbea6d76b947124ff97457a1e92c,2021-10,Staffordshire Police,Staffordshire Police,-1.921450,52.685560,On or near MARTON AVENUE,E01029489,Lichfield 009C,Investigation complete; no suspect identified
65ac3fd9314029615c98bae72c8a8d65e05eff31043bb89537c7dd413d278b42,2021-10,Staffordshire Police,Staffordshire Police,-1.934845,52.760712,On or near Supermarket,E01029404,Cannock Chase 002E,Unable to prosecute suspect
22ccd3d1d4f67e1779da3dfffbf006ef3dcdbae961591fe00f4559f23ed51371,2021-10,Staffordshire Police,Staffordshire Police,-1.698795,52.621485,On or near COLBOURNE ROAD,E01029837,Tamworth 005B,Unable to prosecute suspect
4dd45cba903b67873c714e7a2b5e64c7364d630fc5ced6a1c0a72d9a9488c71a,2021-10,Staffordshire Police,Staffordshire Police,-2.156591,52.970969,On or near ROTHLEY GREEN,E01014237,Stoke-on-Trent 032C,Formal action is not in the public interest
4be0ced064d2126100a0ba4d800b3532455b6d22ed8206798ad268578edf27bc,2021-10,Staffordshire Police,Staffordshire Police,-2.052795,52.841372,On or near WESTON BANK,E01029687,Stafford 008A,Investigation complete; no suspect identified
6f22da7fda0aa133a360c0cca617df65c5bf070698270713ac7d11cb2f1689fd,2021-10,Staffordshire Police,Staffordshire Police,-1.698795,52.621485,On or near COLBOURNE ROAD,E01029837,Tamworth 005B,Unable to prosecute suspect
2d7ce2f86dd37712e8bab8179da144e86918c20cd324adea1d7d0b6efd9f828c,2021-10,Staffordshire Police,Staffordshire Police,-1.637321,52.801187,On or near ORDISH STREET,E01032898,East Staffordshire 011H,Unable to prosecute suspect
7d5755108ae0532cb66ac1b33a5fd5fcdc0e5955940c8d10b9b6c1065850f19e,2021-10,Staffordshire Police,Staffordshire Police,-2.189574,53.073046,On or near HESKIN WAY,E01014260,Stoke-on-Trent 001D,Unable to prosecute suspect
b63aa7ebbd93edbd871d9acb20cfc96b3cf7ceddd26169d778a85349e461e5c9,2021-10,Staffordshire Police,Staffordshire Police,,,No location,,,Unable to prosecute suspect
323db09a313a42cae0a66e8a019e6cae0222c16eac64df90347d7f4a9b5f495d,2021-10,Staffordshire Police,Staffordshire Police,-1.912167,52.748526,On or near WHEELHOUSE ROAD,E01029481,Lichfield 001B,Unable to prosecute suspect
257fb5d1aa90b2504b44128337096a49624b205669d8136edaf0a7debf05cca5,2021-10,Staffordshire Police,Staffordshire Police,-2.149620,52.586137,On or near COMPTON ROAD,E01010505,Wolverhampton 021E,Local resolution
488137ede026b8ee2847b69b397312534e0a2125f7bf2bdadb9ff534ac01445b,2021-10,Staffordshire Police,Staffordshire Police,-1.999735,52.828214,On or near HAMMONDS CROFT,E01029712,Stafford 008D,Formal action is not in the public interest
563cfc7be8ace112a807ee2af16e528b210c59cd1eca423831a79a000b8b8084,2021-10,Staffordshire Police,Staffordshire Police,-1.999735,52.828214,On or near HAMMONDS CROFT,E01029712,Stafford 008D,Formal action is not in the public interest
8d4ac28440de261cf994314a87b3625b7f981470e01593dcd0c5d4e4ba4b49d7,2021-10,Staffordshire Police,Staffordshire Police,-1.999735,52.828214,On or near HAMMONDS CROFT,E01029712,Stafford 008D,Formal action is not in the public interest
cb6ffdf304d27e37c7797a0dc892cbdea29c5b3216e2df0c90862ae7d709c176,2021-10,Staffordshire Police,Staffordshire Police,-2.162663,53.045319,On or near EAST CRESCENT,E01014271,Stoke-on-Trent 008E,Unable to prosecute suspect
8634c3d255045cff9f4c1214e396d948fd769532d36c9759f75ea8b638285bbf,2021-10,Staffordshire Police,Staffordshire Police,-2.035724,52.699856,On or near STAFFORD ROAD,E01029356,Cannock Chase 007C,Suspect charged
b1125daff6798b238a22ade507e92c8e01507e2edd12e0575f35e3d5bbaeddeb,2021-10,Staffordshire Police,Staffordshire Police,-2.210355,53.009629,On or near RISELEY ROAD,E01014289,Stoke-on-Trent 018B,Unable to prosecute suspect
c8f2f46f40e078c2972c2cfe70a727b5bb47ed099324ce355dc82714d32e3dca,2021-10,Staffordshire Police,Staffordshire Police,,,No location,,,Local resolution
801af50b5aed316c2dca0ac94cf997f308dba1f85df24f6d7415836fa8044ada,2021-10,Staffordshire Police,Staffordshire Police,-2.007612,52.721589,On or near ROWLEY CLOSE,E01029390,Cannock Chase 004D,Unable to prosecute suspect
8c67a708559a6038cc2904a74cfdbbcf1f592e8c10d14563166dff87d1cc8102,2021-10,Staffordshire Police,Staffordshire Police,-1.960176,52.998995,On or near LOCKWOOD ROAD,E01029782,Staffordshire Moorlands 010B,Unable to prosecute suspect
966e88875de0180cd3ca253d49b80fc3df619cc0be91abf67f5e6504b77976bf,2021-10,Staffordshire Police,Staffordshire Police,-1.641695,52.799555,On or near ALMA STREET,E01029408,East Staffordshire 011B,Unable to prosecute suspect
0a0f1d9bfbc37983f499a3f8d07967e32508bb4fb91e1d1649a983060e1b22bb,2021-10,Staffordshire Police,Staffordshire Police,-2.091111,52.642077,On or near SOUTH VIEW CLOSE,E01029635,South Staffordshire 007D,Unable to prosecute suspect
108e46178ba4e8e547501b68a6916da115a4e9239eea25493bff8b3db4ef2dbf,2021-10,Staffordshire Police,Staffordshire Police,-2.078716,52.792086,On or near Supermarket,E01029684,Stafford 014A,Investigation complete; no suspect identified
fed59adc38b0a5788bfb7eab3851b33ae08c86d98c728c89acc632e90e26fb31,2021-10,Staffordshire Police,Staffordshire Police,-1.674152,52.637871,On or near Sports/Recreation Area,E01029834,Tamworth 004D,Suspect charged
830164e56d43491ba9c2ee2243f468da72ad11e9e8e4f7fe93c7c7345889cf35,2021-10,Staffordshire Police,Staffordshire Police,-2.141135,52.993866,On or near FOLEY STREET,E01014273,Stoke-on-Trent 021A,Unable to prosecute suspect
927de115d69f01bb0f1947ff9cab9e61bc2ad707ee5798894ab0024e830a177a,2021-10,Staffordshire Police,Staffordshire Police,-2.020602,53.106114,On or near Parking Area,E01029805,Staffordshire Moorlands 006C,Investigation complete; no suspect identified
3f8b13aececd6184aaf8438e5cdcf11e4c16321c69001582eb1667711ca6a991,2021-10,Staffordshire Police,Staffordshire Police,-1.627109,52.828061,On or near KINGSMEAD,E01029428,East Staffordshire 008C,Unable to prosecute suspect
a3a37f8637e70e9dd2139484b593e67364c25f33e3326457f671003b3200ea67,2021-10,Staffordshire Police,Staffordshire Police,-1.674152,52.637871,On or near Sports/Recreation Area,E01029834,Tamworth 004D,Suspect charged
345e32bc0a539572ba20ff167a44041e2c2df1d9c8b71fbcb4d4222301c8649d,2021-10,Staffordshire Police,Staffordshire Police,-1.706355,52.619661,On or near KENT AVENUE,E01029839,Tamworth 005D,Investigation complete; no suspect identified
1933a975072942fa263c7632c8563d6439ccfc621587f86ce3be40a627ab0869,2021-10,Staffordshire Police,Staffordshire Police,-1.707989,52.629401,On or near MARSTON PARK,E01029837,Tamworth 005B,Unable to prosecute suspect
a841dac3f928b2743cacb89e979ac9c0d9ffd96cafc675b718bcc4d8824122f6,2021-10,Staffordshire Police,Staffordshire Police,-2.187004,52.993245,On or near SIDEWAY ROAD,E01014343,Stoke-on-Trent 023D,Suspect charged
94a7fc75df62636f482ad2f04455842b2b31e65b20702054f40f171efcc6062a,2021-10,Staffordshire Police,Staffordshire Police,-1.696643,52.633580,On or near KING STREET,E01029835,Tamworth 002A,Unable to prosecute suspect
f95185a4e862302593a2bb47d63526f45a098b95d41994699378d507dbef1434,2021-10,Staffordshire Police,Staffordshire Police,-2.202870,53.062885,On or near VICTORIA PARK ROAD,E01014355,Stoke-on-Trent 005B,Unable to prosecute suspect
f3382096943c78d0bb0ca60811652d185548c2b0b1ed0fe7b145f2ef66adacfa,2021-10,Staffordshire Police,Staffordshire Police,-1.989354,52.981832,On or near STATION ROAD,E01029787,Staffordshire Moorlands 011D,Unable to prosecute suspect
d3d768b6c7b6ac696f13e7adfc5706bc976048d524e4d701bdd408727f094520,2021-10,Staffordshire Police,Staffordshire Police,-2.186060,52.537234,On or near Petrol Station,E01029671,South Staffordshire 012A,Investigation complete; no suspect identified
76e5239b086d22c4276b73eff6b36a70134b5cb3d5a62bf25153f0630bb75c4d,2021-10,Staffordshire Police,Staffordshire Police,-2.028595,52.683065,On or near HARRISON ROAD,E01029362,Cannock Chase 012D,Unable to prosecute suspect
057229a3dad4363b73ccef7dfb0905441c9fc603265915baf6aaf00b0328fe90,2021-10,Staffordshire Police,Staffordshire Police,-2.141117,52.823950,On or near LOYNTON CLOSE,E01029751,Stafford 006D,Investigation complete; no suspect identified
9dd1414ef079d644949d27a0c9b54a5a8acb85486af083cfec5a26bf17a5e46d,2021-10,Staffordshire Police,Staffordshire Police,-2.200228,53.004882,On or near SHARMAN CLOSE,E01014290,Stoke-on-Trent 018C,Investigation complete; no suspect identified
e717564c463c59673e71e639dcd32b1137565e6910b54614027c447d5d084a3b,2021-10,Staffordshire Police,Staffordshire Police,-1.605255,52.804276,On or near HIGH BANK ROAD,E01029470,East Staffordshire 010C,Suspect charged
80c17bdb1dad7834dedb06fa88747a1f4a0efc5b95c625cdda124ea1452a3d7b,2021-10,Staffordshire Police,Staffordshire Police,-1.827229,52.682719,On or near Theatre/Concert Hall,E01029526,Lichfield 004E,Suspect charged
e221925476e0b09bfedcd96334ec03f9b7196d242f1429096582cc2dd868fc88,2021-10,Staffordshire Police,Staffordshire Police,-1.826944,52.683752,On or near CONDUIT STREET,E01029526,Lichfield 004E,Suspect charged
56382d30416020340a8c149cf9e29f5f2bde6d61dc2f343a80e369ccacc8a209,2021-10,Staffordshire Police,Staffordshire Police,-2.136038,53.040489,On or near UPLANDS ROAD,E01014217,Stoke-on-Trent 012E,Investigation complete; no suspect identified
7dfe0efda0100794b2a88034e41e55bac923e98596c309dddd806769187a06b2,2021-10,Staffordshire Police,Staffordshire Police,-2.118173,52.807129,On or near Shopping Area,E01029701,Stafford 010E,Unable to prosecute suspect
d4e650e725626f4fc2f01d4499801e3d54ec6bab415a4d44586fc1e54f5f86c9,2021-10,Staffordshire Police,Staffordshire Police,-1.794269,52.629816,On or near DOG LANE,E01029488,Lichfield 012A,Formal action is not in the public interest
84ce5db8a6f87e1fe6f3b206b5ff511c946306cf86f90a617234a2e506330db8,2021-10,Staffordshire Police,Staffordshire Police,-1.794269,52.629816,On or near DOG LANE,E01029488,Lichfield 012A,Formal action is not in the public interest
6702b481def7aa6a6135554fb0b8a25cbdaecea83edbf08fd429ebd554edafb1,2021-10,Staffordshire Police,Staffordshire Police,-2.193555,52.621987,On or near SUCKLING GREEN LANE,E01029629,South Staffordshire 009C,Investigation complete; no suspect identified
684c9cb620e144641f44faa8eea88cdde1a04531231fc40ef5adcc934738926e,2021-10,Staffordshire Police,Staffordshire Police,-2.223817,53.096772,On or near BANK STREET,E01029562,Newcastle-under-Lyme 001A,Unable to prosecute suspect
4d57e3886d6a2c5d3e971a90cb6fef5ad0d9aedda4eb0dc39f461b7b818888ce,2021-10,Staffordshire Police,Staffordshire Police,-2.029096,52.702501,On or near BROOMHILL CLOSE,E01029355,Cannock Chase 007B,Unable to prosecute suspect
1c1ea79592155a7ce92b6e77e5984f57bbb49b589439fb35cccc49b9531cd799,2021-10,Staffordshire Police,Staffordshire Police,-2.239484,53.021700,On or near Supermarket,E01029554,Newcastle-under-Lyme 010B,Formal action is not in the public interest
05b260bdff3c1633e870d965429835a2b356a27b4d364bb8a8ba56b9d06d267e,2021-10,Staffordshire Police,Staffordshire Police,-2.027118,52.685960,On or near HALLCOURT CLOSE,E01029360,Cannock Chase 012B,Unable to prosecute suspect
530965cd29d0164735ea62d004480d8122355b21c51d391772dcae67cd72a95b,2021-10,Staffordshire Police,Staffordshire Police,-2.185465,53.033806,On or near DOUGLAS STREET,E01014254,Stoke-on-Trent 011C,Investigation complete; no suspect identified
0e4979472b1077eeb55266a06669d4f7818cdfdd469df2b9e8f7a60b427aa7f9,2021-10,Staffordshire Police,Staffordshire Police,-2.006608,53.114358,On or near PRINCE CHARLES AVENUE,E01029809,Staffordshire Moorlands 001D,Unable to prosecute suspect
597728b18aec99acfb6afa9bc8965623e5e86d5031e459be283ad61d545a7f9d,2021-10,Staffordshire Police,Staffordshire Police,-1.826627,52.692867,On or near MILLER CLOSE,E01029501,Lichfield 004C,Action to be taken by another organisation
ff071e9e97fa12c68cdb8d826b551c1277e234c74504bfb20403d4fbf5b183df,2021-10,Staffordshire Police,Staffordshire Police,-1.794269,52.629816,On or near DOG LANE,E01029488,Lichfield 012A,Formal action is not in the public interest
9066404bda6c51f84a88406ee0a599d0c075e73bc454f5ab975ca98b60b49ffb,2021-10,Staffordshire Police,Staffordshire Police,-1.698922,52.624461,On or near A5,E01029837,Tamworth 005B,Unable to prosecute suspect
06fae7f0c764fe231e3af87e09826a092cd03e1698e805f179d6ab832f614280,2021-10,Staffordshire Police,Staffordshire Police,-2.267733,53.081669,On or near LINLEY ROAD,E01029595,Newcastle-under-Lyme 003E,Unable to prosecute suspect
2420d1b812a9db294dd730c26ebe1b98c0add4ab3a950f5598d8587c95ab9f13,2021-10,Staffordshire Police,Staffordshire Police,-2.178443,53.027102,On or near NEW HALL STREET,E01014287,Stoke-on-Trent 015D,Investigation complete; no suspect identified
2ca718de6d8e20b475d92b0a9cf080e9afacf2bbc34fb35d75eecb772e799d18,2021-10,Staffordshire Police,Staffordshire Police,-2.164271,53.044544,On or near WEST CRESCENT,E01014271,Stoke-on-Trent 008E,Investigation complete; no suspect identified
5cb453ca9320a36494e1b5e9fb8f4792ce8f6c24933a0ad431daab7bccce15cd,2021-10,Staffordshire Police,Staffordshire Police,-1.646035,52.615469,On or near MALHAM ROAD,E01029859,Tamworth 007E,Investigation complete; no suspect identified
20673e99f6f4bccb7cf081ddb633fa51825039887b1c98a61dc5cfdd1f385f21,2021-10,Staffordshire Police,Staffordshire Police,-1.795016,52.763996,On or near LIGHTWOOD ROAD,E01029474,East Staffordshire 006F,Investigation complete; no suspect identified
d06c78022702e0f288f4e89f600cf355e8b7ff9b18b9d5233a0e4a596cee73e4,2021-10,Staffordshire Police,Staffordshire Police,,,No location,,,Investigation complete; no suspect identified
07ca53ea7ed4a5dee99c3c1098ec668c32432c791fe565ddb0048ef8cce79715,2021-10,Staffordshire Police,Staffordshire Police,-2.115907,52.802843,On or near FRIARS' WALK,E01029701,Stafford 010E,Investigation complete; no suspect identified
af68e3d017c3856f0312f0b9d6aa47e8f98d5b56a64cc555c82381f738755b54,2021-10,Staffordshire Police,Staffordshire Police,-2.061010,52.623011,On or near Sports/Recreation Area,E01029634,South Staffordshire 007C,Local resolution
16ccb51c142fdd221c0a40a9c60df9e1d0f45dad94f1d839dda82aa0d67a5770,2021-10,Staffordshire Police,Staffordshire Police,-2.227121,52.694097,On or near Parking Area,E01029668,South Staffordshire 003C,Investigation complete; no suspect identified
2117b2e078f1d1bda518d90e65da22d3784739da5ec399438257f46adf3ca910,2021-10,Staffordshire Police,Staffordshire Police,-1.936639,52.759814,On or near BEE'S LANE,E01029404,Cannock Chase 002E,Investigation complete; no suspect identified
307ba3f9b1e763824ae26a634b04a579d95400086cf8fa30a197db4307a684d3,2021-10,Staffordshire Police,Staffordshire Police,-2.202887,52.592431,On or near Pedestrian Subway,E01029664,South Staffordshire 011B,Local resolution
6832d42dddd03635c12b9ed21c46e1aa8a824ced86ccc4a7e559534ac8b7c7ab,2021-10,Staffordshire Police,Staffordshire Police,-2.245413,53.007890,On or near KEELE ROAD,E01029599,Newcastle-under-Lyme 010F,Unable to prosecute suspect
75964d41164c70ff8a1e25b0eb6ddffc69cb5ec20e5e4e9c9b9149f315750e41,2021-10,Staffordshire Police,Staffordshire Police,-1.626882,52.819897,On or near LIGHT OAKS CLOSE,E01029428,East Staffordshire 008C,Suspect charged
0f8c563dc2bd3ca1f25a0b3334754e2e76c14fd8f4ed52d5f8bb79f8f222ed35,2021-10,Staffordshire Police,Staffordshire Police,-1.934582,52.688337,On or near LODGE RISE,E01029495,Lichfield 006D,Unable to prosecute suspect
8c0a609a070cfad077c460a6cd26b024ecd84e014e654aa3aef12d20ce4c1ecb,2021-10,Staffordshire Police,Staffordshire Police,-2.173589,53.025051,On or near PARLIAMENT ROW,E01014287,Stoke-on-Trent 015D,Investigation complete; no suspect identified
6abbe198bb44881a2bce053996c69b24e56b026fd7b1ecd10375e487e9812a23,2021-10,Staffordshire Police,Staffordshire Police,-2.251435,53.082253,On or near TELFORD CLOSE,E01029543,Newcastle-under-Lyme 003D,Suspect charged
2e2a673edfe0b7d162a2ecab5e7f14c172f11d2daeb8b7c639ce6f16af0b938d,2021-10,Staffordshire Police,Staffordshire Police,-2.206325,53.008459,On or near ROSEMARY EDMAN CLOSE,E01014290,Stoke-on-Trent 018C,Suspect charged
cd5ac40c29a57380feb1a5030d884facb240fc7868e3c5108fcfd8844ec10f3b,2021-10,Staffordshire Police,Staffordshire Police,-2.175787,52.839410,On or near BRIDGEFORD GROVE,E01029743,Stafford 006C,Unable to prosecute suspect
9bae75a40aeb493a26157d6ad3ef96319f3504b433b5098c342feb33e0e6895e,2021-10,Staffordshire Police,Staffordshire Police,-2.022723,53.106041,On or near DEANSGATE,E01029804,Staffordshire Moorlands 005A,Offender given a caution
716adefd2734a1cd3d5dc148dc2d85a10a1006add087e50ee961e7626a19ccbf,2021-10,Staffordshire Police,Staffordshire Police,-1.935080,52.671679,On or near Parking Area,E01029497,Lichfield 006E,Unable to prosecute suspect
474de88cc7e6def2cc12fbb570706754b6dd70700ebc49e1938df7a801a20230,2021-10,Staffordshire Police,Staffordshire Police,-2.254626,53.046326,On or near BIRCH HOUSE ROAD,E01029547,Newcastle-under-Lyme 007A,Unable to prosecute suspect
87cffea9d15954c949f3a5363bb3b6a4a4794c7aaa26e18ee06c3c13165d214d,2021-10,Staffordshire Police,Staffordshire Police,-2.220339,53.070719,On or near SNEYD PLACE,E01014358,Stoke-on-Trent 002B,Unable to prosecute suspect
7b64756a1edb3d58c07d5807c803c3c471f4bc48cce64f5d22c41c2b1a310c00,2021-10,Staffordshire Police,Staffordshire Police,-2.186784,53.052609,On or near WILSON STREET,E01014245,Stoke-on-Trent 006E,Unable to prosecute suspect
d1059019380129143e9919f0d0a53af964e9b8e4ce42497daea62107dc13fcbf,2021-10,Staffordshire Police,Staffordshire Police,-2.186784,53.052609,On or near WILSON STREET,E01014245,Stoke-on-Trent 006E,Unable to prosecute suspect
8a8044219abf22d7a33f5e72759f94fd5b984bc492409cb3a54470576f46527d,2021-10,Staffordshire Police,Staffordshire Police,-2.265517,53.012620,On or near HAYDOCK COURT,E01029594,Newcastle-under-Lyme 012C,Unable to prosecute suspect
63721a95ee6d7c0454545ea42c86804b71b1750a48b5edd5e7749f8b9a94464d,2021-10,Staffordshire Police,Staffordshire Police,-2.137913,53.057908,On or near FELSTED STREET,E01014272,Stoke-on-Trent 007F,Investigation complete; no suspect identified
1484ba7201315a83927a69d20f3842eed126d641fcd624fe3c011d2eb2bea7fc,2021-10,Staffordshire Police,Staffordshire Police,-2.395555,52.915749,On or near WOODPECKER VIEW,E01029572,Newcastle-under-Lyme 016D,Unable to prosecute suspect
f8163d71e6b535ebe0a4b6829ad9e076200d17f554372d8e34536ec6fed08d51,2021-10,Staffordshire Police,Staffordshire Police,-2.000149,52.669674,On or near Park/Open Space,E01029395,Cannock Chase 013B,Investigation complete; no suspect identified
34f1e39a5cce9a6bb8153751e0f2f66b69f5ee09f89133375962015d2be0deb5,2021-10,Staffordshire Police,Staffordshire Police,-1.677851,52.788125,On or near TATENHILL LANE,E01029416,East Staffordshire 013D,Investigation complete; no suspect identified
4d0c5391db0288a2a90d4a650dc4345ab5af81ee9fc5ed10a4a789ac5c1c36e9,2021-10,Staffordshire Police,Staffordshire Police,-2.301420,53.037929,On or near HARRISON CLOSE,E01029556,Newcastle-under-Lyme 005E,Unable to prosecute suspect
827b65987534d3c2ac98da69ca5864b0a7fdfedb451d21e602ca3b5981710f3a,2021-10,Staffordshire Police,Staffordshire Police,-1.936639,52.759814,On or near BEE'S LANE,E01029404,Cannock Chase 002E,Unable to prosecute suspect
b46bdcd457e2512d2b390f3ee45120e3189ded72eca0a3b116be9e1ae8fb75db,2021-10,Staffordshire Police,Staffordshire Police,-2.028221,52.699355,On or near MULBERRY ROAD,E01029355,Cannock Chase 007B,Unable to prosecute suspect
1295164ef9f7bae7add8c52607d44c4beeab16c8d2246091db1ae0f12025490e,2021-10,Staffordshire Police,Staffordshire Police,-1.845917,52.693784,On or near Pedestrian Subway,E01029492,Lichfield 004A,Formal action is not in the public interest
dcd3e587a839e4022cf16d0be69d368d22f0fec312d7dcd1ebbcaf1eb41f6dbc,2021-10,Staffordshire Police,Staffordshire Police,-1.845917,52.693784,On or near Pedestrian Subway,E01029492,Lichfield 004A,Formal action is not in the public interest
1321fb644837c84df94202b1a9963fbd8e18a478b223b26b2a0e9a16effca2a6,2021-10,Staffordshire Police,Staffordshire Police,-1.845917,52.693784,On or near Pedestrian Subway,E01029492,Lichfield 004A,Formal action is not in the public interest
704683a0d68e7cf748a17672e2d849155ea02239fa504995e95b9967d19481eb,2021-10,Staffordshire Police,Staffordshire Police,-1.845917,52.693784,On or near Pedestrian Subway,E01029492,Lichfield 004A,Formal action is not in the public interest
a47b93a92b445ceee80d2dcde050c964131a7269245a79c967851ab367e7c004,2021-10,Staffordshire Police,Staffordshire Police,-1.845917,52.693784,On or near Pedestrian Subway,E01029492,Lichfield 004A,Formal action is not in the public interest
87c211bf677b15083014ec7c685c9aa4eaf37ad96997154ad8e7221fb8119cca,2021-10,Staffordshire Police,Staffordshire Police,-2.034393,52.682488,On or near MOSSWOOD STREET,E01029361,Cannock Chase 012C,Suspect charged
61285bc9a19ab9f671aea0b6f37f2216471c2f3cd2f23e99b76c4b9d9d350bc5,2021-10,Staffordshire Police,Staffordshire Police,-2.172659,52.986264,On or near DENNIS VIOLLET AVENUE,E01014234,Stoke-on-Trent 026B,Unable to prosecute suspect
dc77bd306ad4dd6c3358e2fa55bbe1464dd2ed6aa0cb57f8c6c6b084cc49dff6,2021-10,Staffordshire Police,Staffordshire Police,-2.017941,52.675237,On or near GEMINI DRIVE,E01029395,Cannock Chase 013B,Unable to prosecute suspect
174b6f258f810db13a31075ea43625aeaefea5ebd212b9f214f53411431dd175,2021-10,Staffordshire Police,Staffordshire Police,-2.214379,53.060860,On or near JEFFERSON STREET,E01014354,Stoke-on-Trent 005A,Unable to prosecute suspect
319cff69b22c6288e4f71ce1c6b0830d6e979532eb76be205546384af6a50425,2021-10,Staffordshire Police,Staffordshire Police,-2.164450,53.068023,On or near MOSS STREET,E01014337,Stoke-on-Trent 004E,Investigation complete; no suspect identified
e002ccf3a380a3a77602a8b48d478a32bffaa04b3ae3f1f2a790b47af1b7c56d,2021-10,Staffordshire Police,Staffordshire Police,-2.018033,53.105943,On or near FOUNTAIN STREET,E01029804,Staffordshire Moorlands 005A,Unable to prosecute suspect
88003affaac264dc1355e2ddc3d14de3af15d897a966a309added50afc2ff86f,2021-10,Staffordshire Police,Staffordshire Police,-2.243746,53.021458,On or near MILE COURT,E01029554,Newcastle-under-Lyme 010B,Investigation complete; no suspect identified
730b6ed2bb28c2d167695202c5a7edf6b5471ffb6f13d9b9f2e32bf307362be0,2021-10,Staffordshire Police,Staffordshire Police,-1.999735,52.828214,On or near HAMMONDS CROFT,E01029712,Stafford 008D,Formal action is not in the public interest
48563939bc75fcdc452410d60482c46d04f74ab4876f08c1de3974f3ba6762ce,2021-10,Staffordshire Police,Staffordshire Police,-1.648736,52.617526,On or near ESHTON WAY,E01029859,Tamworth 007E,Unable to prosecute suspect
9a4b7cc9d3c55eb4a7e4b9808c0029b9cd38c933745c1e9f366a50770b7578f4,2021-10,Staffordshire Police,Staffordshire Police,-2.207139,53.044539,On or near SANT STREET,E01014250,Stoke-on-Trent 009B,Unable to prosecute suspect
aa568123c75608cd58225d45e9bb91d472046f546ae5419de1ca95785d83f66d,2021-10,Staffordshire Police,Staffordshire Police,-2.034393,52.682488,On or near MOSSWOOD STREET,E01029361,Cannock Chase 012C,Unable to prosecute suspect
1b82a9df22e61a9fe5c12f25f76b86e16c7f2ed0c020faed5afdfa5724e0d7d2,2021-10,Staffordshire Police,Staffordshire Police,-2.207409,53.041878,On or near MADDOCK STREET,E01014250,Stoke-on-Trent 009B,Investigation complete; no suspect identified
8501313252cce7e0d5aa0553e3e00024b576f9e7867a194c2bb9f98ffcc2e8c9,2021-10,Staffordshire Police,Staffordshire Police,-2.026757,53.106598,On or near CHURCH STREET,E01029812,Staffordshire Moorlands 005D,Investigation complete; no suspect identified
0bfe03edcc848a38dd69a7dae089bdc8298ba0a7c6af84211c68d3e58726b33a,2021-10,Staffordshire Police,Staffordshire Police,-2.115807,52.804524,On or near BRIDGE STREET,E01029701,Stafford 010E,Investigation complete; no suspect identified
892d40d10bcb9bcdc477f2cc4a22a6a4a9ab3b304b631441d8f44083bf648f72,2021-10,Staffordshire Police,Staffordshire Police,-2.188379,53.007823,On or near KNOWLE STREET,E01014291,Stoke-on-Trent 018D,Investigation complete; no suspect identified
be46b8530bc563fcaf6a726ec770c34fbb9f3c88d01a2bf2eed28b710faa193a,2021-10,Staffordshire Police,Staffordshire Police,-1.827229,52.682719,On or near Theatre/Concert Hall,E01029526,Lichfield 004E,Suspect charged
43167bb4d76b8ee68e6cf752f9c31e5514f8f511a8a9ae611003db278c3c0e3a,2021-10,Staffordshire Police,Staffordshire Police,-2.029812,52.688171,On or near Supermarket,E01029360,Cannock Chase 012B,Offender given a caution
5d2689737f1b9ff0428e1b989d3f33d46532605cc1eaccdf305b9c5434b03bef,2021-10,Staffordshire Police,Staffordshire Police,-2.228324,53.034190,On or near GARNETT ROAD WEST,E01029585,Newcastle-under-Lyme 008C,Unable to prosecute suspect
2c4f5d030dca6a164a3efbbcf87dcbe5066d0a1feaea63ab8166e7b791bb9f83,2021-10,Staffordshire Police,Staffordshire Police,-2.177018,53.075825,On or near Park/Open Space,E01014337,Stoke-on-Trent 004E,Suspect charged
2c4f5d030dca6a164a3efbbcf87dcbe5066d0a1feaea63ab8166e7b791bb9f83,2021-10,Staffordshire Police,Staffordshire Police,-2.177018,53.075825,On or near Park/Open Space,E01014337,Stoke-on-Trent 004E,Suspect charged
7df840816038bd19e63fdb0f84a4954b2a9a98b9badc34a0de40f6f91b86b387,2021-10,Staffordshire Police,Staffordshire Police,-2.198065,53.049868,On or near WAIN STREET,E01014247,Stoke-on-Trent 009A,Investigation complete; no suspect identified
6d82d6874970dc4b7c2dcb3f04bdafbcc1d79f93e6477a211c50274542aeee3d,2021-10,Staffordshire Police,Staffordshire Police,-2.207409,53.041878,On or near MADDOCK STREET,E01014250,Stoke-on-Trent 009B,Unable to prosecute suspect
0f7f89bbbafdbdfb7641f0dce95fe2cd8104e77b4d08355efc16667d623f8d71,2021-10,Staffordshire Police,Staffordshire Police,-2.181184,53.022927,On or near MORLEY STREET,E01014287,Stoke-on-Trent 015D,Suspect charged
bf24cad0b0b77064c303e54b35ca90275c9a613f8d13ade30f933f980ff1671c,2021-10,Staffordshire Police,Staffordshire Police,-2.162979,53.057894,On or near BORROWDALE ROAD,E01014332,Stoke-on-Trent 004B,Unable to prosecute suspect
c78fce6b03fb584ac2fc25f2fc28114d7f908da5fa560542dded729beaa3ff46,2021-10,Staffordshire Police,Staffordshire Police,-2.134505,52.662765,On or near LIGHT ASH CLOSE,E01029619,South Staffordshire 006B,Investigation complete; no suspect identified
0994aa27e5e6e6dbd80d5fe72b39643cb656b755e4f60ffc33232342c4326db6,2021-10,Staffordshire Police,Staffordshire Police,-2.134613,53.028400,On or near Hospital,E01014212,Stoke-on-Trent 012C,Investigation complete; no suspect identified
82b8c66ec171bfd105b919c272e7006aa8f0573a37427342784c6b5d6c905aac,2021-10,Staffordshire Police,Staffordshire Police,-2.155154,52.997929,On or near RUBIAN STREET,E01014274,Stoke-on-Trent 020A,Investigation complete; no suspect identified
a8b9fdb450c0af8d6d5beab0bface116943c53eb429d175e96c558f065f227e4,2021-10,Staffordshire Police,Staffordshire Police,-1.650373,52.617882,On or near Parking Area,E01029859,Tamworth 007E,Suspect charged
785a1db92518b1ee3e12fcb3c6f8b5268e95f0f4ef01aad1d3d46d6e85dab4c2,2021-10,Staffordshire Police,Staffordshire Police,-2.191045,53.061475,On or near ROTHER WALK,E01014242,Stoke-on-Trent 006B,Action to be taken by another organisation
f6f50514fa67aa224d3848648f42cffafcaf4aa6760ae8137b73f42d40096103,2021-10,Staffordshire Police,Staffordshire Police,-1.828546,52.674989,On or near DOVEHOUSE FIELDS,E01029519,Lichfield 007E,Investigation complete; no suspect identified
df89ef828217f9f08f47ffcf41e5a76716b555dc8a1c546c1dc5f048be3c1ba9,2021-10,Staffordshire Police,Staffordshire Police,-2.168274,53.061267,On or near BARKS DRIVE,E01014331,Stoke-on-Trent 004A,Investigation complete; no suspect identified
642321f5bce9beb215f22bc8b49415f5888485c56995df13bd97602cc5660ccb,2021-10,Staffordshire Police,Staffordshire Police,-2.186748,53.006316,On or near VALE STREET,E01014293,Stoke-on-Trent 019A,Unable to prosecute suspect
baa9d5801e7a42a34f491f8b9b5d619876804845ea4ae02bde454271d1a76b5e,2021-10,Staffordshire Police,Staffordshire Police,-2.119571,52.819407,On or near BELLASIS STREET,E01029689,Stafford 010A,Investigation complete; no suspect identified
eaffcf48889abd9e4d81c0daad0ecad8d0f17994f6ed19199b9bbc54f2d08b53,2021-10,Staffordshire Police,Staffordshire Police,-2.207199,53.041492,On or near MORTON STREET,E01014251,Stoke-on-Trent 009C,Investigation complete; no suspect identified
149347e0e4c58545648b76fbcec3899305b7fe311ecc0fef66430877de6dd480,2021-10,Staffordshire Police,Staffordshire Police,-2.202539,52.798232,On or near HOLLY LANE,E01029742,Stafford 012E,Further action is not in the public interest
701f73ac8bcd0c10f9685efaa1000270aeb8bd07385dfc8c5f76e79a3d613ea0,2021-10,Staffordshire Police,Staffordshire Police,-2.246511,52.860499,On or near THE BURGAGE,E01029695,Stafford 005A,Investigation complete; no suspect identified
f6e5afaf2e6d59484fc48fbd707b645ae14ec7987bfd34c27b50c352407f6135,2021-10,Staffordshire Police,Staffordshire Police,-2.210381,53.054835,On or near Further/Higher Educational Building,E01014356,Stoke-on-Trent 005C,Unable to prosecute suspect
f1a91f52516814b19bcc5e4c809454b8968262d1d5babc42d8dd1633ecae2798,2021-10,Staffordshire Police,Staffordshire Police,-1.695942,52.634585,On or near CORPORATION STREET,E01029835,Tamworth 002A,Investigation complete; no suspect identified
1fda990daf7cd8e799f45c3ea061fa6a20a692c1931cd6c4ce37958b0e9b3d93,2021-10,Staffordshire Police,Staffordshire Police,-2.207324,52.971304,On or near FAIRWAY,E01029748,Stafford 002D,Unable to prosecute suspect
ed9d8f9f3d558f3bcb0ec370148f80d7ca838a26a3c4e5706824b955748c1d83,2021-10,Staffordshire Police,Staffordshire Police,-2.211793,53.044540,On or near TRUBSHAWE STREET,E01014252,Stoke-on-Trent 009D,Unable to prosecute suspect
14dc824b31074cad271d5123672b53b18efca324f6dc7bb9f8cb67e06dcf48ab,2021-10,Staffordshire Police,Staffordshire Police,-2.023903,52.651603,On or near WESTON DRIVE,E01029639,South Staffordshire 005B,Unable to prosecute suspect
f827fa760653816136f52b8dfce3d800abe08d9c65b562dbdea2c7d80e4be77d,2021-10,Staffordshire Police,Staffordshire Police,-2.180343,53.032025,On or near WHITEHAVEN DRIVE,E01014256,Stoke-on-Trent 011D,Further action is not in the public interest
83651553c913885128c552a9c9c48fd824905280ccb92edd53d36ce90a643cb9,2021-10,Staffordshire Police,Staffordshire Police,-1.703975,52.626523,On or near VENTURA PARK ROAD,E01029837,Tamworth 005B,Unable to prosecute suspect
72b37709b50a4c992ba90e780b462f88cd9d4c2424e574413a7e2a97c4f0fe64,2021-10,Staffordshire Police,Staffordshire Police,-2.215568,53.012002,On or near BOUNDARY STRET,E01029603,Newcastle-under-Lyme 011D,Unable to prosecute suspect
aa9921b18e5eb69aae7375d17acc4f3cea66a2fc4cbb7814863c7e98af235132,2021-10,Staffordshire Police,Staffordshire Police,-2.178625,53.049341,On or near NORTH WEST TERRACE,E01014246,Stoke-on-Trent 008A,Investigation complete; no suspect identified
5776c24735e7358477c20415245687c2190e3ee38e732d3540316c45a0c7bfe3,2021-10,Staffordshire Police,Staffordshire Police,-2.186890,53.032240,On or near EDGEWARE ROAD,E01014256,Stoke-on-Trent 011D,Unable to prosecute suspect
f399c751d5c51746a4ddc08b3879da712d3d38bd0e08bcd148aa8568c564d329,2021-10,Staffordshire Police,Staffordshire Police,-2.165866,53.024792,On or near LUDLOW STREET,E01033216,Stoke-on-Trent 016G,Unable to prosecute suspect
75c6ef87bca0a8687e8d8a0c85e92953cd85d771b1508f778883183e7b822ce0,2021-10,Staffordshire Police,Staffordshire Police,-2.161171,52.993346,On or near HERON STREET,E01014279,Stoke-on-Trent 020E,Unable to prosecute suspect
5e3f2fd3e958e42e982692b508dbf0aec0ce9217d4f7f882bc23bd493c6fe314,2021-10,Staffordshire Police,Staffordshire Police,-2.014444,52.699546,On or near ARRAN CLOSE,E01029351,Cannock Chase 008C,Investigation complete; no suspect identified
66fa6f75617ce267662382433db59c194cce9ce19f24bc7af1ccc06d97e9f425,2021-10,Staffordshire Police,Staffordshire Police,-2.169830,53.032059,On or near TOWN ROAD,E01014330,Stoke-on-Trent 013E,Unable to prosecute suspect
55341a165bbe7dae1f42e9f8581dcd0a7a9ca6027bd2789f64652eb58143daf7,2021-10,Staffordshire Police,Staffordshire Police,-2.122783,52.994803,On or near ST MARY'S ROAD,E01014300,Stoke-on-Trent 022C,Unable to prosecute suspect
f23a6214e80ac4c0599e771675a3ca6dde6b76e123425d5b307c329877ee4187,2021-10,Staffordshire Police,Staffordshire Police,-2.126844,52.820100,On or near JOHN DONNE STREET,E01029720,Stafford 007B,Investigation complete; no suspect identified
7f434d09a778f11ae2319832206f9670e3ccfffe8eff99a31db442a030172e8b,2021-10,Staffordshire Police,Staffordshire Police,-2.190401,53.074384,On or near COPPULL PLACE,E01014260,Stoke-on-Trent 001D,Action to be taken by another organisation
fdafbc99ad7f2d79605d08376d3077d795ff50022059f2393c248e43b903c770,2021-10,Staffordshire Police,Staffordshire Police,-2.211392,53.014607,On or near CLARE STREET,E01014288,Stoke-on-Trent 018A,Unable to prosecute suspect
a0e69e40c981fb0e3e90fc761985945222491ee5fc4024b857ec3b390d4b2347,2021-10,Staffordshire Police,Staffordshire Police,-2.001615,52.710946,On or near Parking Area,E01029389,Cannock Chase 005D,Action to be taken by another organisation
ccd00d0abb4dd1efcedf6a87a84e08a990fd64166c7cb1df73a6b0280350985a,2021-10,Staffordshire Police,Staffordshire Police,-2.193715,53.057902,On or near FAIRCLOUGH PLACE,E01014244,Stoke-on-Trent 006D,Unable to prosecute suspect
dfc423fa32c5f3164576851f101e127382f42f9cf5cfcffa305723a9183feefe,2021-10,Staffordshire Police,Staffordshire Police,-2.371254,53.018090,On or near CHECKLEY LANE,E01029557,Newcastle-under-Lyme 013A,Action to be taken by another organisation
f8c2bc85d22f21408bd45b21e8fc1dc62b3594c665156d94dc92539661d86ea5,2021-10,Staffordshire Police,Staffordshire Police,-2.113072,52.716519,On or near BOSCOMOOR COURT,E01029658,South Staffordshire 001D,Formal action is not in the public interest
ccb5e766c0ce214c0607a59770b4d4fda5a835f2d98c7cbfe6bf9c80e3a85ff5,2021-10,Staffordshire Police,Staffordshire Police,-2.179245,53.022588,On or near CROWN STREET,E01014287,Stoke-on-Trent 015D,Unable to prosecute suspect
ca5afeff443168e790fab9a72f372b1268c8ed9b63ceab334391ee1f09a4c004,2021-10,Staffordshire Police,Staffordshire Police,-2.176159,53.026395,On or near Shopping Area,E01014287,Stoke-on-Trent 015D,Unable to prosecute suspect
b5805e79538cc3f30f36e62ae16a9c61d4c37a1fa97aa2de9b4ffb2fb44512ef,2021-10,Staffordshire Police,Staffordshire Police,-2.253237,53.048495,On or near APPLECROFT,E01029545,Newcastle-under-Lyme 004C,Unable to prosecute suspect
5d69bad7c10a9ef72bf3bbbb266bbf8d14322b0cf986b3d31534c29121965d69,2021-10,Staffordshire Police,Staffordshire Police,-1.985463,52.992358,On or near VICTORY CRESCENT,E01029782,Staffordshire Moorlands 010B,Unable to prosecute suspect
e7a6f0e43338c336f70dcc6a2054a5fe8565708a48025a0cc3367cc613f6ba93,2021-10,Staffordshire Police,Staffordshire Police,-2.130663,52.831585,On or near ALDERSHAW CLOSE,E01029718,Stafford 006B,Investigation complete; no suspect identified
6b5d8e3f3e87d794c1e4d2e025ab4c3b47488175bdcc7357c66ea3eb662856da,2021-10,Staffordshire Police,Staffordshire Police,-1.831978,52.693980,On or near DIMBLES LANE,E01029492,Lichfield 004A,Suspect charged
063f16e030212cbe877494a85e4148362dbfbbeb65f19899a2f07b86859472c3,2021-10,Staffordshire Police,Staffordshire Police,-2.188909,53.077901,On or near OVERSLEY ROAD,E01014260,Stoke-on-Trent 001D,Further action is not in the public interest
7d7b6a3ae52890b672fd09c54560ab14b8ec54998e1f1acfba962c4a6ba15dc3,2021-10,Staffordshire Police,Staffordshire Police,-2.207741,52.996195,On or near GODWIN WAY,E01014341,Stoke-on-Trent 023B,Investigation complete; no suspect identified
b69fed6979329e5f660e6901345a53a51067d3126c3220f3c24b1505fc908911,2021-10,Staffordshire Police,Staffordshire Police,-2.095392,53.025247,On or near COTEHILL ROAD,E01029780,Staffordshire Moorlands 009B,Investigation complete; no suspect identified
c42eee4f96789bdb2e9c6befcd01c97b4d86b42fec80f7ef481502a68c066d0e,2021-10,Staffordshire Police,Staffordshire Police,-2.185927,53.071830,On or near JOHNSON PLACE,E01014261,Stoke-on-Trent 003A,Investigation complete; no suspect identified
70d5db54e7e7793067069ff61b26760c39f2115bfca05ea958bff80ff0000b03,2021-10,Staffordshire Police,Staffordshire Police,-1.880961,52.919729,On or near THE ORCHARD,E01029405,East Staffordshire 001A,Local resolution
74d0e0d5e1e318fd8013b901d0980033033e82518e69bd70dd3892f56815bb71,2021-10,Staffordshire Police,Staffordshire Police,-2.203269,52.894165,On or near SUMMERFIELDS,E01029747,Stafford 005E,Further investigation is not in the public interest
2eeae35b0d563ad4ef93b587fd6d2e0b42d3228a811f15aae5df9e93f573526b,2021-10,Staffordshire Police,Staffordshire Police,-2.227416,52.989111,On or near RIVERSMEAD,E01029591,Newcastle-under-Lyme 014C,Unable to prosecute suspect
2800744b1960cf44dd3a0430d42307173d4b80564553603b9e17f6f1b8839c5b,2021-10,Staffordshire Police,Staffordshire Police,-1.880961,52.919729,On or near THE ORCHARD,E01029405,East Staffordshire 001A,Local resolution
2800744b1960cf44dd3a0430d42307173d4b80564553603b9e17f6f1b8839c5b,2021-10,Staffordshire Police,Staffordshire Police,-1.880961,52.919729,On or near THE ORCHARD,E01029405,East Staffordshire 001A,Local resolution
338166bbf6a06b7de177dccc69aee857560de55fcf9c6cdd690af145f0babb7d,2021-10,Staffordshire Police,Staffordshire Police,-1.996923,52.717958,On or near EDISON CLOSE,E01029388,Cannock Chase 004C,Investigation complete; no suspect identified
a54d441520812718db22f741f5b811b567547a51d6d68bff37bd0a1ffcf38c7e,2021-10,Staffordshire Police,Staffordshire Police,-2.132737,52.980913,On or near OLOF PALME GROVE,E01014306,Stoke-on-Trent 029B,Unable to prosecute suspect
7b77ef5cbacb27ec30e6ba5e8e42fe047b05b217f171c914c6096f4b6f4fd1e5,2021-10,Staffordshire Police,Staffordshire Police,-2.196041,53.021348,On or near SALEM STREET,E01014285,Stoke-on-Trent 015B,Unable to prosecute suspect
77c38449e7da83dd74f75b73a367a6d2b9a77cf82f34d413553543a2314ef789,2021-10,Staffordshire Police,Staffordshire Police,-1.922993,52.741980,On or near COALPIT LANE,E01029348,Cannock Chase 003D,Unable to prosecute suspect
1037056054506754039bf7b942cd1f25bd319ede10e765a6cfa6d9983c1d20f9,2021-10,Staffordshire Police,Staffordshire Police,,,No location,,,Unable to prosecute suspect
f2bc26067165de7779a3d3f3f592c33ed4fd9115e4c69b099549e6165f73ca00,2021-10,Staffordshire Police,Staffordshire Police,-2.316211,53.015130,On or near Sports/Recreation Area,E01029576,Newcastle-under-Lyme 012A,Unable to prosecute suspect
b61849111de90c2450d922cf09d657a5d76a211b7d2e7c2022774b1a12f9e6bc,2021-10,Staffordshire Police,Staffordshire Police,-2.022049,52.696830,On or near GRESHAM ROAD,E01029367,Cannock Chase 011E,Unable to prosecute suspect
77ebd6e961b5547cb664120423e9aad4bcd6e375007e61589bd56d8abac1a1d8,2021-10,Staffordshire Police,Staffordshire Police,-2.013732,53.109468,On or near BEATTY ROAD,E01029810,Staffordshire Moorlands 001E,Formal action is not in the public interest
9186a8cf040ab422a1b824b4acebe4db8319d3f6a1e8fb73beafaeaf7dbe441d,2021-10,Staffordshire Police,Staffordshire Police,-2.008191,53.115221,On or near QUEENS DRIVE,E01029809,Staffordshire Moorlands 001D,Suspect charged
9186a8cf040ab422a1b824b4acebe4db8319d3f6a1e8fb73beafaeaf7dbe441d,2021-10,Staffordshire Police,Staffordshire Police,-2.008191,53.115221,On or near QUEENS DRIVE,E01029809,Staffordshire Moorlands 001D,Suspect charged
9186a8cf040ab422a1b824b4acebe4db8319d3f6a1e8fb73beafaeaf7dbe441d,2021-10,Staffordshire Police,Staffordshire Police,-2.008191,53.115221,On or near QUEENS DRIVE,E01029809,Staffordshire Moorlands 001D,Suspect charged
9186a8cf040ab422a1b824b4acebe4db8319d3f6a1e8fb73beafaeaf7dbe441d,2021-10,Staffordshire Police,Staffordshire Police,-2.008191,53.115221,On or near QUEENS DRIVE,E01029809,Staffordshire Moorlands 001D,Suspect charged
9186a8cf040ab422a1b824b4acebe4db8319d3f6a1e8fb73beafaeaf7dbe441d,2021-10,Staffordshire Police,Staffordshire Police,-2.008191,53.115221,On or near QUEENS DRIVE,E01029809,Staffordshire Moorlands 001D,Suspect charged
9186a8cf040ab422a1b824b4acebe4db8319d3f6a1e8fb73beafaeaf7dbe441d,2021-10,Staffordshire Police,Staffordshire Police,-2.008191,53.115221,On or near QUEENS DRIVE,E01029809,Staffordshire Moorlands 001D,Suspect charged
120e466cfac9ad329aab1ce0a0edbbec3555a2e4fdfc4dcf9a539a32e3d2275d,2021-10,Staffordshire Police,Staffordshire Police,-1.881740,52.742270,On or near BOAT HOUSE LANE,E01029481,Lichfield 001B,Investigation complete; no suspect identified
01533dad8bf720295650a4ec4b172c4409e870d8cec0c074abde0f7d4f9159a9,2021-10,Staffordshire Police,Staffordshire Police,-2.118777,52.816639,On or near MARSTON ROAD,E01029689,Stafford 010A,Unable to prosecute suspect
c9b9aee2bab99a58d556607f845638e77a551d7d40fba8f1badec1e272093bad,2021-10,Staffordshire Police,Staffordshire Police,-2.107561,52.972659,On or near MARTINDALE CLOSE,E01014316,Stoke-on-Trent 031C,Unable to prosecute suspect
e20e93f7fee539ea1b29440f3322942d8c55a155fc96a5e0ccd68dd49dcf7cc7,2021-10,Staffordshire Police,Staffordshire Police,-1.910070,52.680428,On or near CHASELEY GARDENS,E01029475,Lichfield 009A,Further action is not in the public interest
7e943f86e40e8f6fbce642b53d42b25437f27bc4574fc1c46ad0d0b5f41b9287,2021-10,Staffordshire Police,Staffordshire Police,-2.208632,52.998602,On or near WHEATLY AVENUE,E01014341,Stoke-on-Trent 023B,Investigation complete; no suspect identified
f6a54a5f81fc644fd6a5ed5d9e18c313e7c930c3e5cc0cbed527ec77451e1156,2021-10,Staffordshire Police,Staffordshire Police,-1.987885,52.688696,On or near CLEETON STREET,E01029382,Cannock Chase 009C,Unable to prosecute suspect
0c7c2b2468d71a030908c1065d517aeac9d18cff96788d69f1ab47dffe4de3df,2021-10,Staffordshire Police,Staffordshire Police,-2.046627,52.683051,On or near CARLISLE ROAD,E01029363,Cannock Chase 012E,Unable to prosecute suspect
5d2645546570d48e3ebf1a46869a6a9454a5377cae74b67fa5caa1417fb5c678,2021-10,Staffordshire Police,Staffordshire Police,-2.161171,52.993346,On or near HERON STREET,E01014279,Stoke-on-Trent 020E,Unable to prosecute suspect
f41345bd1ec56bad87aeaefb717c65962dd4bcbab359915c54a1b39bb9b8d198,2021-10,Staffordshire Police,Staffordshire Police,-2.165866,53.024792,On or near LUDLOW STREET,E01033216,Stoke-on-Trent 016G,Unable to prosecute suspect
a69b49020de348b128d3c6ca1c9de625fb7178c4099ff38130f6815ad5a58777,2021-10,Staffordshire Police,Staffordshire Police,-2.169604,53.114929,On or near HIGHFIELD ROAD EAST,E01029766,Staffordshire Moorlands 003D,Unable to prosecute suspect
bda3aae4706fef1e278627ed68b96b198a65c583f405ac3418aefb9ea23320be,2021-10,Staffordshire Police,Staffordshire Police,-2.198685,53.048554,On or near DARWIN DRIVE,E01014251,Stoke-on-Trent 009C,Investigation complete; no suspect identified
9cebd25fea6f0043f19625cc3b160a4b0f117524e767bb5aff3a3d9ea3d288f8,2021-10,Staffordshire Police,Staffordshire Police,-2.142705,53.018233,On or near ASHFIELD SQUARE,E01014226,Stoke-on-Trent 014D,Suspect charged
9cebd25fea6f0043f19625cc3b160a4b0f117524e767bb5aff3a3d9ea3d288f8,2021-10,Staffordshire Police,Staffordshire Police,-2.142705,53.018233,On or near ASHFIELD SQUARE,E01014226,Stoke-on-Trent 014D,Suspect charged
7d5cebf3950801ed2e026a77c69ade358eae073d1a95225dae8ac0e6875f192a,2021-10,Staffordshire Police,Staffordshire Police,-2.184011,53.053171,On or near BLUESTONE AVENUE,E01014245,Stoke-on-Trent 006E,Suspect charged
010638cc3f963c9b50a187b51128920621c4617511f3334a6052738336f0e77c,2021-10,Staffordshire Police,Staffordshire Police,-2.094244,52.984366,On or near HENDERSON GROVE,E01014366,Stoke-on-Trent 028B,Suspect charged
865cbf29d093e0afd69b23b3afed54258c331ff8a4eca27655a0db8e3a8bec9b,2021-10,Staffordshire Police,Staffordshire Police,-2.031553,52.662038,On or near CHAPEL SQUARE,E01029622,South Staffordshire 004B,Further action is not in the public interest
82cf3a991eefcfe87ff58182c652b8d255120569acc0e3a77f35d020fe9aa39d,2021-10,Staffordshire Police,Staffordshire Police,-1.879941,52.901426,On or near HAWTHORNDEN CLOSE,E01029432,East Staffordshire 002C,Suspect charged
e500aa41e69808273eb5571a2f1074e8e1cbfb02d72b62da2a1db707c6e64ae5,2021-10,Staffordshire Police,Staffordshire Police,-2.122783,52.994803,On or near ST MARY'S ROAD,E01014300,Stoke-on-Trent 022C,Unable to prosecute suspect
e525353b822ffd5da0af376c6c345521dc93f5f54c437c5cd5cd9c367c2026c7,2021-10,Staffordshire Police,Staffordshire Police,-2.023489,52.650164,On or near THE HOLLIES,E01029639,South Staffordshire 005B,Unable to prosecute suspect
921528ebe7d5fc157ce5d6013c77b60b20cf8d48c7d60edef101d20a84c39089,2021-10,Staffordshire Police,Staffordshire Police,-1.994350,52.691070,On or near WHEATLANDS CLOSE,E01029378,Cannock Chase 010D,Suspect charged
18a44d624c43d8b52af9d8ee6d38770ad4cb39ec44c941f370622ee5fa1b5b86,2021-10,Staffordshire Police,Staffordshire Police,-2.188021,53.052329,On or near LEIGH STREET,E01014245,Stoke-on-Trent 006E,Unable to prosecute suspect
9c582b55ce791c3ea21d7064cacc2d5c07850e3f175100709ff889371a80d3a5,2021-10,Staffordshire Police,Staffordshire Police,-2.009727,53.102780,On or near Hospital,E01029806,Staffordshire Moorlands 001B,Further action is not in the public interest
1c27c3b5b53f51a2e060f4b59099effbd7eea8ce5e53c29523d96bcafa752563,2021-10,Staffordshire Police,Staffordshire Police,-2.198149,53.045454,On or near MARKET PLACE,E01014251,Stoke-on-Trent 009C,Unable to prosecute suspect
5189050215f484f08c4257951662baa6277c158751b18f600131fa4972e2b8f0,2021-10,Staffordshire Police,Staffordshire Police,-2.186748,53.006316,On or near VALE STREET,E01014293,Stoke-on-Trent 019A,Unable to prosecute suspect
3116a8ece490508c9717151fdfca24e1090a71fd669a58068d3fc2f7a8ee935c,2021-10,Staffordshire Police,Staffordshire Police,-2.033047,52.681914,On or near HAMPTON STREET,E01029361,Cannock Chase 012C,Further action is not in the public interest
3116a8ece490508c9717151fdfca24e1090a71fd669a58068d3fc2f7a8ee935c,2021-10,Staffordshire Police,Staffordshire Police,-2.033047,52.681914,On or near HAMPTON STREET,E01029361,Cannock Chase 012C,Further action is not in the public interest
6220c28f0552c4b47d333e89b7835264b5fc7675c3985b352bc0467d0f33d44f,2021-10,Staffordshire Police,Staffordshire Police,-2.153818,53.049663,On or near NEWFORD CRESCENT,E01014267,Stoke-on-Trent 007E,Unable to prosecute suspect
985ecde30cacbe5596231b2e281b64aaf19780aebad985d193acee8a2badd5b0,2021-10,Staffordshire Police,Staffordshire Police,-2.226084,52.996449,On or near THIRLMERE PLACE,E01029607,Newcastle-under-Lyme 014F,Formal action is not in the public interest
864bf338aa7f55c9923f48dd202e7d73a54936ca2f735fbc533f44108b9e4034,2021-10,Staffordshire Police,Staffordshire Police,-2.120968,52.691862,On or near Petrol Station,E01029658,South Staffordshire 001D,Formal action is not in the public interest
ca98f55940335d1cbef719ce4753482a69b3eded77e1612baf0ac53e50ec3e3d,2021-10,Staffordshire Police,Staffordshire Police,-2.254405,53.034047,On or near Sports/Recreation Area,E01029560,Newcastle-under-Lyme 007D,Unable to prosecute suspect
f0b0fbbdaccda7798f2c9a766ec73f620984e8c8f854ae919e4ebf2903a8b899,2021-10,Staffordshire Police,Staffordshire Police,-2.163039,52.967077,On or near CROWCROFTS ROAD,E01014236,Stoke-on-Trent 032B,Investigation complete; no suspect identified
78c8f69b3a2e30002e662b8bb4867d969b82fb60eecaa247e75394810a25ebbc,2021-10,Staffordshire Police,Staffordshire Police,-2.146316,52.812203,On or near CONWAY ROAD,E01029752,Stafford 007E,Further investigation is not in the public interest
7acac130755980b2f921ce680a2fd620a18ad23655d16e0c31b1843e0ca6769b,2021-10,Staffordshire Police,Staffordshire Police,-1.645220,52.796617,On or near OAK STREET,E01029407,East Staffordshire 011A,Unable to prosecute suspect
bc48925cad439136f8f67a64c6304859a3b19e84f335f5941a65d1fe28fa5a52,2021-10,Staffordshire Police,Staffordshire Police,-1.635149,52.803814,On or near Supermarket,E01032896,East Staffordshire 011F,Suspect charged
0a5047692018893842be519859e2192d75638343a87753e72e3816696378b698,2021-10,Staffordshire Police,Staffordshire Police,-2.199892,53.009665,On or near Petrol Station,E01014291,Stoke-on-Trent 018D,Offender given a caution
14a8b6e0b617db89a0410f4eecdb80c19c42db45c6ec0d183606681c0cb2ad43,2021-10,Staffordshire Police,Staffordshire Police,-2.120487,52.994221,On or near LOGANBECK GROVE,E01014301,Stoke-on-Trent 025B,Unable to prosecute suspect
749791d32931c08044eb27c2d0c62027ae0f64fcbc47f9a74016a1783475a138,2021-10,Staffordshire Police,Staffordshire Police,-2.199225,52.990897,On or near LEVITA ROAD,E01014343,Stoke-on-Trent 023D,Further investigation is not in the public interest
3cb2cbecaf35fab05ad13e5f38df74e0f89c621129acebec596ef8c95a700a4b,2021-10,Staffordshire Police,Staffordshire Police,-2.257926,53.084271,On or near NURSERY CLOSE,E01029541,Newcastle-under-Lyme 003B,Unable to prosecute suspect
6364d223c04b3a9f2b966b13ae22dec497de7efdef3e0127fd09253c49b902ec,2021-10,Staffordshire Police,Staffordshire Police,-2.207890,53.061213,On or near WILKS STREET,E01014355,Stoke-on-Trent 005B,Investigation complete; no suspect identified
9093473a815c0521e91d050d9ad223a76d4a55a5e7b30ccccb2e07ce333ea51c,2021-10,Staffordshire Police,Staffordshire Police,-2.230044,53.012658,On or near BRIDGE STREET,E01029604,Newcastle-under-Lyme 011E,Unable to prosecute suspect
2c7e99c97a29f33026ceb1e9df0a742a4894cbcd4a498ce3d0db29223e5f66c4,2021-10,Staffordshire Police,Staffordshire Police,-2.185927,53.071830,On or near JOHNSON PLACE,E01014261,Stoke-on-Trent 003A,Investigation complete; no suspect identified
e530666aa00197cadd7946c04aa83c8b970e5a7bc5c18df5410234844eaaa608,2021-10,Staffordshire Police,Staffordshire Police,-2.104276,52.727683,On or near LEACROFT ROAD,E01029655,South Staffordshire 001A,Action to be taken by another organisation
f2788d97ca3d8492b6503999c93f2ae223747b68c96c26e1d9077d4657a7a406,2021-10,Staffordshire Police,Staffordshire Police,-2.196008,52.780605,On or near ASH DRIVE,E01029688,Stafford 015A,Unable to prosecute suspect
f9a6257493a650822a3346e9136a4d8aeb35d4a4e85f574931f900e41c0dec0a,2021-10,Staffordshire Police,Staffordshire Police,-1.699101,52.628543,On or near LADY MEADOW CLOSE,E01029835,Tamworth 002A,Suspect charged
e8a5b8cb497b80c66942ffda575cbbcce06442290e5b2bd90d266d16496091e1,2021-10,Staffordshire Police,Staffordshire Police,-2.188942,53.105812,On or near LYNDHURST DRIVE,E01029772,Staffordshire Moorlands 004C,Unable to prosecute suspect
af8d48b7e7fd93e4e00b537e14d39270f698cbc2f03fb92300bf451a811983c9,2021-10,Staffordshire Police,Staffordshire Police,-2.030308,52.678300,On or near WATERBROOK WAY,E01029359,Cannock Chase 012A,Further action is not in the public interest
003590a3e5bf01f31d630cc0379de236424e453a7a1ed3eccc95b8552bf3fe7e,2021-10,Staffordshire Police,Staffordshire Police,-1.645220,52.796617,On or near OAK STREET,E01029407,East Staffordshire 011A,Suspect charged
7ef38adfd5a6b449ebe7fe34a45c32016145880ddd14af20fb6efa144828cfcc,2021-10,Staffordshire Police,Staffordshire Police,-2.289017,53.018633,On or near STRETTON ROAD,E01029593,Newcastle-under-Lyme 012B,Investigation complete; no suspect identified
2114beb5912c538e4f1adc1b1496c083a7019af09f51cadcef2c45cf3ef1c236,2021-10,Staffordshire Police,Staffordshire Police,-1.837490,52.683992,On or near Sports/Recreation Area,E01032899,Lichfield 004F,Investigation complete; no suspect identified
a8a1963d99845baee13d5d8ee30f6abcab77392951ed92841d4c4b2e16f3f052,2021-10,Staffordshire Police,Staffordshire Police,-2.057053,52.963004,On or near LABURNUM CLOSE,E01029798,Staffordshire Moorlands 012C,Investigation complete; no suspect identified
3ec53077a74ebdfbab511c0049b9076db46b3d76d4d467261d42d9d6118cc148,2021-10,Staffordshire Police,Staffordshire Police,-1.675900,52.633345,On or near JESSOP DRIVE,E01029834,Tamworth 004D,Local resolution
fcd47cec34d3eb380722f78b0e2d3716099cdea4067e62639daebb5bb52b9a14,2021-10,Staffordshire Police,Staffordshire Police,,,No location,,,Unable to prosecute suspect
d5b3a181a2411cc8e46f79f22794692f11ac6e4c214100728ccae3d8873015af,2021-10,Staffordshire Police,Staffordshire Police,-1.833095,52.692148,On or near FRIDAY ACRE,E01029492,Lichfield 004A,Unable to prosecute suspect
d5b3a181a2411cc8e46f79f22794692f11ac6e4c214100728ccae3d8873015af,2021-10,Staffordshire Police,Staffordshire Police,-1.833095,52.692148,On or near FRIDAY ACRE,E01029492,Lichfield 004A,Unable to prosecute suspect
645d4158c92fa74b640b91dec2870a8e5e08c532c18840a226bb2914db869cbc,2021-10,Staffordshire Police,Staffordshire Police,-1.991692,52.985841,On or near WATT PLACE,E01029787,Staffordshire Moorlands 011D,Unable to prosecute suspect
297f14f9123014832c90274ec8c871cafe3adebdcceb7bc78960bfd648b35f85,2021-10,Staffordshire Police,Staffordshire Police,-2.140835,53.029706,On or near NEALE PLACE,E01014213,Stoke-on-Trent 012D,Unable to prosecute suspect
5f2cf41340200b36784ba082a65f7ccc63b883a71bf6be2b44b336e8c67a273e,2021-10,Staffordshire Police,Staffordshire Police,-1.962158,52.671322,On or near HIGH STREET,E01029397,Cannock Chase 013D,Further action is not in the public interest
4406e3692fc5c5a8f0d75a697ae8bfdc6af6fd4dfb5d6a8f486d9ff9a0733c36,2021-10,Staffordshire Police,Staffordshire Police,-2.250868,53.023394,On or near PENNINE WAY,E01029568,Newcastle-under-Lyme 007E,Unable to prosecute suspect
90e4f9b1e0f6f6c861c0bb92f66615317fb0b6d1a067dc8e972b63d8092e63f1,2021-10,Staffordshire Police,Staffordshire Police,-2.212190,53.034274,On or near Sports/Recreation Area,E01029611,Newcastle-under-Lyme 008E,Unable to prosecute suspect
a714b1821c6653d0b18e497f9f8ae18edf0a9a90228e80bb6eab6e28a94f7fd6,2021-10,Staffordshire Police,Staffordshire Police,-1.823316,52.684565,On or near GEORGE LANE,E01029526,Lichfield 004E,Investigation complete; no suspect identified
356fc5323e1221bbc29ca33245959de982ccb41d618285693f1dcc2a1daee027,2021-10,Staffordshire Police,Staffordshire Police,-2.186748,53.006316,On or near VALE STREET,E01014293,Stoke-on-Trent 019A,Unable to prosecute suspect
94a828a7345bccd95dd7225a5b45f2b77e7a3dd79f2416e93c6fb5f06d0d10a6,2021-10,Staffordshire Police,Staffordshire Police,-2.107178,52.649363,On or near Sports/Recreation Area,E01029637,South Staffordshire 006D,Action to be taken by another organisation
27d44cfb55ed7cfbef4b2e3096a30accd0d83e3a13d52ce3f59bfc10324408b2,2021-10,Staffordshire Police,Staffordshire Police,-1.994350,52.691070,On or near WHEATLANDS CLOSE,E01029378,Cannock Chase 010D,Suspect charged
0e515e1b28ca30b9004a9dd26f4e9b56ed9f3bc418e2f14b5f42857c2305f569,2021-10,Staffordshire Police,Staffordshire Police,-2.309080,52.723910,On or near BUN LANE,E01029670,South Staffordshire 003E,Further investigation is not in the public interest
cf16f641638291ce50813b89ced575492c3c3a5ebcf0aaf3a2b05eb6fceb94b1,2021-10,Staffordshire Police,Staffordshire Police,-1.662544,52.602383,On or near SAXON CLOSE,E01029867,Tamworth 010C,Investigation complete; no suspect identified
7071abfdb2fc0266567c2753c468d56368dece9f3c98dc578b9314e2d414e6df,2021-10,Staffordshire Police,Staffordshire Police,-2.162979,53.057894,On or near BORROWDALE ROAD,E01014332,Stoke-on-Trent 004B,Unable to prosecute suspect
96bf62ff938beaea86d295cdf432afd2f9d7da502910651f6544740058bb39aa,2021-10,Staffordshire Police,Staffordshire Police,-2.153818,53.049663,On or near NEWFORD CRESCENT,E01014267,Stoke-on-Trent 007E,Unable to prosecute suspect
1ce4b5e5dd331f02ddfae2b8af842502911760d86ef3c77f76f6639623f0667b,2021-10,Staffordshire Police,Staffordshire Police,-2.214916,53.063681,On or near BOND STREET,E01014361,Stoke-on-Trent 005D,Unable to prosecute suspect
cc81ca7d3e652ddb92bc9ce59954fdac63c7a3dbdeb3b253d7467e601f94b0d3,2021-10,Staffordshire Police,Staffordshire Police,,,No location,,,Unable to prosecute suspect
4de83a7f2697c911776a72194a0e168661383b00f0e5567d1d6e285e9aa20b33,2021-10,Staffordshire Police,Staffordshire Police,-2.226084,52.996449,On or near THIRLMERE PLACE,E01029607,Newcastle-under-Lyme 014F,Suspect charged
4de83a7f2697c911776a72194a0e168661383b00f0e5567d1d6e285e9aa20b33,2021-10,Staffordshire Police,Staffordshire Police,-2.226084,52.996449,On or near THIRLMERE PLACE,E01029607,Newcastle-under-Lyme 014F,Suspect charged
73d01b966969ac0844745ecc7f6958cfdbb4d5d55d3df8640f9eed9e77e90556,2021-10,Staffordshire Police,Staffordshire Police,-2.146349,52.993904,On or near PERTH STREET,E01014273,Stoke-on-Trent 021A,Unable to prosecute suspect
e6288a355bff7fb730639d35ec3b3d90c2519b26d9079f32397c7bd59277e7f6,2021-10,Staffordshire Police,Staffordshire Police,-2.030308,52.678300,On or near WATERBROOK WAY,E01029359,Cannock Chase 012A,Unable to prosecute suspect
808c6de60e8484297ff2140dad44c3585bd700514ff60a543f14eb5760da446e,2021-10,Staffordshire Police,Staffordshire Police,-2.080830,52.788534,On or near Police Station,E01029760,Stafford 014H,Unable to prosecute suspect
be96f9ccf85771762930fb54fc293a21267feb9dd5e56119a19228c1b5067d18,2021-10,Staffordshire Police,Staffordshire Police,-2.152444,52.994265,On or near GALVESTON GROVE,E01014279,Stoke-on-Trent 020E,Suspect charged
18694fdefdb44c8ddd54dbbb446b9419e6f3714a63d0c4a084ae7a26c4b5b3d7,2021-10,Staffordshire Police,Staffordshire Police,-1.664262,52.624862,On or near BANCROFT,E01029845,Tamworth 007D,Unable to prosecute suspect
9491af932e04df41872bf42af50b3910a17f7659783d632fb3a2f0ec07dff354,2021-10,Staffordshire Police,Staffordshire Police,-2.133408,52.985919,On or near Petrol Station,E01014302,Stoke-on-Trent 022D,Investigation complete; no suspect identified
c88b7fd8333c2a8ea473fd53625ecc8eb85e595376f13316a99b97107e569302,2021-10,Staffordshire Police,Staffordshire Police,-1.625019,52.813967,On or near WETMORE ROAD,E01032897,East Staffordshire 011G,Suspect charged
47a0ae00a70e88518719a54a10e2ea26eb76c81e9bb85915fbb93b777f06373e,2021-10,Staffordshire Police,Staffordshire Police,-2.269882,53.017060,On or near CHURCH STREET,E01029594,Newcastle-under-Lyme 012C,Unable to prosecute suspect
d80e535040fe513f74b49b38ed582cc112bc76f372234219184992b4927196b3,2021-10,Staffordshire Police,Staffordshire Police,-2.095949,52.597717,On or near Further/Higher Educational Building,E01010476,Wolverhampton 015E,Suspect charged
e3cd97aef3e62c1591e88b2f2d3166eb41513e672eb696ed16ffbe62ebd721cf,2021-10,Staffordshire Police,Staffordshire Police,-2.200598,52.631091,On or near BAKERS WAY,E01029627,South Staffordshire 008D,Investigation complete; no suspect identified
8b4e422dc4e5f874595e8c53b2d08795718bb707644eaa217096236f5f6d692f,2021-10,Staffordshire Police,Staffordshire Police,-2.275098,52.504769,On or near LUTLEY LANE,E01029667,South Staffordshire 013B,Unable to prosecute suspect
38abf060ce87d21c6ca32bc8939b7a424d8aba16250c18dc23f958d2c15b1b96,2021-10,Staffordshire Police,Staffordshire Police,-2.172307,52.938918,On or near PARK DRIVE,E01029682,Stafford 002B,Unable to prosecute suspect
6b24b6786ac0252a97db94cbdabf0b45c846b361a4929c24146e619cb8addc83,2021-10,Staffordshire Police,Staffordshire Police,-2.170380,52.997540,On or near SMITHPOOL ROAD,E01014277,Stoke-on-Trent 020D,Investigation complete; no suspect identified
561e34c1b38f4e42a33955f6a76e9f72fa75bf834ca697201bcc4809a678d804,2021-10,Staffordshire Police,Staffordshire Police,-2.164863,53.023940,On or near TINTERN STREET,E01033216,Stoke-on-Trent 016G,Suspect charged
e6e1385ce51c6a0f52b2b96f776bb99b1b30e92e9255f9f3dc18ea3fbb248bbf,2021-10,Staffordshire Police,Staffordshire Police,-2.230044,53.012658,On or near BRIDGE STREET,E01029604,Newcastle-under-Lyme 011E,Local resolution
e73ac5970fe02bbc756e72e4a24fc9319415e0c5f043fead803d1b4f44dcea2a,2021-10,Staffordshire Police,Staffordshire Police,-2.156499,52.966267,On or near UFTON CLOSE,E01014238,Stoke-on-Trent 032D,Investigation complete; no suspect identified
99178e7690abccd5b6caad25e9710cae577e360d05e47b1fc9c23c14673e3de3,2021-10,Staffordshire Police,Staffordshire Police,-1.952560,52.767759,On or near GORSEBURN WAY,E01029371,Cannock Chase 001D,Unable to prosecute suspect
8acdfc78fdc72fb64bdba96728a0f445421d2d6e5bb7ea3948ab8bcbf4e0ccef,2021-10,Staffordshire Police,Staffordshire Police,-2.146316,52.812203,On or near CONWAY ROAD,E01029752,Stafford 007E,Further investigation is not in the public interest
e37139c4bf9b0113d3ce9c5a5d4277a1438cafb696f255829cd25a1770a28adf,2021-10,Staffordshire Police,Staffordshire Police,-1.659479,52.635960,On or near Supermarket,E01029821,Tamworth 003B,Unable to prosecute suspect
e47d82bb4622a51c1b4bc7675ca48bb39b521df0a4720754042206a93ac5c111,2021-10,Staffordshire Police,Staffordshire Police,-2.216142,53.013529,On or near ALBERT STREET,E01029603,Newcastle-under-Lyme 011D,Suspect charged
9662a48f6896e2ddb9d28dfd6455e8bf238181a42f2adb723f5946581034ad7d,2021-10,Staffordshire Police,Staffordshire Police,-1.635718,52.797820,On or near A5189,E01032898,East Staffordshire 011H,Unable to prosecute suspect
4493d5446d150f14d1904c864f0bea5451d98150711382bac537f6d465affbdf,2021-10,Staffordshire Police,Staffordshire Police,-1.635718,52.797820,On or near A5189,E01032898,East Staffordshire 011H,Unable to prosecute suspect
ee1d21b93951949cc5e5c175165663d0eeb3a1ba75f131ba659b74bef5dd8e6e,2021-10,Staffordshire Police,Staffordshire Police,-1.700409,52.633841,On or near LICHFIELD STREET,E01029835,Tamworth 002A,Suspect charged
e749d8ac6bfa0805c41c4bd75ca02212d6a54227f7abd9fca88ee6c53dc93cf9,2021-10,Staffordshire Police,Staffordshire Police,-2.049723,52.621964,On or near UPPER SNEYD ROAD,E01029632,South Staffordshire 007A,Further action is not in the public interest
7f2082f77feddd102993711c0b7d316e8ab96ddc775e28894a9d6449e4787db3,2021-10,Staffordshire Police,Staffordshire Police,-1.858405,52.597546,On or near CHERRYWOOD WAY,E01029513,Lichfield 011A,Investigation complete; no suspect identified
131543756d93bb5cc4323f7f8383761da1caa2b4f428e31b41f5fad5c8b2dadb,2021-10,Staffordshire Police,Staffordshire Police,-1.940632,52.754674,On or near CROSS ROAD,E01029373,Cannock Chase 002B,Suspect charged
e3b931718b637fc45f40e3cf4f5a6e16c27c82e57cad6590ff32030856b89358,2021-10,Staffordshire Police,Staffordshire Police,-2.214916,53.063681,On or near BOND STREET,E01014361,Stoke-on-Trent 005D,Unable to prosecute suspect
3068d9c09f84125c651d06d0016a7538143f21ec93e4a85f640742216be16c7b,2021-10,Staffordshire Police,Staffordshire Police,-2.037420,52.658908,On or near CAMPIAN'S AVENUE,E01029624,South Staffordshire 004D,Further investigation is not in the public interest
a8252502f2208e91eef6c92bdb0a6d25ac0cf6144a3821f31a5b3e936f4666e9,2021-10,Staffordshire Police,Staffordshire Police,-2.182068,53.020301,On or near YATES STREET,E01014287,Stoke-on-Trent 015D,Unable to prosecute suspect
3cee5fdda53333fc776b3be6d1d0d0609ed5953050f04d48a24d1e79280d43be,2021-10,Staffordshire Police,Staffordshire Police,-2.133440,53.001120,On or near TIMOTHY CLOSE,E01014297,Stoke-on-Trent 021D,Offender given a caution
041baf5edb1fb37d6b4c903715b515b76727055a8602af48577da63c6a7c0dc6,2021-10,Staffordshire Police,Staffordshire Police,-1.946026,52.766228,On or near FERNWOOD DRIVE,E01029401,Cannock Chase 002C,Investigation complete; no suspect identified
13581059d06e94540aa2ff9a68d1a0fc7acc97cbcdd9bc3a1749a6e571c5e531,2021-10,Staffordshire Police,Staffordshire Police,-2.134953,52.912934,On or near NICHOLL'S LANE,E01029746,Stafford 003D,Investigation complete; no suspect identified
7ebd11f80638b472a6609a63ec52bea0142e912379b41adde45c658266f35194,2021-10,Staffordshire Police,Staffordshire Police,-2.188909,53.077901,On or near OVERSLEY ROAD,E01014260,Stoke-on-Trent 001D,Unable to prosecute suspect
ccefaa18ea6d471be14524a0d6b5865f58f1eca8d51e06fbe0d425229f4e5c41,2021-10,Staffordshire Police,Staffordshire Police,-2.175775,53.049309,On or near JUPITER STREET,E01014266,Stoke-on-Trent 008B,Suspect charged
f0b996fd37a8f29fd21f56629389a77f9eb39ffd8fde873b2b8ebf10e6cd676b,2021-10,Staffordshire Police,Staffordshire Police,-2.082412,52.786402,On or near SWALLOWDALE,E01029759,Stafford 014G,Investigation complete; no suspect identified
b705b3c83cf550c2bd2701b2749e00b687f576c0e9617feefa4c718d397a97b9,2021-10,Staffordshire Police,Staffordshire Police,-1.818397,52.679496,On or near OAKHURST,E01029519,Lichfield 007E,Investigation complete; no suspect identified
dc2a67abd9c7abd1d09f6e2d7f82e8b536a14429c08036f8238a4f9874d228b9,2021-10,Staffordshire Police,Staffordshire Police,-1.628534,52.814167,On or near HAWKINS LANE,E01032896,East Staffordshire 011F,Unable to prosecute suspect
12587c99b2ef98f95d4041393b5f4c4915de1145325ee1c23d379ddef9bceef4,2021-10,Staffordshire Police,Staffordshire Police,-2.170341,52.998996,On or near ASHWORTH STREET,E01014277,Stoke-on-Trent 020D,Unable to prosecute suspect
ad58287766f7128c658122840b9b8241ecd36338c8c7da009b3651bed51755cd,2021-10,Staffordshire Police,Staffordshire Police,-2.170341,52.998996,On or near ASHWORTH STREET,E01014277,Stoke-on-Trent 020D,Unable to prosecute suspect
6f50bda9cbf81f93e1a4fa74225afbbe7ed59aa28e2aaeb98f60f78d47700013,2021-10,Staffordshire Police,Staffordshire Police,-2.156591,52.970969,On or near ROTHLEY GREEN,E01014237,Stoke-on-Trent 032C,Suspect charged
d85671510b113cc459518bf97ddc1604d9a5fb8dc5b2c824a8d01d91212c81b8,2021-10,Staffordshire Police,Staffordshire Police,-2.130921,52.976393,On or near CHURCHFIELD AVENUE,E01014312,Stoke-on-Trent 029D,Suspect charged
d85671510b113cc459518bf97ddc1604d9a5fb8dc5b2c824a8d01d91212c81b8,2021-10,Staffordshire Police,Staffordshire Police,-2.130921,52.976393,On or near CHURCHFIELD AVENUE,E01014312,Stoke-on-Trent 029D,Suspect charged
d85671510b113cc459518bf97ddc1604d9a5fb8dc5b2c824a8d01d91212c81b8,2021-10,Staffordshire Police,Staffordshire Police,-2.130921,52.976393,On or near CHURCHFIELD AVENUE,E01014312,Stoke-on-Trent 029D,Suspect charged
6527745013560c69bc8e1cf530c69198fd292984dda2951312ed536a6deda63e,2021-10,Staffordshire Police,Staffordshire Police,-2.161795,53.036619,On or near DONALD ROAD,E01014326,Stoke-on-Trent 010D,Unable to prosecute suspect
8ff05e0d1adee48557ff57f38168445feb73409231d2a78bc93b58c63001008d,2021-10,Staffordshire Police,Staffordshire Police,-2.183953,53.011525,On or near Petrol Station,E01014283,Stoke-on-Trent 016E,Unable to prosecute suspect
13be9c530f75ca1302c102f5743d29e4ea17beaf6a35ba7ff87d061b876cff10,2021-10,Staffordshire Police,Staffordshire Police,-2.269882,53.017060,On or near CHURCH STREET,E01029594,Newcastle-under-Lyme 012C,Unable to prosecute suspect
e633755c8c0caceca1871cc8bb479c6fc793f38daf17842a3c210839f885fb56,2021-10,Staffordshire Police,Staffordshire Police,-2.156591,52.970969,On or near ROTHLEY GREEN,E01014237,Stoke-on-Trent 032C,Suspect charged
3b7667af911d2f0a5009068506f0e4769030036bb0a7686a3aa7f32235237501,2021-10,Staffordshire Police,Staffordshire Police,-2.160024,52.973265,On or near HALTON GREEN,E01014235,Stoke-on-Trent 032A,Unable to prosecute suspect
3fa24399bb0b8485750ceee5efcafd436429c0a2fbe3e76aba823ae035d725cc,2021-10,Staffordshire Police,Staffordshire Police,-2.162707,53.072709,On or near FARM LEA,E01014337,Stoke-on-Trent 004E,Investigation complete; no suspect identified
e79ec9ef3717c4d6b491429070e3b89954ef7b062636f03f4943dcf165eb1cce,2021-10,Staffordshire Police,Staffordshire Police,-2.165765,53.060794,On or near BURNETT PLACE,E01014331,Stoke-on-Trent 004A,Unable to prosecute suspect
bf1d91e3ec3d489dcc3ed2a560fb57e44f4a20222ebbba566060649888f40412,2021-10,Staffordshire Police,Staffordshire Police,-2.170341,52.998996,On or near ASHWORTH STREET,E01014277,Stoke-on-Trent 020D,Unable to prosecute suspect
ee0ff39d6f3e121dd401222bf77b18bcf873972420902eafdb9c8cdb8bb8fec8,2021-10,Staffordshire Police,Staffordshire Police,-1.674513,52.603099,On or near RIPPLE CLOSE,E01032901,Tamworth 010F,Formal action is not in the public interest
e66002765276b1049bc38b5314d706ac46c987d951d87f90839a86b9fe403951,2021-10,Staffordshire Police,Staffordshire Police,-1.626882,52.819897,On or near LIGHT OAKS CLOSE,E01029428,East Staffordshire 008C,Unable to prosecute suspect
8eaad7ac930a1646da47127bc5ec368d77f0fa1fcc75daf89eac9253631133b6,2021-10,Staffordshire Police,Staffordshire Police,-2.177256,53.050170,On or near KINVER STREET,E01014246,Stoke-on-Trent 008A,Unable to prosecute suspect
14b232b7e95f185ab8fdc59434a4317fa3923cbb1c9c322e161957bc58f00996,2021-10,Staffordshire Police,Staffordshire Police,-2.180929,53.011781,On or near BERESFORD STREET,E01014283,Stoke-on-Trent 016E,Suspect charged
213d97492cfe78f9f4121e531e4e943062bffe9c9382e9d1d4420dc4b6230d44,2021-10,Staffordshire Police,Staffordshire Police,-2.111485,52.975649,On or near BARTHOLOMEW ROAD,E01014322,Stoke-on-Trent 031E,Formal action is not in the public interest
9bc4258e1e6b194dbed886c18f0a4ece3e9bf7da67c0d03615af7b24c98b2871,2021-10,Staffordshire Police,Staffordshire Police,-2.133440,53.001120,On or near TIMOTHY CLOSE,E01014297,Stoke-on-Trent 021D,Offender given a caution
9bc4258e1e6b194dbed886c18f0a4ece3e9bf7da67c0d03615af7b24c98b2871,2021-10,Staffordshire Police,Staffordshire Police,-2.133440,53.001120,On or near TIMOTHY CLOSE,E01014297,Stoke-on-Trent 021D,Offender given a caution
d2341ac673b733cee52db6b66b74b2ac9d0b62ef651928bfc467f66c6e1ff29e,2021-10,Staffordshire Police,Staffordshire Police,-2.105854,52.792263,On or near MEADOW ROAD,E01029734,Stafford 016C,Further action is not in the public interest
2d7b497565774db2b44c87f41e74310e65482725c06a060fcc7e6539b56bf968,2021-10,Staffordshire Police,Staffordshire Police,-1.989354,52.981832,On or near STATION ROAD,E01029787,Staffordshire Moorlands 011D,Investigation complete; no suspect identified
d9ce77c1f679c543fb6f26d7b97267d0aa4f3e33d7e379e92d320a1aa3c52dfe,2021-10,Staffordshire Police,Staffordshire Police,-2.220950,53.006518,On or near LEECH STREET,E01029602,Newcastle-under-Lyme 011C,Investigation complete; no suspect identified
c7a495f3f2c6705051db094bb8ef4341b86b3cf2471d9b2c8d13982891e55a0f,2021-10,Staffordshire Police,Staffordshire Police,-2.107178,52.649363,On or near Sports/Recreation Area,E01029637,South Staffordshire 006D,Suspect charged
67d840df8f78cbe3683a14801d86b5c01ede454968799d8e8f3694ad58059ca8,2021-10,Staffordshire Police,Staffordshire Police,-2.175775,53.049309,On or near JUPITER STREET,E01014266,Stoke-on-Trent 008B,Suspect charged
2c4d0fcab75bf81d8182955ef02fb0622d91983ebe5c9a362b0ff4f99962977d,2021-10,Staffordshire Police,Staffordshire Police,-1.596480,52.802026,On or near ASHBY ROAD,E01029468,East Staffordshire 010A,Suspect charged
c0095ba372a5ef980ce1c9912e5189dbabc7c71bcd8fabe7dbde3c9041d1d006,2021-10,Staffordshire Police,Staffordshire Police,-1.982258,52.997724,On or near WEAVER CLOSE,E01029782,Staffordshire Moorlands 010B,Formal action is not in the public interest
3c64891450e3e932dabb33f270c852c88dab97956c58dea2f85b16608975cfeb,2021-10,Staffordshire Police,Staffordshire Police,-1.848767,52.639642,On or near BIRCH BROOK LANE,E01029521,Lichfield 011C,Investigation complete; no suspect identified
2f0eb0e2154c6496467358b767c7f07ec208c9dfd269a90ee17c49cff3c15085,2021-10,Staffordshire Police,Staffordshire Police,-2.206935,53.107769,On or near SANDS ROAD,E01029582,Newcastle-under-Lyme 001D,Suspect charged
4c69cd66c8de0c8d2e322c32582effab0dcb21b7c273ca547220cb55b4fb1ed6,2021-10,Staffordshire Police,Staffordshire Police,-2.234372,53.090576,On or near SURREY ROAD,E01029561,Newcastle-under-Lyme 002A,Unable to prosecute suspect
9351a7f5569de7f0a414fe56d353f3251593d35b1c12f92175a809cfe1e531c1,2021-10,Staffordshire Police,Staffordshire Police,-1.934967,52.758258,On or near WELLINGTON DRIVE,E01029404,Cannock Chase 002E,Further investigation is not in the public interest
1f237415207a61c5aa574ec0ed39d9eff15272995b48110f7f640587fa7d05f4,2021-10,Staffordshire Police,Staffordshire Police,,,No location,,,Unable to prosecute suspect
efbdfb1bd5a11baba24deb465938f7366467ceca1fca2f8e37271a598e117625,2021-10,Staffordshire Police,Staffordshire Police,-2.121885,52.819045,On or near COMMONSIDE CLOSE,E01029691,Stafford 010B,Unable to prosecute suspect
7460ee188fb392e64e8d2ca0dcbd523983eabae9a409eb4e72e95af4a48ff886,2021-10,Staffordshire Police,Staffordshire Police,-2.240118,52.695267,On or near Hospital,E01029668,South Staffordshire 003C,Unable to prosecute suspect
3ceaa68a28863e325e28db878ec866100c33ec793cb34c8f3f72beeb576a7528,2021-10,Staffordshire Police,Staffordshire Police,-2.189424,53.089901,On or near STADMORSLOW LANE,E01014264,Stoke-on-Trent 001E,Investigation complete; no suspect identified
0a913c75acfb82e4326d1e103f3e6d44210eedf5cda128f2d262c3cf280e26ad,2021-10,Staffordshire Police,Staffordshire Police,-2.240118,52.695267,On or near Hospital,E01029668,South Staffordshire 003C,Unable to prosecute suspect
cbefe0b7788a173934b7a0d9dd7bdecc2a54ddf7e707fdf2442fda81d21034d6,2021-10,Staffordshire Police,Staffordshire Police,-2.153447,52.978892,On or near ELM PLACE,E01014233,Stoke-on-Trent 026A,Investigation complete; no suspect identified
9cf3336e526247412cd8b6a2c36d02ef695fa830194326501ae8e05e5c7ec279,2021-10,Staffordshire Police,Staffordshire Police,-2.045905,53.063678,On or near ST EDWARD'S ROAD,E01029793,Staffordshire Moorlands 006B,Suspect charged
de78c372ef0e347933a2e42db8671418cfbb1c6647f0d096609733fd6be4e983,2021-10,Staffordshire Police,Staffordshire Police,-2.217283,53.012160,On or near ANDREW PLACE,E01029603,Newcastle-under-Lyme 011D,Investigation complete; no suspect identified
a4145cf3998ce87428db421f67bc09e371b5ff615f0999606e3808f304313dc2,2021-10,Staffordshire Police,Staffordshire Police,-2.107775,52.974897,On or near BOLTON PLACE,E01014316,Stoke-on-Trent 031C,Unable to prosecute suspect
26fb0d4faa30775b6cc628dd380a755135249b0ae451e5f96f0261011cb77b7b,2021-10,Staffordshire Police,Staffordshire Police,-2.173284,53.026894,On or near HUNTBACH STREET,E01014287,Stoke-on-Trent 015D,Suspect charged
6cc608f29a965b15ee142c83cde28aae6bb674fd557949d7c68ef883f8ba3c75,2021-10,Staffordshire Police,Staffordshire Police,-2.172659,52.986264,On or near DENNIS VIOLLET AVENUE,E01014234,Stoke-on-Trent 026B,Investigation complete; no suspect identified
ed6125c50b9b0ab3193cd6b16f947dde72e0a1cfa7c5dcbbfa72821536673558,2021-10,Staffordshire Police,Staffordshire Police,-2.011743,52.723054,On or near COTSWOLD CLOSE,E01029390,Cannock Chase 004D,Unable to prosecute suspect
837e9b721e121ea4d8dd03e9b178f4525aba3c0d9c5cba6a9877cfc368b2a0d2,2021-10,Staffordshire Police,Staffordshire Police,-1.984018,52.991836,On or near CHURCHILL ROAD,E01029782,Staffordshire Moorlands 010B,Unable to prosecute suspect
8b26d959ee098e192c9b0a06b1113d169a08a908e11fc55695d42194f757433a,2021-10,Staffordshire Police,Staffordshire Police,-2.160639,53.062491,On or near KNYPERSLEY ROAD,E01014332,Stoke-on-Trent 004B,Unable to prosecute suspect
c88159ded880c315ec55adc45355fd00cc7a54c7c32bb8afb6cf2765ae4bdff4,2021-10,Staffordshire Police,Staffordshire Police,-2.142402,53.057309,On or near ROYAL WAY,E01014265,Stoke-on-Trent 007D,Unable to prosecute suspect
65ab677a8b509208e8b92647b61ecb2ede089866ceeef816c712d2e5bd97fc77,2021-10,Staffordshire Police,Staffordshire Police,-2.184753,53.031264,On or near STANSGATE PLACE,E01014256,Stoke-on-Trent 011D,Unable to prosecute suspect
b095d037d9a8ed0745df0426eb3580815a56fc7b384dd757f923176401212327,2021-10,Staffordshire Police,Staffordshire Police,-2.139091,53.025384,On or near WERRINGTON ROAD,E01014213,Stoke-on-Trent 012D,Investigation complete; no suspect identified
1ed31cbe38752d4148af12c8f27db543a059a0a4177a8bb7ff35d35a65770362,2021-10,Staffordshire Police,Staffordshire Police,-2.133546,52.977595,On or near BEADNELL GROVE,E01014309,Stoke-on-Trent 027B,Unable to prosecute suspect
14d40dc10274d8e9676e56f6fdad311e744b79375b5ba41c6915a3105353f3e9,2021-10,Staffordshire Police,Staffordshire Police,-2.157376,53.043618,On or near BAGOT GROVE,E01014269,Stoke-on-Trent 010A,Unable to prosecute suspect
8a9db448d2d274c93ecb986f1b09bee96f6470229c3eee617704a5b748177618,2021-10,Staffordshire Police,Staffordshire Police,-1.645404,52.792123,On or near ANGLESEY ROAD,E01029407,East Staffordshire 011A,Formal action is not in the public interest
781a7bae23eeb0143e8644a3edbcddbcea858b22c58887a257c47f6a13e8c9b5,2021-10,Staffordshire Police,Staffordshire Police,-2.128540,52.981870,On or near LOCKETT'S LANE,E01014305,Stoke-on-Trent 029A,Offender given a caution
f27bb52bc934ee3692e2314b4fcf0b14a4cbf1403aab5f09f9452b9926ed160f,2021-10,Staffordshire Police,Staffordshire Police,-2.134613,53.028400,On or near Hospital,E01014212,Stoke-on-Trent 012C,Investigation complete; no suspect identified
c66f4f0fc73461a2651a89d1f4dc40d8bc5bf49ec3b02cc0099fe9a2ab08b232,2021-10,Staffordshire Police,Staffordshire Police,-2.134613,53.028400,On or near Hospital,E01014212,Stoke-on-Trent 012C,Unable to prosecute suspect
66784b905b23016297b5bd9ad13908d0185e8ec191fc7939358956e48a4c66bf,2021-10,Staffordshire Police,Staffordshire Police,-2.133318,53.024429,On or near DORSET CLOSE,E01014225,Stoke-on-Trent 014C,Investigation complete; no suspect identified
631bb5fc46eee17c8dc2b6fbb89969a3a88b265d90e0bcfceadb7c506998f4af,2021-10,Staffordshire Police,Staffordshire Police,-2.056428,52.643716,On or near M6,E01029635,South Staffordshire 007D,Further investigation is not in the public interest
6150554b6931e90f0e9a836b67ce251b7232ecbb76393dcf7b02baefa016494e,2021-10,Staffordshire Police,Staffordshire Police,-2.120103,53.032938,On or near EAVES LANE,E01029819,Staffordshire Moorlands 009E,Unable to prosecute suspect
1aa3687213a0eccc9b587c07a1cbdfdf7c1b6926ca8f10c8338ddf5cb6b92a84,2021-10,Staffordshire Police,Staffordshire Police,-2.128456,53.013629,On or near Supermarket,E01014222,Stoke-on-Trent 017C,Formal action is not in the public interest
7633d820868d1f8ada2accf2b6b4ca4fd1e4c276b8af63697de3f7bc2eceeda3,2021-10,Staffordshire Police,Staffordshire Police,-2.182463,53.018538,On or near WOOD TERRACE,E01014287,Stoke-on-Trent 015D,Investigation complete; no suspect identified
232469d5f889a7ad41b651cf0731d60af68a1b807d5e7b555285564dc75affe4,2021-10,Staffordshire Police,Staffordshire Police,-2.150804,52.972684,On or near HINTON CLOSE,E01014235,Stoke-on-Trent 032A,Unable to prosecute suspect
3cc1428ffcb5c670590381c07021f5d0a080d8925b0cb67b984feda578687413,2021-10,Staffordshire Police,Staffordshire Police,-2.100224,52.814004,On or near TRENCHARD AVENUE,E01029693,Stafford 009B,Suspect charged
3cc1428ffcb5c670590381c07021f5d0a080d8925b0cb67b984feda578687413,2021-10,Staffordshire Police,Staffordshire Police,-2.100224,52.814004,On or near TRENCHARD AVENUE,E01029693,Stafford 009B,Suspect charged
b96103a58175ea99fe4642582c4b5626a3b8efe9d1d56c495a27fce6f8a1e2e5,2021-10,Staffordshire Police,Staffordshire Police,-2.189574,53.073046,On or near HESKIN WAY,E01014260,Stoke-on-Trent 001D,Investigation complete; no suspect identified
7ebb2ee494e81941dc84c34766ff6a8eced9ea97cc002bbb16796377404ab021,2021-10,Staffordshire Police,Staffordshire Police,-2.049851,52.734569,On or near Parking Area,E01029656,South Staffordshire 001B,Unable to prosecute suspect
ee97b2eb44db0dc83ab26de6d97fab118b2c908da346541e05aa2b0fb8746cb6,2021-10,Staffordshire Police,Staffordshire Police,-2.005938,52.715359,On or near MAVIS ROAD,E01029387,Cannock Chase 005C,Unable to prosecute suspect
e70813668bca9eb65ebba7873781d28dbddbf09d519cf7b89787e4ae189ab834,2021-10,Staffordshire Police,Staffordshire Police,-2.260655,53.071410,On or near HURST CLOSE,E01029597,Newcastle-under-Lyme 003F,Unable to prosecute suspect
d21c9456fd2a5299d34cd9eff0893f7fccb3f4f24cbe025cc671877005b3aced,2021-10,Staffordshire Police,Staffordshire Police,-2.150804,52.972684,On or near HINTON CLOSE,E01014235,Stoke-on-Trent 032A,Unable to prosecute suspect
49b72640c0b5bd5b73f04a33b3427a08e9d888232e5f330c720ccd2d3aba55d5,2021-10,Staffordshire Police,Staffordshire Police,-2.182463,53.018538,On or near WOOD TERRACE,E01014287,Stoke-on-Trent 015D,Unable to prosecute suspect
83b48513cfc11524ce57fa8a56544e04283aa61dd61fd7b75942679b75004c8e,2021-10,Staffordshire Police,Staffordshire Police,-2.161427,53.002047,On or near ADRIAN STREET,E01014275,Stoke-on-Trent 020B,Local resolution
6612c49fd08c656b36bfb45074d0637127ba5dacb8708b569579ebd8c157d806,2021-10,Staffordshire Police,Staffordshire Police,-2.113438,52.806198,On or near Police Station,E01029701,Stafford 010E,Investigation complete; no suspect identified
fbb415c17eb9c8004c08a445b40fc3e70d37a9f3eec326ea2310c946ac1eeaca,2021-10,Staffordshire Police,Staffordshire Police,-2.107509,52.813998,On or near PROSPECT ROAD,E01029725,Stafford 009D,Unable to prosecute suspect
2d1fca9b584335cb6d1da5fb505d91d6b1b9a3cc380892eae1c7a01889f07e89,2021-10,Staffordshire Police,Staffordshire Police,-2.170145,53.040122,On or near Supermarket,E01014253,Stoke-on-Trent 011B,Investigation complete; no suspect identified
e36565c9314d061d36a494138b709471a92246b03b4d9b6fd433a993e67f875b,2021-10,Staffordshire Police,Staffordshire Police,-2.113438,52.806198,On or near Police Station,E01029701,Stafford 010E,Investigation complete; no suspect identified
16e1b8cf8bc5c8a005dd94d8a96f13b0f95f1421ee02b1a04b8e819cc444b9d0,2021-10,Staffordshire Police,Staffordshire Police,-2.212114,53.025033,On or near CROMER STREET,E01029611,Newcastle-under-Lyme 008E,Formal action is not in the public interest
387a4e2733f880d3d91ef871681a317f0ca181527227fc4b750262cba6a9dc88,2021-10,Staffordshire Police,Staffordshire Police,-2.166296,53.035965,On or near CHORLTON ROAD,E01014323,Stoke-on-Trent 013A,Investigation complete; no suspect identified
9589bc44a20e55f1df095e45ea6c5d5897308b1c0d6f7637e8f1b2123ab34ace,2021-10,Staffordshire Police,Staffordshire Police,-1.648318,52.818884,On or near FLATTS CLOSE,E01029435,East Staffordshire 007B,Unable to prosecute suspect
6970eabadda78e9e7581552f88c753e4be17132e2f105b35a63e62e678902348,2021-10,Staffordshire Police,Staffordshire Police,-2.215415,53.064948,On or near HARDY STREET,E01014361,Stoke-on-Trent 005D,Local resolution
391b728128e873e981bb70d63ab2672efdfa8f668d214052f37c5aae829b5d3d,2021-10,Staffordshire Police,Staffordshire Police,,,No location,,,Unable to prosecute suspect
2db899468ce637c522b6ce96a98e103ce0356ca545f292869485df802653c469,2021-10,Staffordshire Police,Staffordshire Police,-2.301914,53.042449,On or near STATION ROAD,E01029556,Newcastle-under-Lyme 005E,Unable to prosecute suspect
0c6baae46900454bb628a9c8ef8fc7f303cf48be680b948d9214c411476ced0f,2021-10,Staffordshire Police,Staffordshire Police,-2.065108,53.081935,On or near DENFORD ROAD,E01029802,Staffordshire Moorlands 002D,Offender given a caution
b1219c741a3b40d9fa99728373272bcac3e19e04ad7c354c80972719e16c6f8c,2021-10,Staffordshire Police,Staffordshire Police,-2.174396,53.025418,On or near Shopping Area,E01014287,Stoke-on-Trent 015D,Unable to prosecute suspect
b95568a12fdda9f5f6b8caa96ebb477edbd2a5e499a120165712f3e2b39158db,2021-10,Staffordshire Police,Staffordshire Police,-2.268363,53.014996,On or near Bus/Coach Station,E01029594,Newcastle-under-Lyme 012C,Unable to prosecute suspect
4d6fcaf02e85f4a52c13ff2698b9a54f75ddbc528034d37594fa2a495b4cb34e,2021-10,Staffordshire Police,Staffordshire Police,-1.626571,52.783516,On or near BIRCHFIELD ROAD,E01029453,East Staffordshire 014E,Suspect charged
34d6a02627eb9c3b68a36cc3ef451ed0ac179c0b84cb8cec29b81fc76c73e747,2021-10,Staffordshire Police,Staffordshire Police,-2.178736,52.555998,On or near SPRINGHILL PARK,E01029672,South Staffordshire 013C,Investigation complete; no suspect identified
72f08ff4112997ad8dc76940bd43524cc4e42b92d416243c6a39baf48d0bd611,2021-10,Staffordshire Police,Staffordshire Police,-2.207720,53.059829,On or near PARK TERRACE,E01014355,Stoke-on-Trent 005B,Suspect charged
347315a644eca537152fee25b0dccb0f34302987e7e3253176f0c199846dfc42,2021-10,Staffordshire Police,Staffordshire Police,-1.642453,52.833753,On or near ATHLESTAN WAY,E01029454,East Staffordshire 005A,Suspect charged
347315a644eca537152fee25b0dccb0f34302987e7e3253176f0c199846dfc42,2021-10,Staffordshire Police,Staffordshire Police,-1.642453,52.833753,On or near ATHLESTAN WAY,E01029454,East Staffordshire 005A,Suspect charged
b84213116b86b180ab78dc2b1569c578e684775afa0484654d7dea5035b0558f,2021-10,Staffordshire Police,Staffordshire Police,-2.212426,53.015648,On or near KINGS TERRACE,E01014288,Stoke-on-Trent 018A,Suspect charged
b84213116b86b180ab78dc2b1569c578e684775afa0484654d7dea5035b0558f,2021-10,Staffordshire Police,Staffordshire Police,-2.212426,53.015648,On or near KINGS TERRACE,E01014288,Stoke-on-Trent 018A,Suspect charged
b84213116b86b180ab78dc2b1569c578e684775afa0484654d7dea5035b0558f,2021-10,Staffordshire Police,Staffordshire Police,-2.212426,53.015648,On or near KINGS TERRACE,E01014288,Stoke-on-Trent 018A,Suspect charged
b84213116b86b180ab78dc2b1569c578e684775afa0484654d7dea5035b0558f,2021-10,Staffordshire Police,Staffordshire Police,-2.212426,53.015648,On or near KINGS TERRACE,E01014288,Stoke-on-Trent 018A,Suspect charged
d799b97e16bbc1fa541dda11a8df6f6ed27a19eb78fe593d5be30e3e91a84280,2021-10,Staffordshire Police,Staffordshire Police,-2.211470,53.030410,On or near GRANGE LANE,E01029611,Newcastle-under-Lyme 008E,Investigation complete; no suspect identified
422c8e8e58acdacd2320ece3a625314c97277e87fc050e59b68faee3d95ebc53,2021-10,Staffordshire Police,Staffordshire Police,-2.127500,52.820972,On or near CHARLES COTTON STREET,E01029720,Stafford 007B,Unable to prosecute suspect
25a98bf4da7cb7bb478326d82ceb33032d0edd20f0a7082f7220fbe8a08bc0c5,2021-10,Staffordshire Police,Staffordshire Police,-2.028808,52.647853,On or near STRAWBERRY LANE,E01029639,South Staffordshire 005B,Investigation complete; no suspect identified
e2a93373be00c86f482280885b832e398f415a24c0a436e0b0ef6b1832d4effe,2021-10,Staffordshire Police,Staffordshire Police,-2.159910,53.059148,On or near MEERE CLOSE,E01014332,Stoke-on-Trent 004B,Unable to prosecute suspect
026f7425b098a6482362af94617b3a17bfdf176a33fa9f35efcf9be085e2c642,2021-10,Staffordshire Police,Staffordshire Police,-2.104238,52.977795,On or near UTTOXETER ROAD,E01014316,Stoke-on-Trent 031C,Suspect charged
ba6b00c031de608391b004096be6cf3b0dacb02fa9490063f022300cce725444,2021-10,Staffordshire Police,Staffordshire Police,-1.877387,52.588191,On or near GRASMERE AVENUE,E01029514,Lichfield 011B,Unable to prosecute suspect
369714c132d85c2f8b4383d4625657161f0881ded36664fc15bb1ba2b696b147,2021-10,Staffordshire Police,Staffordshire Police,-2.186063,53.003089,On or near LONDON ROAD,E01014345,Stoke-on-Trent 019E,Suspect charged
55c266e60fcfbf646d5034b17563e6a429874aaca1c7d6e47b5db1f853cf665a,2021-10,Staffordshire Police,Staffordshire Police,-1.877387,52.588191,On or near GRASMERE AVENUE,E01029514,Lichfield 011B,Unable to prosecute suspect
d4490c2c002000a08ab87d39ddd21496dd920492974bfd64eff8bcf08da3ed19,2021-10,Staffordshire Police,Staffordshire Police,-2.104685,52.805811,On or near WEST CLOSE,E01029725,Stafford 009D,Unable to prosecute suspect
0363c7a8b0b02b862345baeb4ce8cf95af195f98fee83a7b218434561cf4889b,2021-10,Staffordshire Police,Staffordshire Police,-2.026482,52.686581,On or near Supermarket,E01029360,Cannock Chase 012B,Unable to prosecute suspect
89948ef13b867cbdcd211dea4193ec00ea53a00303e0f9d51938131c8cc720c8,2021-10,Staffordshire Police,Staffordshire Police,-2.201111,52.626856,On or near Petrol Station,E01029630,South Staffordshire 009D,Further investigation is not in the public interest
ed95b8d610b9755ebf39a7685b91524dad20e2934cf73efcd0914809704bd285,2021-10,Staffordshire Police,Staffordshire Police,-2.101542,52.799961,On or near ST LEONARD'S AVENUE,E01029699,Stafford 010D,Unable to prosecute suspect
a38ccd7582293ab847c897b037bc996ba886b3e9b612f22c82218a5552a45498,2021-10,Staffordshire Police,Staffordshire Police,-2.128795,52.997583,On or near MOSSLAND ROAD,E01014298,Stoke-on-Trent 022B,Unable to prosecute suspect
dc9765c9f980b5429c733203bd46ede167f3eee59a07ee45148ce63428c221f9,2021-10,Staffordshire Police,Staffordshire Police,-2.188195,53.030755,On or near BROMLEY STREET,E01014254,Stoke-on-Trent 011C,Unable to prosecute suspect
517567c730cecd69c95f4c2408d00df01830e57173163f87268c236c3dcf0e4c,2021-10,Staffordshire Police,Staffordshire Police,-2.118131,52.802607,On or near Sports/Recreation Area,E01029701,Stafford 010E,Unable to prosecute suspect
57caeb3813d9d069b54c682e911a4245fe553b808ba5a9e16253ce248e543104,2021-10,Staffordshire Police,Staffordshire Police,-2.169850,53.018045,On or near IMPERIAL COURT,E01014231,Stoke-on-Trent 016B,Unable to prosecute suspect
b24d177c9b7833333ffcf8b6253d891d4940788ed22339264438a3d3e082620a,2021-10,Staffordshire Police,Staffordshire Police,-2.000150,52.710883,On or near Parking Area,E01029389,Cannock Chase 005D,Formal action is not in the public interest
75568ac10e3193553bc1120221f237596dea63c6c2b40e305def162fef12bc44,2021-10,Staffordshire Police,Staffordshire Police,-2.090807,52.978894,On or near DENEWOOD PLACE,E01014367,Stoke-on-Trent 028C,Unable to prosecute suspect
6231c9d9032e20add6177994ae3da01355ffdb2e9a7021889e12e42faef43f93,2021-10,Staffordshire Police,Staffordshire Police,-2.209317,53.044706,On or near AITKEN STREET,E01014250,Stoke-on-Trent 009B,Unable to prosecute suspect
8a26aa4213ccd4c667c4d41c50cf3dffa0dac3e9fa9fb53e81a29674fc38a8ee,2021-10,Staffordshire Police,Staffordshire Police,-2.209317,53.044706,On or near AITKEN STREET,E01014250,Stoke-on-Trent 009B,Unable to prosecute suspect
36c5d2919148fe0ccf4b212a935ae039e38487aa46f0917f3fb5095da08c1ffa,2021-10,Staffordshire Police,Staffordshire Police,-2.193254,53.064905,On or near GOWAN AVENUE,E01014242,Stoke-on-Trent 006B,Formal action is not in the public interest
8d9bcd82c3020c30c9dbfaea72e00fb899b5e181352de18e079e8a8e4437af88,2021-10,Staffordshire Police,Staffordshire Police,-2.109623,52.822536,On or near TENBY DRIVE,E01029690,Stafford 006A,Offender given a caution
9476d02118e1bcb26c95bb1bad04dbba3a9899f02a852e35e2e98f9ea6dfa82b,2021-10,Staffordshire Police,Staffordshire Police,-2.216338,53.061665,On or near HAWES STREET,E01014354,Stoke-on-Trent 005A,Suspect charged
9f0e13f85c28e6695d475bc37b266e56465fc6cfcf603c0b81f4fd1b07a237a4,2021-10,Staffordshire Police,Staffordshire Police,-2.125444,53.013336,On or near RAYLEIGH WAY,E01014222,Stoke-on-Trent 017C,Formal action is not in the public interest
4c5a224c565f8350d2ab6fe9ffcf15f8341b2f3e12f1c529ddc3f1f39308a428,2021-10,Staffordshire Police,Staffordshire Police,-2.193254,53.064905,On or near GOWAN AVENUE,E01014242,Stoke-on-Trent 006B,Formal action is not in the public interest
4ce78f7e6e13e9b92ee57ff9cadf20695afad1010e765ab65c11356e4f4a199d,2021-10,Staffordshire Police,Staffordshire Police,-2.211415,53.016270,On or near ETRURIA ROAD,E01029580,Newcastle-under-Lyme 009C,Further investigation is not in the public interest
3114ec548b37bda8b2c6911035f701fa583e7ff646801b8fd0b5b0c92b75f928,2021-10,Staffordshire Police,Staffordshire Police,-2.156215,53.044051,On or near REPINGTON ROAD,E01014269,Stoke-on-Trent 010A,Local resolution
3114ec548b37bda8b2c6911035f701fa583e7ff646801b8fd0b5b0c92b75f928,2021-10,Staffordshire Police,Staffordshire Police,-2.156215,53.044051,On or near REPINGTON ROAD,E01014269,Stoke-on-Trent 010A,Local resolution
418c3fc5aed9f6fed9e0ec358462bb50c52aa97c311baf7139f30ed5410b5b94,2021-10,Staffordshire Police,Staffordshire Police,,,No location,,,Action to be taken by another organisation
e9f8fbb5769f5d03a25c1efa734d680414bf72cbebc14506459ef66fd30b1436,2021-10,Staffordshire Police,Staffordshire Police,-2.137260,53.040299,On or near ABBOTS ROAD,E01014217,Stoke-on-Trent 012E,Investigation complete; no suspect identified
1204196baecae5c824f396afed8a3f7d63c55818e23095f534c8a42283ea7288,2021-10,Staffordshire Police,Staffordshire Police,-2.104685,52.805811,On or near WEST CLOSE,E01029725,Stafford 009D,Further investigation is not in the public interest
fb8ac8fd4881f7d5a68aeef05ecd725e26fc6d7f8928d4982a32d0fea1c820d8,2021-10,Staffordshire Police,Staffordshire Police,-2.104685,52.805811,On or near WEST CLOSE,E01029725,Stafford 009D,Further investigation is not in the public interest
5c3a1d0fce9def5a2eca1539d01de361d2fe0009c9ec8283b305b56a21cbed5f,2021-10,Staffordshire Police,Staffordshire Police,-2.263670,53.069085,On or near PIT LANE,E01029596,Newcastle-under-Lyme 004E,Investigation complete; no suspect identified
5ad267b734e98990519c90cdce5d70a9b63d2ec92933794a652f50855b4f9976,2021-10,Staffordshire Police,Staffordshire Police,-1.602939,52.797993,On or near BEST AVENUE,E01029418,East Staffordshire 012A,Suspect charged
31dc0a9df0cfed2d04539f0e06a90413c207b84f3e99af8594bd2b6395db9cec,2021-10,Staffordshire Police,Staffordshire Police,-2.190901,53.035560,On or near BARRETT CRESCENT,E01014255,Stoke-on-Trent 009E,Investigation complete; no suspect identified
2dce344c2e9a0afbca5dea513499a74b85073e50295bc7b78bedebf4a64fef0e,2021-10,Staffordshire Police,Staffordshire Police,-2.134232,52.987473,On or near Bus/Coach Station,E01014302,Stoke-on-Trent 022D,Unable to prosecute suspect
46369b63df266dbafb494aebaa3290da4d9c4ef2754048380c9307244571fcd6,2021-10,Staffordshire Police,Staffordshire Police,-1.701263,52.645098,On or near MILTON AVENUE,E01029849,Tamworth 002C,Unable to prosecute suspect
c4a6d4e20b0b070fad752c8d103cd5cb1b8c5962eb9890deb6e2e0edbcb8cd5a,2021-10,Staffordshire Police,Staffordshire Police,-2.189162,53.070899,On or near ECCLESTON PLACE,E01014262,Stoke-on-Trent 003B,Offender given a caution
2f932d02141155db907811610d56fe042cbfbaf0a8bcec4d4effda0fa7dc3a46,2021-10,Staffordshire Police,Staffordshire Police,-2.214916,53.063681,On or near BOND STREET,E01014361,Stoke-on-Trent 005D,Formal action is not in the public interest
2f932d02141155db907811610d56fe042cbfbaf0a8bcec4d4effda0fa7dc3a46,2021-10,Staffordshire Police,Staffordshire Police,-2.214916,53.063681,On or near BOND STREET,E01014361,Stoke-on-Trent 005D,Formal action is not in the public interest
fc547dbf3eb71bc7e598006470a18a7b8ee2fbfd0e25573693733e7611c6a9ad,2021-10,Staffordshire Police,Staffordshire Police,-1.676839,52.618101,On or near MEDWAY,E01029828,Tamworth 006D,Suspect charged
aa4c01994423ddfe1b91bfde60e681839fb3315e8911712514837fb8125869ba,2021-10,Staffordshire Police,Staffordshire Police,-2.178264,53.048694,On or near A5272,E01014266,Stoke-on-Trent 008B,Unable to prosecute suspect
3c5b6ac74a16ddc809db6e5c6e4e3a3f1c04c3895dd16842e3bb428178130876,2021-10,Staffordshire Police,Staffordshire Police,-1.652391,52.614750,On or near HOLWICK,E01029856,Tamworth 008B,Formal action is not in the public interest
663286f74be68a838d90991f0adcc73abe6d8fd0097426a84dc9e9b26ee414bd,2021-10,Staffordshire Police,Staffordshire Police,-2.116625,52.987636,On or near FARNWORTH ROAD,E01014303,Stoke-on-Trent 025C,Unable to prosecute suspect
fd7076a91f721c12c1f376f048da7aef56554a9752355536c74d8d00df6db0d7,2021-10,Staffordshire Police,Staffordshire Police,-1.642454,52.806578,On or near BOROUGH ROAD,E01029445,East Staffordshire 009A,Action to be taken by another organisation
c8881cb5bf3c610dbbc133fa34a6d6a112b4f9e17c93893aaec6c6be60604666,2021-10,Staffordshire Police,Staffordshire Police,-2.244820,53.005725,On or near ROTHESAY AVENUE,E01029599,Newcastle-under-Lyme 010F,Further action is not in the public interest
5f845c6f34f1095d9aa20a99cbe2fbaf93fea81f722ccae18cbb251a04346aa5,2021-10,Staffordshire Police,Staffordshire Police,-2.186748,53.006316,On or near VALE STREET,E01014293,Stoke-on-Trent 019A,Unable to prosecute suspect
3276b2d5232c8a37c5bdc17b6c8aa196a819a9f29444b5d938647226bef82809,2021-10,Staffordshire Police,Staffordshire Police,-2.144623,53.038879,On or near FISHPOND WAY,E01014210,Stoke-on-Trent 012A,Unable to prosecute suspect
38e8672c8797c1309d0eedcd1852dacaef1bb5ab35e46584e146671d70a747f2,2021-10,Staffordshire Police,Staffordshire Police,-1.648785,52.808772,On or near ST PAUL'S STREET WEST,E01029448,East Staffordshire 009D,Suspect charged
405124eb745b2b121a8cb8e37732947727da581ac918fd3fbdba7aae031f2fee,2021-10,Staffordshire Police,Staffordshire Police,-2.144623,53.038879,On or near FISHPOND WAY,E01014210,Stoke-on-Trent 012A,Unable to prosecute suspect
6b290e90ce417e884d9faf1de6411527b3f6002e07749e005a6bcfc739cb6cc5,2021-10,Staffordshire Police,Staffordshire Police,-2.091441,52.807053,On or near AVON RISE,E01029723,Stafford 011C,Unable to prosecute suspect
7faefb47dd374c849d5653b28ef6058c3c14fd46f90f49c5530a1c325a794490,2021-10,Staffordshire Police,Staffordshire Police,-2.150935,52.894945,On or near Supermarket,E01029753,Stafford 003E,Investigation complete; no suspect identified
1156628cdfadd38034295372268621bd495a18af74fd29856c39dfb580def159,2021-10,Staffordshire Police,Staffordshire Police,-1.685250,52.606895,On or near BAMBURGH,E01029864,Tamworth 009E,Unable to prosecute suspect
c9d94a991f43defc2ac8c26da2d1e3e5faf706866fd2398a4c771322e64b70ff,2021-10,Staffordshire Police,Staffordshire Police,-2.244820,53.005725,On or near ROTHESAY AVENUE,E01029599,Newcastle-under-Lyme 010F,Investigation complete; no suspect identified
0f8d5d7020d68dc6534b751506b6a2d04d0ecb2bbfb418da99bbe44a4b92bf12,2021-10,Staffordshire Police,Staffordshire Police,-2.143832,52.823605,On or near LAPLEY AVENUE,E01029751,Stafford 006D,Unable to prosecute suspect
8b1d6c8c287e5a3b613cd07d392377a05bbe0447de5a3967c3ed1db8b498e217,2021-10,Staffordshire Police,Staffordshire Police,-2.148673,52.902750,On or near Supermarket,E01029745,Stafford 003C,Unable to prosecute suspect
eb00718d8362311aee132662055c1af611aa607af12be1f427036a9b83a9740f,2021-10,Staffordshire Police,Staffordshire Police,-2.239067,53.081119,On or near KEATS GARDENS,E01029586,Newcastle-under-Lyme 001E,Further action is not in the public interest
7b58c30fa23c67572b0524ed5c87f7984f6fd464a407592e3781aa5661adbfaa,2021-10,Staffordshire Police,Staffordshire Police,-2.256359,52.787637,On or near ANCHOR WAY,E01029707,Stafford 015C,Unable to prosecute suspect
71367432a56b4f40cf59304a15747a6c8ae1f70407cdb4a193e1062537c89046,2021-10,Staffordshire Police,Staffordshire Police,-2.186060,52.537234,On or near Petrol Station,E01029671,South Staffordshire 012A,Unable to prosecute suspect
4d929af5c2430b6b7d5072a94073e4d22e9f8c192ab8a77d14e7824d7e6ec010,2021-10,Staffordshire Police,Staffordshire Police,-2.045269,53.068497,On or near HOLLOW LANE,E01029793,Staffordshire Moorlands 006B,Investigation complete; no suspect identified
0e79aa187fe8900346257297bf28b2ba431098e1a26e2e49c9201c9ed0924195,2021-10,Staffordshire Police,Staffordshire Police,-1.612190,52.805099,On or near ASHLEY CLOSE,E01029471,East Staffordshire 010D,Formal action is not in the public interest
04c4b5488832612dc323dccf6a4c8447af2e41956a05a8626656e7b681a57c64,2021-10,Staffordshire Police,Staffordshire Police,-1.930339,52.686779,On or near COPPICE CLOSE,E01029487,Lichfield 006A,Unable to prosecute suspect
04c4b5488832612dc323dccf6a4c8447af2e41956a05a8626656e7b681a57c64,2021-10,Staffordshire Police,Staffordshire Police,-1.930339,52.686779,On or near COPPICE CLOSE,E01029487,Lichfield 006A,Unable to prosecute suspect
251678ff064712b62466f9cc14927a46f439ff462959a6c48ef3baf969b0ab62,2021-10,Staffordshire Police,Staffordshire Police,-2.185143,52.539969,On or near MEADOW LANE,E01029673,South Staffordshire 012B,Investigation complete; no suspect identified
5bdf16e3c5ee91b490474fdc3c2319a726ce216add44b18545084bf7ebc03bae,2021-10,Staffordshire Police,Staffordshire Police,-2.133464,52.979905,On or near KILDARE STREET,E01014309,Stoke-on-Trent 027B,Unable to prosecute suspect
8fd9451cfbdc29278b8d3e15bc315a9be57eead67d10a8043e5659c37416fba7,2021-10,Staffordshire Police,Staffordshire Police,-2.120535,52.813724,On or near FRIAR STREET,E01029691,Stafford 010B,Unable to prosecute suspect
8fd9451cfbdc29278b8d3e15bc315a9be57eead67d10a8043e5659c37416fba7,2021-10,Staffordshire Police,Staffordshire Police,-2.120535,52.813724,On or near FRIAR STREET,E01029691,Stafford 010B,Unable to prosecute suspect
b5c9af38ac16eb918959dba6cce396c10d15eb84c0c68dfad8f95ff5f1d68e90,2021-10,Staffordshire Police,Staffordshire Police,-2.133464,52.979905,On or near KILDARE STREET,E01014309,Stoke-on-Trent 027B,Suspect charged
b5c9af38ac16eb918959dba6cce396c10d15eb84c0c68dfad8f95ff5f1d68e90,2021-10,Staffordshire Police,Staffordshire Police,-2.133464,52.979905,On or near KILDARE STREET,E01014309,Stoke-on-Trent 027B,Suspect charged
b5c9af38ac16eb918959dba6cce396c10d15eb84c0c68dfad8f95ff5f1d68e90,2021-10,Staffordshire Police,Staffordshire Police,-2.133464,52.979905,On or near KILDARE STREET,E01014309,Stoke-on-Trent 027B,Suspect charged
b1d0a79ef3ebb56c669c0342a4248057734187fbd597776e25df558446d92632,2021-10,Staffordshire Police,Staffordshire Police,-2.202269,52.538376,On or near HELLIER DRIVE,E01029674,South Staffordshire 013D,Further investigation is not in the public interest
1eaaca34bfba559c9e3583e53e476e4ff36a6667fea26db1f824e74b0f621081,2021-10,Staffordshire Police,Staffordshire Police,-2.105617,52.651791,On or near STUART MICHEAL WAY,E01029637,South Staffordshire 006D,Unable to prosecute suspect
ac6dc4fece01987a45c33ea862dbef329c30611a539395e99866d613e0961e9d,2021-10,Staffordshire Police,Staffordshire Police,-2.243233,53.089246,On or near WHITEHALL AVENUE,E01029564,Newcastle-under-Lyme 002C,Unable to prosecute suspect
45de279a76edb5af5b35ab311c0cfe1bdef740da548f0c4c6d820fa03e34e39f,2021-10,Staffordshire Police,Staffordshire Police,-2.118456,52.813187,On or near LLOYD STREET,E01029701,Stafford 010E,Further action is not in the public interest
64e1781454fd942c76afbc1a7c2f281368aed3999d571ea72e8ea5fa7c924615,2021-10,Staffordshire Police,Staffordshire Police,-2.157376,53.043618,On or near BAGOT GROVE,E01014269,Stoke-on-Trent 010A,Suspect charged
a1b8bac20f2d5e40e2cbd8ab88ff68d62493ab8f3fd2575294687089b30e0def,2021-10,Staffordshire Police,Staffordshire Police,-2.208688,52.527272,On or near B4176,E01029680,South Staffordshire 012E,Unable to prosecute suspect
c3e02269a7de82313009b78dde88c36f62c4b50f393f5d6efe270d8187d33473,2021-10,Staffordshire Police,Staffordshire Police,-1.985984,52.994866,On or near FROGHALL ROAD,E01029782,Staffordshire Moorlands 010B,Suspect charged
e60198fd941aa81ea46bd979aef8dc9eb818fe4bdb5dfa565931ad4c4e863a81,2021-10,Staffordshire Police,Staffordshire Police,-2.226915,53.010003,On or near FRIARS' STREET,E01029604,Newcastle-under-Lyme 011E,Formal action is not in the public interest
edaefaef87ae9d46cbf113af33af30db7d6f4091313508fbc57935178c523812,2021-10,Staffordshire Police,Staffordshire Police,-2.228187,52.996894,On or near NEWLANDS CLOSE,E01029607,Newcastle-under-Lyme 014F,Further investigation is not in the public interest
0eac10fa35ea17e442978f89893e50ec856210c1439e154a89ecec763db39f1c,2021-10,Staffordshire Police,Staffordshire Police,-1.984479,52.952454,On or near SAPLING RISE,E01029791,Staffordshire Moorlands 013E,Unable to prosecute suspect
03cc2183ec623b27e6016162091a635e52a4ce3c12e5aa2b7529047cd224dfa3,2021-10,Staffordshire Police,Staffordshire Police,-2.120533,52.689902,On or near CROFT LANE,E01029658,South Staffordshire 001D,Offender given a caution
a8f22d272b746a400c4ba282d7fdbec4da8c5cad9d669cdecf57ebddf6bfd606,2021-10,Staffordshire Police,Staffordshire Police,-2.187251,53.050245,On or near MINSTER STREET,E01014247,Stoke-on-Trent 009A,Unable to prosecute suspect
57526a0a44eaf0bfd83d0aa6011acb6ad17e7e321b8be1f34bfbe153eb7bf6df,2021-10,Staffordshire Police,Staffordshire Police,-2.077235,52.876695,On or near B5066,E01029733,Stafford 004A,Investigation complete; no suspect identified
51ab9036b57ea1fc8beacd3f6e4d31b085f3a1633d877ed01282e0ef5cc0fd4d,2021-10,Staffordshire Police,Staffordshire Police,-1.649351,52.819498,On or near ADDIE ROAD,E01029435,East Staffordshire 007B,Unable to prosecute suspect
849ae3a983cf85ad24b666e8c8e94439e4b8a64ed56a4cf6ca02a680f010fa74,2021-10,Staffordshire Police,Staffordshire Police,-2.230201,52.452507,On or near CASTLE STREET,E01029649,South Staffordshire 014A,Investigation complete; no suspect identified
071a6862dc26b111aa14396e1e2bfe026bb5b0eaf7d56edcd20936c2d175f4f4,2021-10,Staffordshire Police,Staffordshire Police,-1.709481,52.763287,On or near Park/Open Space,E01029441,East Staffordshire 015C,Investigation complete; no suspect identified
55ef536898f46ceeff86d9a0331152b19b6551c25877482adaa4741827a18f00,2021-10,Staffordshire Police,Staffordshire Police,-2.195035,52.592849,On or near TINTAGEL CLOSE,E01029662,South Staffordshire 011A,Investigation complete; no suspect identified
bd9a284d36d2923f386f94a230ae11db76211db45aad86113fadbb86c4bf6381,2021-10,Staffordshire Police,Staffordshire Police,,,No location,,,Unable to prosecute suspect
bfba1ee7bafa4e4d205937658c321728f41b36f96966c26af3f0e378a01a79e9,2021-10,Staffordshire Police,Staffordshire Police,-2.157376,53.043618,On or near BAGOT GROVE,E01014269,Stoke-on-Trent 010A,Suspect charged
bfba1ee7bafa4e4d205937658c321728f41b36f96966c26af3f0e378a01a79e9,2021-10,Staffordshire Police,Staffordshire Police,-2.157376,53.043618,On or near BAGOT GROVE,E01014269,Stoke-on-Trent 010A,Suspect charged
bb57e146d2aeb852a2a9a1f04b7b6552f6169495e506def88e746ddddabdd655,2021-10,Staffordshire Police,Staffordshire Police,-1.648705,52.814984,On or near PAVILION GROVE,E01029446,East Staffordshire 009B,Suspect charged
bb57e146d2aeb852a2a9a1f04b7b6552f6169495e506def88e746ddddabdd655,2021-10,Staffordshire Police,Staffordshire Police,-1.648705,52.814984,On or near PAVILION GROVE,E01029446,East Staffordshire 009B,Suspect charged
bb57e146d2aeb852a2a9a1f04b7b6552f6169495e506def88e746ddddabdd655,2021-10,Staffordshire Police,Staffordshire Police,-1.648705,52.814984,On or near PAVILION GROVE,E01029446,East Staffordshire 009B,Suspect charged
0bb24b41217b62cc5e0137c077d31fe31d0c0553dfb143dee5f315d6d4526bf4,2021-10,Staffordshire Police,Staffordshire Police,-1.635822,52.813785,On or near Supermarket,E01029426,East Staffordshire 008A,Unable to prosecute suspect
ae9e4502102f0ad37d2716045fb9f3ba674117250ee3bcf34a137d1c6f54fb3e,2021-10,Staffordshire Police,Staffordshire Police,-2.187068,53.039009,On or near ELDER ROAD,E01014249,Stoke-on-Trent 011A,Suspect charged
659caf73b52056daa6767755b90ebf9c2f2157ad1d4b60c5dc2e5d5e05ae6cd2,2021-10,Staffordshire Police,Staffordshire Police,-2.215827,52.714255,On or near Petrol Station,E01029668,South Staffordshire 003C,Unable to prosecute suspect
187f800616f3d7f26ce483d9d8ef8b698e9873a07b0f8aaaac464b651ceabaa5,2021-10,Staffordshire Police,Staffordshire Police,-2.181353,52.536199,On or near Police Station,E01029676,South Staffordshire 012C,Unable to prosecute suspect
9009bfb6e7837d37c8d67a6c7d9702cb86c78c98ec326d1a8b1e0c7f2e1faaa8,2021-10,Staffordshire Police,Staffordshire Police,-1.649351,52.819498,On or near ADDIE ROAD,E01029435,East Staffordshire 007B,Unable to prosecute suspect
0aa46fce7cccbb7c0895ad7b81260dc1f47622ff327f1cdbaae880e35497d826,2021-10,Staffordshire Police,Staffordshire Police,-2.105428,52.977425,On or near PICKFORD PLACE,E01014316,Stoke-on-Trent 031C,Further action is not in the public interest
74bdff268812903f2f412a8294703df315f58c434940c6e9d112248b23804b14,2021-10,Staffordshire Police,Staffordshire Police,-2.209043,52.994278,On or near LEASIDE ROAD,E01014341,Stoke-on-Trent 023B,Unable to prosecute suspect
f22c70dbf3236007edd47d5e5e6aec57e0c90c877cadf182a2cae6ee951a8ead,2021-10,Staffordshire Police,Staffordshire Police,-2.090708,52.995901,On or near LILAC CLOSE,E01014369,Stoke-on-Trent 024D,Unable to prosecute suspect
cde60bae8f60f2e014622578726c2d49535393ba8dd0ee29dc1a3503dcab38c9,2021-10,Staffordshire Police,Staffordshire Police,,,No location,,,Unable to prosecute suspect
fd098cbe4560f40f1af24c7f57ae629bf51a343685969ead54df6dd227944682,2021-10,Staffordshire Police,Staffordshire Police,-2.026038,53.103191,On or near KING STREET,E01029812,Staffordshire Moorlands 005D,Unable to prosecute suspect
8e99ff6352703681329bc6c611cf734210845c04efb7d0e51e15f08a52d380bf,2021-10,Staffordshire Police,Staffordshire Police,-2.128075,52.789490,On or near ST ANDREWS ROAD,E01029717,Stafford 013C,Unable to prosecute suspect
ac33a2b1e42a52d6c9d0541bc4be5ec2e9a965475aad6e6520da7eb622ec0cb8,2021-10,Staffordshire Police,Staffordshire Police,-1.647220,52.804111,On or near SHOBNALL ROAD,E01029448,East Staffordshire 009D,Suspect charged
ac33a2b1e42a52d6c9d0541bc4be5ec2e9a965475aad6e6520da7eb622ec0cb8,2021-10,Staffordshire Police,Staffordshire Police,-1.647220,52.804111,On or near SHOBNALL ROAD,E01029448,East Staffordshire 009D,Suspect charged
aa3a73cb9832dec50ac701c923fab5b81f62624e84c64a629cbe49ffca0de404,2021-10,Staffordshire Police,Staffordshire Police,-2.122251,53.049098,On or near YEW TREE CLOSE,E01014214,Stoke-on-Trent 007A,Investigation complete; no suspect identified
5b09ceefd1b297dce4863e2723706b1717528de5606f942ad77ea8c656e0dc53,2021-10,Staffordshire Police,Staffordshire Police,-2.037694,52.684573,On or near OAKWOODS,E01029365,Cannock Chase 011C,Suspect charged
ec1833e8c8a4bf59c6984ab5fe059ef33f7ce44eedb8666666ef577e5530f74f,2021-10,Staffordshire Police,Staffordshire Police,-2.037694,52.684573,On or near OAKWOODS,E01029365,Cannock Chase 011C,Suspect charged
02ebd6c139108efdd214f9c0106c7c3460f8d016781329cce6b47d8735e0a633,2021-10,Staffordshire Police,Staffordshire Police,-2.146316,52.812203,On or near CONWAY ROAD,E01029752,Stafford 007E,Unable to prosecute suspect
90bb8d39bba0fcfc2dbe1749e567cc81d4bb0acdd56d2c2ac161657ceb10aa39,2021-10,Staffordshire Police,Staffordshire Police,-2.352266,52.921504,On or near BELL ORCHARD,E01029571,Newcastle-under-Lyme 016C,Unable to prosecute suspect
35072581cce0809bf9b256d7f4111e1d0ce0397144e6b08dfe8a1decb70ed3d6,2021-10,Staffordshire Police,Staffordshire Police,-2.037694,52.684573,On or near OAKWOODS,E01029365,Cannock Chase 011C,Suspect charged
bb84c7d7883ee70c1c8daa9bee229ef092e5a15191852c11e2568a2d00288693,2021-10,Staffordshire Police,Staffordshire Police,,,No location,,,Local resolution
5d9642db8100ac150032aa826408437d5ca71df6cd3e8f8dba6fa94cc2b49849,2021-10,Staffordshire Police,Staffordshire Police,-1.933573,52.670744,On or near Parking Area,E01029497,Lichfield 006E,Suspect charged
06e8e1a67c40a57ed1c4c16841ddc1ed1f5f6928e560aa032abe52a2d7469898,2021-10,Staffordshire Police,Staffordshire Police,-2.239525,53.088318,On or near QUEEN STREET,E01029564,Newcastle-under-Lyme 002C,Investigation complete; no suspect identified
ba4714e2ce219fea761954874d4df92a7f7910d8c748b6bbf65fbc27aeba6772,2021-10,Staffordshire Police,Staffordshire Police,-2.202827,52.936218,On or near FIELD RISE ROAD,E01029749,Stafford 002E,Investigation complete; no suspect identified
960c49d87174eb8e1d21945a66b0753aa4622a2076d8cc5351fd6c80c2e27466,2021-10,Staffordshire Police,Staffordshire Police,-1.933573,52.670744,On or near Parking Area,E01029497,Lichfield 006E,Suspect charged
389f5b6c3be7eb799ba379d276c01815ab6ee96098b137c8bf5ed30d54ca26a7,2021-10,Staffordshire Police,Staffordshire Police,-1.933033,52.753241,On or near NEWMAN GROVE,E01029345,Cannock Chase 003A,Unable to prosecute suspect
ca9fac2c8a2014330e479ade1497433ae09d150a71b50593eb71d866605fd294,2021-10,Staffordshire Police,Staffordshire Police,-2.161606,52.970189,On or near NEWBURY GROVE,E01014237,Stoke-on-Trent 032C,Action to be taken by another organisation
06a2b5384694fd1bcbed721a9d5feb25bbe9f6155f13cf435557ff9e67da1661,2021-10,Staffordshire Police,Staffordshire Police,-1.933573,52.670744,On or near Parking Area,E01029497,Lichfield 006E,Suspect charged
06a2b5384694fd1bcbed721a9d5feb25bbe9f6155f13cf435557ff9e67da1661,2021-10,Staffordshire Police,Staffordshire Police,-1.933573,52.670744,On or near Parking Area,E01029497,Lichfield 006E,Suspect charged
eb99b99a01548bfa81957fb622e8225390cb67b8f9093132918ffc9362c55618,2021-10,Staffordshire Police,Staffordshire Police,-2.248874,53.039435,On or near ALBERT STREET,E01029548,Newcastle-under-Lyme 007B,Unable to prosecute suspect
c5530258b62c140cb6f50e125ec81371c85a555b440bc6bc6ad9f449d12547dd,2021-10,Staffordshire Police,Staffordshire Police,-2.186981,52.538644,On or near HAZEL GROVE,E01029671,South Staffordshire 012A,Suspect charged
5edc90e287ad87ba93d49f35343e546e574e8a16c14850a2a0b31c5bc96b89c0,2021-10,Staffordshire Police,Staffordshire Police,-2.199199,53.020876,On or near ETRURIA OLD ROAD,E01014285,Stoke-on-Trent 015B,Formal action is not in the public interest
5a67cc8823ff4ac59ba73bffc7492e19c88fc8b9fc678e9f56ab62b20109679f,2021-10,Staffordshire Police,Staffordshire Police,-2.207199,53.041492,On or near MORTON STREET,E01014251,Stoke-on-Trent 009C,Unable to prosecute suspect
5a67cc8823ff4ac59ba73bffc7492e19c88fc8b9fc678e9f56ab62b20109679f,2021-10,Staffordshire Police,Staffordshire Police,-2.207199,53.041492,On or near MORTON STREET,E01014251,Stoke-on-Trent 009C,Unable to prosecute suspect
b65b7cdd43fbe1ffa69043b247dc11c20bbd77eecae2bb403a1546f47e7cdab2,2021-10,Staffordshire Police,Staffordshire Police,-2.243746,53.021458,On or near MILE COURT,E01029554,Newcastle-under-Lyme 010B,Unable to prosecute suspect
f46fd6e72ae9e7477a5a699135b44e52fa1ab9892faec56b2cf1ee20c616c23c,2021-10,Staffordshire Police,Staffordshire Police,-2.165290,53.065352,On or near HOLLOWOOD PLACE,E01014336,Stoke-on-Trent 004D,Unable to prosecute suspect
0faefa707e7cbc6ec6c36a2b09e5eed13293b47bce1e70a5a06328ee79ce52e4,2021-10,Staffordshire Police,Staffordshire Police,-2.023489,52.650164,On or near THE HOLLIES,E01029639,South Staffordshire 005B,Investigation complete; no suspect identified
939aca753a57e64f799e63a9cc49e319a1f17bfe6e500542d6046e99996102a7,2021-10,Staffordshire Police,Staffordshire Police,-2.014683,52.660872,On or near LEA LANE,E01029643,South Staffordshire 005D,Unable to prosecute suspect
83dcb9ac4381c46aa3f5f2e0dc383c731460b213c5f00ac68c82c6316532be6f,2021-10,Staffordshire Police,Staffordshire Police,-1.646671,52.806069,On or near WELLINGTON STREET,E01029448,East Staffordshire 009D,Unable to prosecute suspect
61ea6429f85151a38640a6ebf68956ca438cf454eac198051a7be6d3f31cae70,2021-10,Staffordshire Police,Staffordshire Police,,,No location,,,Investigation complete; no suspect identified
8677ad77c2eedd41238e157fa8ae28a43509e26ebaff7fc2bded9829f5f97b1e,2021-10,Staffordshire Police,Staffordshire Police,-2.022107,52.665681,On or near ST MARKS CLOSE,E01029641,South Staffordshire 004F,Further investigation is not in the public interest
1b99fe2a5f099ae36ee59bc8e775b2d05a07d3776bf4bbc0eda5e5511067146b,2021-10,Staffordshire Police,Staffordshire Police,-2.111761,52.788616,On or near LAUREL GROVE,E01029727,Stafford 013D,Unable to prosecute suspect
d43e7d5107e19a3eb7d157e6345dedf01b84a084ced85769d0bb5ba6b7fbc56c,2021-10,Staffordshire Police,Staffordshire Police,-1.934599,52.756523,On or near Parking Area,E01029373,Cannock Chase 002B,Unable to prosecute suspect
2e0170f4ffb3645f05b6273702af570440e1e058042b3687074c7c6657e93fcc,2021-10,Staffordshire Police,Staffordshire Police,-2.188317,53.051735,On or near LAWTON STREET,E01014245,Stoke-on-Trent 006E,Suspect charged
701553a28c9c63aff19dca653e38a78cee659aa6246c650d6c2340ec53215baa,2021-10,Staffordshire Police,Staffordshire Police,-1.649072,52.817313,On or near Sports/Recreation Area,E01029436,East Staffordshire 007C,Suspect charged
600427283ded5a6ac1b5b5f3067bad763db3f4427aafbd8abf786aa900be274b,2021-10,Staffordshire Police,Staffordshire Police,-2.089517,53.024910,On or near HILL VILLAGE ROAD,E01029780,Staffordshire Moorlands 009B,Unable to prosecute suspect
3271f8862cb48dd54a7a4bccf01337c718379b4ee9bba6831d608a6e671873ac,2021-10,Staffordshire Police,Staffordshire Police,-2.186728,52.998234,On or near CORPORATION STREET,E01014340,Stoke-on-Trent 019D,Suspect charged
c51d08daa9feaef3c1100037709c2d3a7dcc75750db70ce8444385a18504f8f2,2021-10,Staffordshire Police,Staffordshire Police,-2.256748,52.521064,On or near MANOR LANE,E01029667,South Staffordshire 013B,Investigation complete; no suspect identified
2f1a8978328b1ce3a26e0847fb5c3b158f3b12259cdd34f9a57a3272711c5c40,2021-10,Staffordshire Police,Staffordshire Police,-1.681949,52.599946,On or near CADOGAN ROAD,E01029861,Tamworth 009B,Action to be taken by another organisation
b6c35a026d3cf1e5d71514d4fbb9954feddc405ab4cac78d16bdb6a0ad2116b6,2021-10,Staffordshire Police,Staffordshire Police,-2.207741,52.996195,On or near GODWIN WAY,E01014341,Stoke-on-Trent 023B,Unable to prosecute suspect
ce530f9f842786267970263ed007a5f5cbda47babd8d4e26c1cca24fbc58bf77,2021-10,Staffordshire Police,Staffordshire Police,-1.681949,52.599946,On or near CADOGAN ROAD,E01029861,Tamworth 009B,Action to be taken by another organisation
00a199d3331ee85a687efd57f5dbee218485f3b9081d2aa1fdf400e4d7c8b523,2021-10,Staffordshire Police,Staffordshire Police,-2.132382,53.020421,On or near TROWBRIDGE CRESCENT,E01014218,Stoke-on-Trent 014A,Local resolution
3fbe29b655aa40ff8fd183dfab801a02b4535eded69db04c885c870e2f77896a,2021-10,Staffordshire Police,Staffordshire Police,-2.132382,53.020421,On or near TROWBRIDGE CRESCENT,E01014218,Stoke-on-Trent 014A,Local resolution
3986b30a8d25f30f7fcf778300d9de1516e92f395886a3490d8c9541e37bcaa2,2021-10,Staffordshire Police,Staffordshire Police,-1.645094,52.819324,On or near WYGGESTON STREET,E01029436,East Staffordshire 007C,Unable to prosecute suspect
cfbd0a79ded56502f77aeb6166988139839c2d21c5a1c95a57f24147b3630750,2021-10,Staffordshire Police,Staffordshire Police,-2.126844,52.820100,On or near JOHN DONNE STREET,E01029720,Stafford 007B,Suspect charged
0e270f7c961002e83983ca8a780afd2fdd9ecc9745f2137af1a1612ef35ffe1c,2021-10,Staffordshire Police,Staffordshire Police,-2.260744,52.588479,On or near LETCHMERE CLOSE,E01029654,South Staffordshire 010A,Offender given a caution
76ef6fe1e60b1d93c65383961aace0e9f82994246abc34724c366a20a122cc55,2021-10,Staffordshire Police,Staffordshire Police,-2.162886,52.799902,On or near CASTLE VIEW,E01029742,Stafford 012E,Investigation complete; no suspect identified
ebdb44f4ae638b477c645951fa53e99c91ec61fbc0b2bae2ee96b04e214603bd,2021-10,Staffordshire Police,Staffordshire Police,-1.864306,52.890343,On or near GREENFINCH CLOSE,E01029460,East Staffordshire 003B,Further investigation is not in the public interest
444bc2b6ddb30de012387b70c1896e93c57763633f23eeb84b8c19cc2a253f73,2021-10,Staffordshire Police,Staffordshire Police,-2.193803,52.594514,On or near CHARTLEY CLOSE,E01029662,South Staffordshire 011A,Further action is not in the public interest
527c38dd9b8eb0228563c91a56dd7831dc96d6446efb1be2a28a6989dbd4e09e,2021-10,Staffordshire Police,Staffordshire Police,-2.202771,53.083137,On or near GOLDFINCH ROAD,E01014264,Stoke-on-Trent 001E,Formal action is not in the public interest
ad04a2c212077e369a161f4becedb5e53d3427d7e6d9744afb3e948b6001f411,2021-10,Staffordshire Police,Staffordshire Police,-2.202771,53.083137,On or near GOLDFINCH ROAD,E01014264,Stoke-on-Trent 001E,Formal action is not in the public interest
9a385c26232e9b62f4820920ff7a7d8b972c2cd9f83abdd1e7f8572565a4b73c,2021-10,Staffordshire Police,Staffordshire Police,-1.933741,52.765494,On or near STATION ROAD,E01029404,Cannock Chase 002E,Further action is not in the public interest
35905a1c5bdffa6677bc4992fa47c6277079bc5a272e9c8243669eb0cd4d6c83,2021-10,Staffordshire Police,Staffordshire Police,-1.870385,52.740415,On or near DYKE ROAD,E01029480,Lichfield 001A,Suspect charged
d4ece3beddaff94c6e9961c15ef54116b4a56061a8e32774a19944dff6f2e541,2021-10,Staffordshire Police,Staffordshire Police,-2.135084,52.988380,On or near Supermarket,E01014302,Stoke-on-Trent 022D,Investigation complete; no suspect identified
6d28db685e82197afc70e60f0a2e5a9af0f465b1c83b0469a473fddc459a1df9,2021-10,Staffordshire Police,Staffordshire Police,-2.206325,53.008459,On or near ROSEMARY EDMAN CLOSE,E01014290,Stoke-on-Trent 018C,Suspect charged
a409803adc8ce8bbfabd4f65f49bed7ed0e3b390f9e6f983f2f0504edd0e2139,2021-10,Staffordshire Police,Staffordshire Police,-1.724825,52.764708,On or near BELL LANE,E01029441,East Staffordshire 015C,Investigation complete; no suspect identified
b021200dd9d57b200e929989f2f264434c637c0b8666051e65b23ab34bee7a78,2021-10,Staffordshire Police,Staffordshire Police,-2.153818,53.049663,On or near NEWFORD CRESCENT,E01014267,Stoke-on-Trent 007E,Local resolution
682f85bb7021243c560c81bda9ccf460066fe60f61d5ea50924ebe77dd159f3f,2021-10,Staffordshire Police,Staffordshire Police,-2.033112,52.689941,On or near HIGH GREEN,E01029365,Cannock Chase 011C,Investigation complete; no suspect identified
931e4f05a18fbaf9edf858fc2028fa45e158b7e58299743a3d5efaab8daf1b84,2021-10,Staffordshire Police,Staffordshire Police,-2.169716,53.025713,On or near LINDOP STREET,E01014330,Stoke-on-Trent 013E,Investigation complete; no suspect identified
7cd6069fe46d04ad3164885597ad324a64e6cacec8762ab562342f8cdd2acc3a,2021-10,Staffordshire Police,Staffordshire Police,-2.186711,53.015053,On or near CEMETERY ROAD,E01014283,Stoke-on-Trent 016E,Unable to prosecute suspect
61ce7af81cd1b95218583a049328503c626d3ec634d67a50f4edb5229b7ec319,2021-10,Staffordshire Police,Staffordshire Police,-2.225244,53.009773,On or near Nightclub,E01029604,Newcastle-under-Lyme 011E,Unable to prosecute suspect
32edb6d0e72815f91d58e5b4611c9e5a9620be93395011bfca63873ad8c6a14a,2021-10,Staffordshire Police,Staffordshire Police,-1.650373,52.617882,On or near Parking Area,E01029859,Tamworth 007E,Suspect charged
eefdc2b168d06265b72402b7043b386666a3048b9da20374a209e77200c3ca0c,2021-10,Staffordshire Police,Staffordshire Police,-2.135329,53.038171,On or near CRESTBROOK ROAD,E01014217,Stoke-on-Trent 012E,Investigation complete; no suspect identified
80f7d383992de615f1376473f5325e13537a175360b8f9fee64fa14d014beda8,2021-10,Staffordshire Police,Staffordshire Police,-2.188299,53.020417,On or near WARWICK STREET,E01014286,Stoke-on-Trent 015C,Unable to prosecute suspect
08b780826236670c2d5bb0043d0cabfef2874796ebf7a33062b8165124123eea,2021-10,Staffordshire Police,Staffordshire Police,-1.935080,52.671679,On or near Parking Area,E01029497,Lichfield 006E,Unable to prosecute suspect
382951e7a2aeec4efb0e33ec2f84a9e90e0d7f4591899f05167c61d778562374,2021-10,Staffordshire Police,Staffordshire Police,-2.115201,52.989875,On or near MELCHESTER GROVE,E01014303,Stoke-on-Trent 025C,Unable to prosecute suspect
8cc23ed4dfadd9be6618b9b215a5479e38de7dbda1a1fbc2c9b8ce97f3b2ddf5,2021-10,Staffordshire Police,Staffordshire Police,-1.642288,52.828584,On or near ST MARY'S DRIVE,E01029437,East Staffordshire 007D,Unable to prosecute suspect
8a7acd300e789b5e72e4846ab0ab8fbc72c47d5b351da6263a6108c9015f2e09,2021-10,Staffordshire Police,Staffordshire Police,-2.211793,53.044540,On or near TRUBSHAWE STREET,E01014252,Stoke-on-Trent 009D,Investigation complete; no suspect identified
6a1b67e4b04d14e73e4095069bb1a1a4084d74f904776767c309d063b25dab1e,2021-10,Staffordshire Police,Staffordshire Police,-2.296563,52.749274,On or near CHURCH EATON ROAD,E01029706,Stafford 015B,Action to be taken by another organisation
ed8f1ea44a37dc7a7c12ddaf7a055d3f7bd73e96999300a846e79f8ad29941b2,2021-10,Staffordshire Police,Staffordshire Police,,,No location,,,Suspect charged
3d1992ca4d22d7e7b5282107857804173fab71ed554de0af333782b9565a4d03,2021-10,Staffordshire Police,Staffordshire Police,-2.029753,52.688971,On or near Nightclub,E01029360,Cannock Chase 012B,Formal action is not in the public interest
a89dd6e52ebd3080ce58e4d8786f2d577883e05426b173c99f2d122e13dfd40e,2021-10,Staffordshire Police,Staffordshire Police,-2.150605,53.018035,On or near ELMHURST CLOSE,E01014228,Stoke-on-Trent 014E,Investigation complete; no suspect identified
f6e4b5483db91bfe9669e4ff258cb446556b57e1769788d6a3fbb3d42dd9ab13,2021-10,Staffordshire Police,Staffordshire Police,-2.180343,53.032025,On or near WHITEHAVEN DRIVE,E01014256,Stoke-on-Trent 011D,Unable to prosecute suspect
e8346bc39ea60698a2f5d54770c7e2a193195fa47f7a4898fe863e1ea9d1e799,2021-10,Staffordshire Police,Staffordshire Police,-2.021052,52.684245,On or near BROOK VALE,E01029362,Cannock Chase 012D,Offender given a caution
2bbce21fb687d29a60ec55ba218589bd4d8829a6282fad419fb259428592d5f3,2021-10,Staffordshire Police,Staffordshire Police,-2.016512,53.111490,On or near BALL HAYE GREEN,E01029808,Staffordshire Moorlands 001C,Investigation complete; no suspect identified
1cae48afcd01417932a3af94808460f895503eddd924eeeff0615bb2bacec538,2021-10,Staffordshire Police,Staffordshire Police,-2.240825,53.005616,On or near THISTLEBERRY AVENUE,E01029599,Newcastle-under-Lyme 010F,Unable to prosecute suspect
127f604f3e125ec521965002b3e350f4a33b6bcd95942f8049556d3534be9ec1,2021-10,Staffordshire Police,Staffordshire Police,-2.262385,53.039334,On or near ROWHURST CLOSE,E01029548,Newcastle-under-Lyme 007B,Action to be taken by another organisation
87ac4fe66bccd2b3e1303e2884bc43095f9fde7a1b298d26f1ae37b2137ce507,2021-10,Staffordshire Police,Staffordshire Police,-1.805848,52.650763,On or near THE DRIVE,E01029488,Lichfield 012A,Suspect charged
72b4480cc4cfdd2bf5807b0b7073866b6f62d6ae0491f7d19682042fa9a70818,2021-10,Staffordshire Police,Staffordshire Police,-2.257242,52.479511,On or near THE CLOSE,E01029667,South Staffordshire 013B,Action to be taken by another organisation
09c6d7d1c4b6446701b7dd015ca82abf44c5914d0366957deddfd68fe18d2a46,2021-10,Staffordshire Police,Staffordshire Police,-2.225338,52.967685,On or near RIDDING BANK,E01029748,Stafford 002D,Action to be taken by another organisation
9511c888271f6cc2b34dfdd9afb3f1a441ec20a78228bbdbafa8fa4cb5716f77,2021-10,Staffordshire Police,Staffordshire Police,-2.140274,52.902913,On or near REDHILL GARDENS,E01029745,Stafford 003C,Unable to prosecute suspect
435c0104f0338e172c84f78109d598fed925cac093031d3d41610dc17b6a023b,2021-10,Staffordshire Police,Staffordshire Police,-2.107488,53.020994,On or near FIELDWAY,E01029819,Staffordshire Moorlands 009E,Unable to prosecute suspect
080c33f5112525bb9217f35c0de25e869c0925f466a10c180a9e6bcbba38d38f,2021-10,Staffordshire Police,Staffordshire Police,-2.254623,53.055935,On or near BELLS HOLLOW,E01029545,Newcastle-under-Lyme 004C,Unable to prosecute suspect
d2a0dcb99d3c351c95652c07c7a5d90e9f259af7dddd90f5e2b2375eb50e73bd,2021-10,Staffordshire Police,Staffordshire Police,-1.635149,52.803814,On or near Supermarket,E01032896,East Staffordshire 011F,Unable to prosecute suspect
d2a0dcb99d3c351c95652c07c7a5d90e9f259af7dddd90f5e2b2375eb50e73bd,2021-10,Staffordshire Police,Staffordshire Police,-1.635149,52.803814,On or near Supermarket,E01032896,East Staffordshire 011F,Unable to prosecute suspect
2b533a4d788afce0182419f63224e8845b5f648fd9a9ed97a94e54e11ddd7cae,2021-10,Staffordshire Police,Staffordshire Police,-2.184223,52.851012,On or near WORSTON LANE,E01029743,Stafford 006C,Unable to prosecute suspect
c4f71a4c1153fb2bfbf3976425078381b8e4fb136a8c50100cf130020b24b868,2021-10,Staffordshire Police,Staffordshire Police,-2.198484,53.050271,On or near BARBER STREET,E01014247,Stoke-on-Trent 009A,Formal action is not in the public interest
aee7f6036fd433746ce8901af5892f155ada21e35c25c7be276aa30f21786dd6,2021-10,Staffordshire Police,Staffordshire Police,-2.156160,53.000076,On or near ELLIOT ROAD,E01014274,Stoke-on-Trent 020A,Suspect charged
666049c359131b3a16a045eefab84bbf647ae71ea9fb2a20db6754faf3bea8c5,2021-10,Staffordshire Police,Staffordshire Police,-1.698386,52.648687,On or near HAWTHORNE AVENUE,E01029852,Tamworth 001D,Unable to prosecute suspect
ab7115fe930dcd7c03a3f9a7a497d9bc6d690d320a82f6b8251820c20c494521,2021-10,Staffordshire Police,Staffordshire Police,-2.156160,53.000076,On or near ELLIOT ROAD,E01014274,Stoke-on-Trent 020A,Suspect charged
ab7115fe930dcd7c03a3f9a7a497d9bc6d690d320a82f6b8251820c20c494521,2021-10,Staffordshire Police,Staffordshire Police,-2.156160,53.000076,On or near ELLIOT ROAD,E01014274,Stoke-on-Trent 020A,Suspect charged
185e752330607410302a6ab6d309c24b17ed85927f89118fbd222e155fba8298,2021-10,Staffordshire Police,Staffordshire Police,-2.152444,52.994265,On or near GALVESTON GROVE,E01014279,Stoke-on-Trent 020E,Suspect charged
f36347d5882987eee09d74374f5c061ed4bfb02ac08dc82801fffb17ce6af290,2021-10,Staffordshire Police,Staffordshire Police,-1.701263,52.645098,On or near MILTON AVENUE,E01029849,Tamworth 002C,Investigation complete; no suspect identified
e23a99be75f917d4fa664935bb12a31b3143f857a9431ba94cd8bdd8a3345c9a,2021-10,Staffordshire Police,Staffordshire Police,-2.133370,52.794671,On or near SHAKESPEARE ROAD,E01029716,Stafford 013B,Suspect charged
fcacab1a530fb21ea8a526075214d453fc1a2dd7a4c357c7f3ed855df554c702,2021-10,Staffordshire Police,Staffordshire Police,-2.021398,52.696776,On or near CANNOCK ROAD,E01029367,Cannock Chase 011E,Investigation complete; no suspect identified
bf86ac642be672023e746c9a55925fc350e69c6330ac2aaf9352b622bb8e10cf,2021-10,Staffordshire Police,Staffordshire Police,-1.906384,52.681881,On or near LAUREL DRIVE,E01029475,Lichfield 009A,Suspect charged
eab87ff1527040c3c00988adfc23915730922901a481a5c2ff225a0336d6cb49,2021-10,Staffordshire Police,Staffordshire Police,-2.186231,53.048988,On or near BOWDEN STREET,E01014247,Stoke-on-Trent 009A,Unable to prosecute suspect
6df4ee503e48968d20cebad37bb439d8b3e5c0f45c4922012877ed0fe42ea61f,2021-10,Staffordshire Police,Staffordshire Police,-1.686350,52.626667,On or near KETTLEBROOK ROAD,E01029838,Tamworth 005C,Unable to prosecute suspect
280018cbb5fafae54743d4a162403c9b8e73f02b495b94ae6acdaf02ba9c0c23,2021-10,Staffordshire Police,Staffordshire Police,-1.701819,52.639463,On or near CHAUCER CLOSE,E01029850,Tamworth 002D,Unable to prosecute suspect
bdd93ebe2218559c9086d1fda730a2d1513e7f10009ee9e5cc3d18e7f286a495,2021-10,Staffordshire Police,Staffordshire Police,-1.971000,52.674372,On or near Supermarket,E01029396,Cannock Chase 013C,Unable to prosecute suspect
8d7f08aa1f648635ba44a57b041c6a8db25ee2eb5e8afa8230983087efc28f81,2021-10,Staffordshire Police,Staffordshire Police,-2.192404,53.028195,On or near RIDGEHOUSE DRIVE,E01014285,Stoke-on-Trent 015B,Investigation complete; no suspect identified
30fcd6a26d47ab4ec52213a84e1c110482837ad42c1e815690a76c6989586bb9,2021-10,Staffordshire Police,Staffordshire Police,-2.135084,52.988380,On or near Supermarket,E01014302,Stoke-on-Trent 022D,Suspect charged
30fcd6a26d47ab4ec52213a84e1c110482837ad42c1e815690a76c6989586bb9,2021-10,Staffordshire Police,Staffordshire Police,-2.135084,52.988380,On or near Supermarket,E01014302,Stoke-on-Trent 022D,Suspect charged
0ea5e4bca949749c124ae12501af425681e7297b87d0eeadf626b3d4b602bb82,2021-10,Staffordshire Police,Staffordshire Police,,,No location,,,Unable to prosecute suspect
0ea5e4bca949749c124ae12501af425681e7297b87d0eeadf626b3d4b602bb82,2021-10,Staffordshire Police,Staffordshire Police,,,No location,,,Unable to prosecute suspect
6b681215dd715b68764211c27526144f3589291dbbf09fe9bee6976c12a5a413,2021-10,Staffordshire Police,Staffordshire Police,-2.228272,52.987689,On or near MEAKIN AVENUE,E01029590,Newcastle-under-Lyme 015C,Unable to prosecute suspect
6cfc8657cbee30b80db2d875637d510cd0881eea7c80f9957818564be2cdb75e,2021-10,Staffordshire Police,Staffordshire Police,-2.239675,53.037395,On or near TALKE ROAD,E01029558,Newcastle-under-Lyme 006E,Unable to prosecute suspect
22b43c8d618ef74c9eb887a350bbd88920c4867e2878c06226c43afaec32e58e,2021-10,Staffordshire Police,Staffordshire Police,-1.734549,52.703314,On or near Park/Open Space,E01029517,Lichfield 008B,Unable to prosecute suspect
61f25e32b4e6a77c00ff476ec777bd12e3f05e5ba2f8026c1f3ee9be99528f54,2021-10,Staffordshire Police,Staffordshire Police,-2.166229,53.068829,On or near OLDFIELD AVENUE,E01014337,Stoke-on-Trent 004E,Investigation complete; no suspect identified
833166bba02518be4fb6306f8fbddcf68d6522b4ae240d7f0b02a0a7473b71f8,2021-10,Staffordshire Police,Staffordshire Police,-2.165290,53.065352,On or near HOLLOWOOD PLACE,E01014336,Stoke-on-Trent 004D,Unable to prosecute suspect
3673bc0b28066ecbd6fec3b571c3ebb2395929c4d6ac6b49f80133b63b44600a,2021-10,Staffordshire Police,Staffordshire Police,-2.008834,52.688840,On or near ROBINS CROFT,E01029375,Cannock Chase 010A,Unable to prosecute suspect
dcf1a7130fc809b2db211e314cf61f4cf9066733fe2e3d54ff674e696a8c7d3a,2021-10,Staffordshire Police,Staffordshire Police,-2.303192,53.067265,On or near ALSAGER ROAD,E01029532,Newcastle-under-Lyme 005A,Investigation complete; no suspect identified
e8f31fc76ea6bddee90d77bf18a18f03e304d12aca8f9928ed819f8ed70d1103,2021-10,Staffordshire Police,Staffordshire Police,-2.243410,53.054332,On or near MILLENIUM WAY,E01029536,Newcastle-under-Lyme 004A,Suspect charged
494be8e2f930cf22b9118c9cbff6c76f49f0b26f1625f8fdbd432a194cecd384,2021-10,Staffordshire Police,Staffordshire Police,-2.231232,53.087085,On or near MOUNT ROAD,E01029565,Newcastle-under-Lyme 001B,Investigation complete; no suspect identified
689405abd24837babb2ffc1e5e5bfdb7467c9fb72fbdafaa4fdfb9b169ea4394,2021-10,Staffordshire Police,Staffordshire Police,-2.125232,53.012086,On or near HAMBLE WAY,E01014222,Stoke-on-Trent 017C,Further action is not in the public interest
b3d6602dcff88686e103ca285f45d4e28fa20e01c25e27eac21cfe958c3076a7,2021-10,Staffordshire Police,Staffordshire Police,-2.166237,53.059400,On or near YARNBROOK GROVE,E01014331,Stoke-on-Trent 004A,Unable to prosecute suspect
12629afb48fd3e70c0c123d2e0d9d16ed0da70810d8cfd3f1232f21c302763d1,2021-10,Staffordshire Police,Staffordshire Police,-2.176582,53.122470,On or near SANDSDOWN CLOSE,E01029774,Staffordshire Moorlands 003E,Unable to prosecute suspect
e9ccf76bd76b7adb6737106ca025553d082f9ed0e6fb814f90016659d811bebe,2021-10,Staffordshire Police,Staffordshire Police,-2.217339,53.061951,On or near JACQUELINE STREET,E01014354,Stoke-on-Trent 005A,Local resolution
103bbab2d3609a50c1d6c673e396ea6fa19717009231d13a499ee65c2c520a49,2021-10,Staffordshire Police,Staffordshire Police,-1.778972,52.874097,On or near Park/Open Space,E01029425,East Staffordshire 006D,Action to be taken by another organisation
a75012eae88ed7b4ccb8690ed2518ada6bd220dc0018e3424dd2d2c35a30d8ef,2021-10,Staffordshire Police,Staffordshire Police,-2.153447,52.978892,On or near ELM PLACE,E01014233,Stoke-on-Trent 026A,Further action is not in the public interest
61a69386dd787d3907b6d8c7362b7cb62fdd56732b621a7537b8c45359943b42,2021-10,Staffordshire Police,Staffordshire Police,-2.180510,53.000824,On or near MACLAGAN STREET,E01014345,Stoke-on-Trent 019E,Unable to prosecute suspect
e87fcb673d1e86d76f8ae31c4d207b5f1e0ef11220eaeba19138133a15bdb527,2021-10,Staffordshire Police,Staffordshire Police,-2.043773,53.021251,On or near KINGSLEY ROAD,E01029786,Staffordshire Moorlands 011C,Further action is not in the public interest
e6013fcb61e8ec981640bd2fc31fbf0f858f31e2e70bbe194f7a17e486b556e2,2021-10,Staffordshire Police,Staffordshire Police,-2.189088,53.040408,On or near DAVISON STREET,E01014249,Stoke-on-Trent 011A,Investigation complete; no suspect identified
71e8c6f880321773163cdd2f4567d9417ee7fb598ed5a3b3a6c9e6d3fd8aeea7,2021-10,Staffordshire Police,Staffordshire Police,-1.632808,52.801676,On or near Shopping Area,E01032896,East Staffordshire 011F,Action to be taken by another organisation
c00ae8b35ad20acc3e38b579055f30cd374f314b919825d2bf240c662d8636ed,2021-10,Staffordshire Police,Staffordshire Police,-2.235417,53.090655,On or near RUTLAND ROAD,E01029561,Newcastle-under-Lyme 002A,Investigation complete; no suspect identified
a38fd6237b48d0f4b68246372bd7c84b023cdaac0770b5feba1bc2c7df03e30c,2021-10,Staffordshire Police,Staffordshire Police,-2.086949,52.645289,On or near THE LEAS,E01029635,South Staffordshire 007D,Formal action is not in the public interest
12949a1869af76500a78c65c67e8d47fcff6e2726d2bf12bc50b7b47798b48e4,2021-10,Staffordshire Police,Staffordshire Police,-2.136398,52.662907,On or near BROADACRES,E01029619,South Staffordshire 006B,Investigation complete; no suspect identified
3c934dbb44f29ab31f49fdf5a2b4e2a3125727c1217dcd60844c62df38617041,2021-10,Staffordshire Police,Staffordshire Police,-2.055917,52.971320,On or near PARK WAY,E01029799,Staffordshire Moorlands 012D,Unable to prosecute suspect
dbfc6f702aee5c75f78f19f6605e6ad762630b0fe4a6124844c07a6184bfb391,2021-10,Staffordshire Police,Staffordshire Police,-2.021155,52.683355,On or near WHINYATES RISE,E01029362,Cannock Chase 012D,Unable to prosecute suspect
6d524eaa42d9210b976cacce63ca221cd371970d898f40543ea2b13dc54de718,2021-10,Staffordshire Police,Staffordshire Police,-2.023584,52.690339,On or near HEDNESFORD ROAD,E01029367,Cannock Chase 011E,Investigation complete; no suspect identified
60ffaf953bf01e694442269df812dd3ae8d1b309d630e52b33550e7e3676b98e,2021-10,Staffordshire Police,Staffordshire Police,-2.056691,52.630169,On or near FORREST AVENUE,E01029633,South Staffordshire 007B,Investigation complete; no suspect identified
5280f3bb4a445031f4ed217c14c04d7a234d4e61738c6e16f8eda366c0133902,2021-10,Staffordshire Police,Staffordshire Police,-2.021155,52.683355,On or near WHINYATES RISE,E01029362,Cannock Chase 012D,Investigation complete; no suspect identified
69e38d88a76517e5ea480d02723b8b00fce9d9a2cb8644fa673d78d8d6aa9ccb,2021-10,Staffordshire Police,Staffordshire Police,-1.948107,52.761159,On or near MARCH BANKS,E01029403,Cannock Chase 002D,Further investigation is not in the public interest
720ed8865d4c07a2b2b70aaab7bf2a5df255d590f76088709cdeb5823968d8c6,2021-10,Staffordshire Police,Staffordshire Police,-2.209408,53.001846,On or near GRINDLEY HILL COURT,E01014294,Stoke-on-Trent 018F,Unable to prosecute suspect
8d12350d90969d0736204225327ddf30bb0cd45f7089edc67d647610a0b55236,2021-10,Staffordshire Police,Staffordshire Police,-1.671345,52.633872,On or near ARDEN CLOSE,E01029822,Tamworth 003C,Formal action is not in the public interest
862f0754897b6589e97521ee10189e5bbb4fbea1d248f5c4d484f1a5b72e04c9,2021-10,Staffordshire Police,Staffordshire Police,-2.107758,52.800666,On or near LICHFIELD ROAD,E01029699,Stafford 010D,Further investigation is not in the public interest
71462eeee6881daee2e98bb9633fd68ff833a766b035970fe3391a6b3d85dca6,2021-10,Staffordshire Police,Staffordshire Police,-2.212958,52.599273,On or near WROTTESLEY PARK ROAD,E01029661,South Staffordshire 010B,Unable to prosecute suspect
afc758ad46568c947b74dca07250b8634fa962a78c56b73b3c0739d3be63970a,2021-10,Staffordshire Police,Staffordshire Police,-2.117703,52.655295,On or near PARADISE LANE,E01029616,South Staffordshire 006A,Offender given a caution
25392e6bb96545742ca3793bfe994f818a089e843290b068fc37336e0fbacabf,2021-10,Staffordshire Police,Staffordshire Police,-2.117703,52.655295,On or near PARADISE LANE,E01029616,South Staffordshire 006A,Local resolution
4cd90e820c67bacb8051ac6ae3080517c60fa5a2a6c50d551f653d2feb10d82e,2021-10,Staffordshire Police,Staffordshire Police,-2.041237,52.662053,On or near LODGE VIEW,E01029621,South Staffordshire 002A,Further action is not in the public interest
2075011c9be952a49b7ed86553c064b6e13bc3bdb6efedf4e5da19302cdc27be,2021-10,Staffordshire Police,Staffordshire Police,-2.203721,53.088385,On or near NEWTOWN,E01029582,Newcastle-under-Lyme 001D,Further action is not in the public interest
8ed3f77e79e1cb7b772b6a61138ca3ddfa55a84127e709d6c1fa30f859360a74,2021-10,Staffordshire Police,Staffordshire Police,-2.055153,52.804181,On or near TIXALL ROAD,E01029732,Stafford 011E,Further action is not in the public interest
14e481e801b37935209941e44dfd450ef719d570a39f014ecc5c1705b0a9f9f7,2021-10,Staffordshire Police,Staffordshire Police,-1.948107,52.761159,On or near MARCH BANKS,E01029403,Cannock Chase 002D,Further investigation is not in the public interest
eca635c87b54d9628e0b06656c435d2389366da37f6e1767df8946ad6512286b,2021-10,Staffordshire Police,Staffordshire Police,-2.055153,52.804181,On or near TIXALL ROAD,E01029732,Stafford 011E,Unable to prosecute suspect
d690facd9cab9c393eccab6f8d6addb8ba09793e5c69feca2abb8a76e614e030,2021-10,Staffordshire Police,Staffordshire Police,-2.057477,52.968847,On or near BLYTHE MOUNT PARK,E01029798,Staffordshire Moorlands 012C,Further action is not in the public interest
c79c7dfc55b0856ce5cd6b1cd75318e5985593a434d8707859ff7eddbc7963fc,2021-10,Staffordshire Police,Staffordshire Police,-1.671345,52.633872,On or near ARDEN CLOSE,E01029822,Tamworth 003C,Formal action is not in the public interest
9d413a7eea47af559912398cac011c4f50ad907ecab77470a605618fae7856d1,2021-10,Staffordshire Police,Staffordshire Police,-2.182607,53.056248,On or near BREAM WAY,E01014334,Stoke-on-Trent 003E,Unable to prosecute suspect
08e103351cf943026d07797628838196b15f2113d22c8845bd3259ceb23980ca,2021-10,Staffordshire Police,Staffordshire Police,-2.186595,52.988301,On or near QUEENSWAY,E01014343,Stoke-on-Trent 023D,Investigation complete; no suspect identified
aae6f7fb93f015ed15ab8a58d6f653ac4c459f5eabf1f13e98257a64e219391c,2021-10,Staffordshire Police,Staffordshire Police,-2.232264,53.012654,On or near CASTLE HILL ROAD,E01029604,Newcastle-under-Lyme 011E,Investigation complete; no suspect identified
bfccf53e9432857619b06f80b19c3ec4d8915e90dab08dc53f8952874d4a06e1,2021-10,Staffordshire Police,Staffordshire Police,-2.144352,52.989106,On or near CARPENTER ROAD,E01014313,Stoke-on-Trent 027D,Unable to prosecute suspect
e9dc1a21f03eafb384ee92fbbc16f7d8bff5f35d79bc7fd186839618c6df031c,2021-10,Staffordshire Police,Staffordshire Police,-2.017106,52.657591,On or near Parking Area,E01029644,South Staffordshire 005E,Further action is not in the public interest
e91e9ab735833f8df014bbc00d2b546666ec77060f0d68a31cdee7bb91831c03,2021-10,Staffordshire Police,Staffordshire Police,-2.008251,52.659606,On or near Sports/Recreation Area,E01029644,South Staffordshire 005E,Unable to prosecute suspect
b3dcf114d1afb06339eaa21fb230e71e4c62434021eec9ce8769b0ba2165c863,2021-10,Staffordshire Police,Staffordshire Police,-2.224794,52.991993,On or near Pedestrian Subway,E01029591,Newcastle-under-Lyme 014C,Unable to prosecute suspect
b71fc587bd3624f2a9294cc7fadb8ec6cd2e3ba6d659c6eada311ed638cb3186,2021-10,Staffordshire Police,Staffordshire Police,-2.211145,53.018868,On or near CURZON STREET,E01029580,Newcastle-under-Lyme 009C,Unable to prosecute suspect
166120bcbaea20db6f9424c89aaf01c624881c5b26a5862e2b44daadf955b336,2021-10,Staffordshire Police,Staffordshire Police,-2.111273,52.690145,On or near A5,E01029658,South Staffordshire 001D,Offender given a caution
166120bcbaea20db6f9424c89aaf01c624881c5b26a5862e2b44daadf955b336,2021-10,Staffordshire Police,Staffordshire Police,-2.111273,52.690145,On or near A5,E01029658,South Staffordshire 001D,Offender given a caution
ea1eae3f3822f8bb9b2a7889039165a07ef61a78aff06216cf98609961bf6cf8,2021-10,Staffordshire Police,Staffordshire Police,-2.137259,53.026060,On or near CHAPEL STREET,E01014225,Stoke-on-Trent 014C,Unable to prosecute suspect
2e6d89dbba788a83d56712d25fe769c8b098f2b0c0a74ad71e03336afb7339ef,2021-10,Staffordshire Police,Staffordshire Police,-1.649399,52.808073,On or near GRANGE STREET,E01029448,East Staffordshire 009D,Unable to prosecute suspect
c9bd9b5c025195f4d10104be7bdc62cfcbdd768cd481e528d2d19e0f17cdcaf3,2021-10,Staffordshire Police,Staffordshire Police,-2.138849,53.029070,On or near NEWHOUSE ROAD,E01014212,Stoke-on-Trent 012C,Formal action is not in the public interest
dd7131210e627e86b1647405301c5e5bd811415fa9a986065383b49436c9e21f,2021-10,Staffordshire Police,Staffordshire Police,-2.251076,53.041138,On or near QUEEN STREET,E01029548,Newcastle-under-Lyme 007B,Suspect charged
83ea291bda111b11e571104f07c6a2eb31aa33ac3a4aecfff870c53a88bbc023,2021-10,Staffordshire Police,Staffordshire Police,-2.181003,52.626601,On or near Parking Area,E01029615,South Staffordshire 008C,Unable to prosecute suspect
a7c5cb62b7b309f0177da22cad366b295f2646bdd67d17a7dd096b61834efd1d,2021-10,Staffordshire Police,Staffordshire Police,-2.225725,53.007686,On or near Petrol Station,E01029602,Newcastle-under-Lyme 011C,Investigation complete; no suspect identified
2e0fefe54d8fc714f56ff1c66e34ce94cafb1d204aa7c76f8aa356c8ad17f633,2021-10,Staffordshire Police,Staffordshire Police,-2.190115,52.527006,On or near GRIFFITHS DRIVE,E01029677,South Staffordshire 013F,Local resolution
88e721c1be48fda38f2137c9e3daa4ab3b265702525dbb679d430900d3504d6b,2021-10,Staffordshire Police,Staffordshire Police,-1.872149,52.815956,On or near NANCY TALBOT CLOSE,E01029412,East Staffordshire 006B,Investigation complete; no suspect identified
5e1a84afa6da8b176ad94752c6171a11a3475aa5e9e84bb30ab44079eb3c15f4,2021-10,Staffordshire Police,Staffordshire Police,-2.017941,52.675237,On or near GEMINI DRIVE,E01029395,Cannock Chase 013B,Unable to prosecute suspect
676091f95ba4985fe15ae70e9ddb1b6e869ccfed27142ee99236b76bbd11d30c,2021-10,Staffordshire Police,Staffordshire Police,-2.106436,52.727268,On or near MARSH LANE,E01029655,South Staffordshire 001A,Unable to prosecute suspect
adb99f03a6c227e1241fc0d53be42d7022bc93ccbd17f7243c660ba8d49667a3,2021-10,Staffordshire Police,Staffordshire Police,-2.255874,52.858969,On or near VICARAGE CLOSE,E01029695,Stafford 005A,Suspect charged
adb99f03a6c227e1241fc0d53be42d7022bc93ccbd17f7243c660ba8d49667a3,2021-10,Staffordshire Police,Staffordshire Police,-2.255874,52.858969,On or near VICARAGE CLOSE,E01029695,Stafford 005A,Suspect charged
adb99f03a6c227e1241fc0d53be42d7022bc93ccbd17f7243c660ba8d49667a3,2021-10,Staffordshire Police,Staffordshire Police,-2.255874,52.858969,On or near VICARAGE CLOSE,E01029695,Stafford 005A,Suspect charged
18df6f8337730ed55829f254095ff516c3a90ddda5505674c10c3f7b32cd924a,2021-10,Staffordshire Police,Staffordshire Police,-2.214026,53.031637,On or near NEW STREET,E01029611,Newcastle-under-Lyme 008E,Unable to prosecute suspect
bdfbe0f510f343ca53587eb561801150846e1063a4212d661a27e818ade815a7,2021-10,Staffordshire Police,Staffordshire Police,-2.112612,52.721778,On or near VALE RISE,E01029658,South Staffordshire 001D,Investigation complete; no suspect identified
4dc9465331a67ba577d928c672376b2e5f4701085ae0c141ac88c26cacd325dc,2021-10,Staffordshire Police,Staffordshire Police,-2.175691,53.010333,On or near CONWAY STREET,E01014284,Stoke-on-Trent 016F,Suspect charged
4dc9465331a67ba577d928c672376b2e5f4701085ae0c141ac88c26cacd325dc,2021-10,Staffordshire Police,Staffordshire Police,-2.175691,53.010333,On or near CONWAY STREET,E01014284,Stoke-on-Trent 016F,Suspect charged
4dc9465331a67ba577d928c672376b2e5f4701085ae0c141ac88c26cacd325dc,2021-10,Staffordshire Police,Staffordshire Police,-2.175691,53.010333,On or near CONWAY STREET,E01014284,Stoke-on-Trent 016F,Suspect charged
a489502471a574bb0be59a23577a9c1ed03eb468a8e0a05859db065181be3494,2021-10,Staffordshire Police,Staffordshire Police,-2.121940,52.812195,On or near Petrol Station,E01029701,Stafford 010E,Local resolution
ef18e7591c52744a9344114b28589b66182a16887d3067779e19e3618b337370,2021-10,Staffordshire Police,Staffordshire Police,-2.121940,52.812195,On or near Petrol Station,E01029701,Stafford 010E,Local resolution
e90dbfc560483bba440e5d7126ce8122c0ea61a61573e496399ab9da0f259411,2021-10,Staffordshire Police,Staffordshire Police,,,No location,,,Investigation complete; no suspect identified
de824cbed23f3d97a25ee2e72a5142599316e18b6f60d20a92e54053410ec0b1,2021-10,Staffordshire Police,Staffordshire Police,-2.199287,52.981764,On or near Pedestrian Subway,E01014346,Stoke-on-Trent 030A,Suspect charged
de824cbed23f3d97a25ee2e72a5142599316e18b6f60d20a92e54053410ec0b1,2021-10,Staffordshire Police,Staffordshire Police,-2.199287,52.981764,On or near Pedestrian Subway,E01014346,Stoke-on-Trent 030A,Suspect charged
de824cbed23f3d97a25ee2e72a5142599316e18b6f60d20a92e54053410ec0b1,2021-10,Staffordshire Police,Staffordshire Police,-2.199287,52.981764,On or near Pedestrian Subway,E01014346,Stoke-on-Trent 030A,Suspect charged
6aa132ea06371e541363bda33bac68cb3e0ebdd30deeda7aa3da1b6791845b5e,2021-10,Staffordshire Police,Staffordshire Police,-2.185927,53.071830,On or near JOHNSON PLACE,E01014261,Stoke-on-Trent 003A,Unable to prosecute suspect
bac79192e4e8de72adb675d49e65357d9549cc08bc238efcb322941bb97839d3,2021-10,Staffordshire Police,Staffordshire Police,-2.097404,52.978862,On or near COLCLOUGH ROAD,E01014368,Stoke-on-Trent 028D,Unable to prosecute suspect
d354b1d4e8189165bf0cdfa391f7253f776ed8ec15d3e22d21b1f8625be96211,2021-10,Staffordshire Police,Staffordshire Police,-1.647194,52.794573,On or near SOUTH OAK STREET,E01029407,East Staffordshire 011A,Unable to prosecute suspect
c15d4dd5c8ccc8fad9abbba78897b6b28b7e6182564ae75ec04b3c3188ff9115,2021-10,Staffordshire Police,Staffordshire Police,-2.181353,52.536199,On or near Police Station,E01029676,South Staffordshire 012C,Suspect charged
3551a9116ea3dd4050f8400c0ca3a822f01b9f92bfe017bea84cad28296baade,2021-10,Staffordshire Police,Staffordshire Police,-2.168740,53.024024,On or near WELLINGTON STREET,E01014231,Stoke-on-Trent 016B,Suspect charged
3551a9116ea3dd4050f8400c0ca3a822f01b9f92bfe017bea84cad28296baade,2021-10,Staffordshire Police,Staffordshire Police,-2.168740,53.024024,On or near WELLINGTON STREET,E01014231,Stoke-on-Trent 016B,Suspect charged
96bcf4bc84963cf144748b4403b608635262341acc39093d28a254df7ca0e36f,2021-10,Staffordshire Police,Staffordshire Police,-1.694212,52.636855,On or near Petrol Station,E01029851,Tamworth 002E,Suspect charged
48b3294716b6f78c5e4a644b1b2e12c5bac33e553668d75489824eb0e78ecdb2,2021-10,Staffordshire Police,Staffordshire Police,-2.202771,53.083137,On or near GOLDFINCH ROAD,E01014264,Stoke-on-Trent 001E,Formal action is not in the public interest
f9873bf0082dda4ed2bc1fd4051d0f9920e8f09796b234d53f85d328706e5e2e,2021-10,Staffordshire Police,Staffordshire Police,-2.180946,52.623419,On or near GREEN OAK ROAD,E01029615,South Staffordshire 008C,Unable to prosecute suspect
cd21a087d242523ede55821574e6a472706d9a443f1ee2b5546713074bfc3b55,2021-10,Staffordshire Police,Staffordshire Police,,,No location,,,Unable to prosecute suspect
d77fa6cac50c77971cf8b1357e18febd95b0ed8d2751c991d1653b058e9167df,2021-10,Staffordshire Police,Staffordshire Police,-2.234508,53.041531,On or near BRADWELL LANE,E01029538,Newcastle-under-Lyme 006B,Investigation complete; no suspect identified
418d6afee4e10c50c3b5b8a8be77eac1222dbb7e116ea9d14bd01a717e738328,2021-10,Staffordshire Police,Staffordshire Police,-2.202743,52.991376,On or near KEELINGS DRIVE,E01014342,Stoke-on-Trent 023C,Further investigation is not in the public interest
615783824337f440c65218d80c7d534d10133dc67f42e891346d8e1bd01d9cc9,2021-10,Staffordshire Police,Staffordshire Police,-2.112195,52.778503,On or near ONE OAK RISE,E01029729,Stafford 016B,Unable to prosecute suspect
52216fc28ad74d385719fa221bd83b2784ab37ec89da18568fc968c66451edfd,2021-10,Staffordshire Police,Staffordshire Police,-2.112195,52.778503,On or near ONE OAK RISE,E01029729,Stafford 016B,Unable to prosecute suspect
9c0accbf163d70e7e2b73ef2de503a7d05ea637b130bf08b34720b643dc4d3b5,2021-10,Staffordshire Police,Staffordshire Police,-2.152411,52.811368,On or near ASTON BANK,E01029750,Stafford 007D,Unable to prosecute suspect
f3bcccc18aaeb9fb012c067d9c793b637e8c04320a9410af06a52059ca7abde3,2021-10,Staffordshire Police,Staffordshire Police,-2.170389,53.116906,On or near KINGSFIELD CRESCENT,E01029766,Staffordshire Moorlands 003D,Suspect charged
c7a18ea5441359c1eef838955feeab9b52e3f4cb3e5a1922c02c87e4b73ce867,2021-10,Staffordshire Police,Staffordshire Police,-2.205793,53.043922,On or near NEWPORT STREET,E01014250,Stoke-on-Trent 009B,Unable to prosecute suspect
6f0bf077600c453f4224eefac7246e005223e25c66abec9e8afb37247c2c92cf,2021-10,Staffordshire Police,Staffordshire Police,-2.045269,53.068497,On or near HOLLOW LANE,E01029793,Staffordshire Moorlands 006B,Investigation complete; no suspect identified
49015e458a9567a843354ba39068d0182796a10a26051ab8fc79abc326dd6eeb,2021-10,Staffordshire Police,Staffordshire Police,-2.110991,52.968728,On or near RIDGE WALK,E01014319,Stoke-on-Trent 033C,Investigation complete; no suspect identified
5d020ba994e71e75dcb5fafaf15efa07bfa48adf23dd90a0f7fdee84212329e5,2021-10,Staffordshire Police,Staffordshire Police,-2.216307,53.022689,On or near HOLDEN AVENUE,E01029579,Newcastle-under-Lyme 009B,Unable to prosecute suspect
dbd83cd1c47c8141626949df433397ab697a68951c437f53684f7e036034c9aa,2021-10,Staffordshire Police,Staffordshire Police,-2.231735,53.014030,On or near HALL STREET,E01029604,Newcastle-under-Lyme 011E,Unable to prosecute suspect
d0cdae3a4e38fa2a2107e8a8d3ab89274eca8a7be6ac91974bd9f466b86dc2d2,2021-10,Staffordshire Police,Staffordshire Police,-2.112008,52.717509,On or near ABLON COURT,E01029659,South Staffordshire 001E,Unable to prosecute suspect
a650fd4c54f9f21032e2066e5329c908c670694c4d27f19d8ce54ec92f6e08ac,2021-10,Staffordshire Police,Staffordshire Police,,,No location,,,Unable to prosecute suspect
2a8cc14c7aae41e7535de1884710ea538fbc1691ada0a42c2b39f1c1d0048d02,2021-10,Staffordshire Police,Staffordshire Police,-2.199199,53.020876,On or near ETRURIA OLD ROAD,E01014285,Stoke-on-Trent 015B,Suspect charged
c53660d80fbcf32060f03cdd1caf65ea29758b9f9fc5e01ff09cab9341e3c3b0,2021-10,Staffordshire Police,Staffordshire Police,-2.181443,53.049013,On or near GARLICK STREET,E01014248,Stoke-on-Trent 006F,Unable to prosecute suspect
560328e81f465e2143c42b52851c63d3ec7949c1594e99a8251725dd68ce66e0,2021-10,Staffordshire Police,Staffordshire Police,-2.352266,52.921504,On or near BELL ORCHARD,E01029571,Newcastle-under-Lyme 016C,Suspect charged
560328e81f465e2143c42b52851c63d3ec7949c1594e99a8251725dd68ce66e0,2021-10,Staffordshire Police,Staffordshire Police,-2.352266,52.921504,On or near BELL ORCHARD,E01029571,Newcastle-under-Lyme 016C,Suspect charged
a24cd12c94e2b27a59866bce38fc76aa4b17b49c0a6eaf13b3cf98543501c9b9,2021-10,Staffordshire Police,Staffordshire Police,-2.228285,53.038011,On or near BRADWELL GRANGE,E01029583,Newcastle-under-Lyme 008A,Unable to prosecute suspect
d7ba106bfa01eab64c1a9954ddfe60453dc1f977053d22dfd863b27361e06544,2021-10,Staffordshire Police,Staffordshire Police,-2.130538,52.790045,On or near SOMERSET ROAD,E01029716,Stafford 013B,Unable to prosecute suspect
33f52d834a7d6aa01a8aa9d1b2a9f27016a51a2b2e9bc926853337240189e8ab,2021-10,Staffordshire Police,Staffordshire Police,,,No location,,,Investigation complete; no suspect identified
b988e538d26b6342f69fd25ddb803d0d9c15a6e310b795b5eefb0491223b17b5,2021-10,Staffordshire Police,Staffordshire Police,-1.830651,52.689088,On or near BEECROFT AVENUE,E01029501,Lichfield 004C,Suspect charged
a408804de2a09a7a36e1366aab81182429ac41436190dcfe1f9fe7efc238782b,2021-10,Staffordshire Police,Staffordshire Police,-1.862410,52.897784,On or near BRIDGE STREET,E01029460,East Staffordshire 003B,Investigation complete; no suspect identified
06c05a760ba49594ef874ea0e858b3a9d1237e93a8892c96d474cd1734001d92,2021-10,Staffordshire Police,Staffordshire Police,-1.618335,52.806404,On or near NEWTON MEWS,E01029471,East Staffordshire 010D,Further investigation is not in the public interest
ec05514f97187d86bf1f30004ad6c45246506801abd23ef203f67733cceeda4b,2021-10,Staffordshire Police,Staffordshire Police,-2.220649,53.011669,On or near NORTH STREET,E01029602,Newcastle-under-Lyme 011C,Unable to prosecute suspect
461aaa6169eb2ba436713c7c41a00a6b73bf42fed6e2a558ce09728d555c09a7,2021-10,Staffordshire Police,Staffordshire Police,-2.117602,53.007177,On or near LAUDER PLACE SOUTH,E01014223,Stoke-on-Trent 017D,Suspect charged
461aaa6169eb2ba436713c7c41a00a6b73bf42fed6e2a558ce09728d555c09a7,2021-10,Staffordshire Police,Staffordshire Police,-2.117602,53.007177,On or near LAUDER PLACE SOUTH,E01014223,Stoke-on-Trent 017D,Suspect charged
552dd6d9ebfe546d8bcca0d512e2ee157d9e6befeef5c7dcd550fd8dfb2cbb12,2021-10,Staffordshire Police,Staffordshire Police,-2.195817,52.632394,On or near STONELEIGH GARDENS,E01029628,South Staffordshire 009B,Investigation complete; no suspect identified
32b5c81e9a4e3d4d4cef9531949d16fb8079e8384b016c8ee45f4479ddefc6b9,2021-10,Staffordshire Police,Staffordshire Police,-2.228285,53.038011,On or near BRADWELL GRANGE,E01029583,Newcastle-under-Lyme 008A,Unable to prosecute suspect
70742745c0654891b6273e4eca9d9060c81db8f023a6adbc9064dfeb52a4d575,2021-10,Staffordshire Police,Staffordshire Police,-1.620932,52.838712,On or near ST MARY'S DRIVE,E01029458,East Staffordshire 005E,Unable to prosecute suspect
16f53fc36b481647a2a29837b89a25a408956c0f0bfd831ce9c8d0ac937c10bc,2021-10,Staffordshire Police,Staffordshire Police,-2.148253,52.906077,On or near STONEFIELD SQUARE,E01029744,Stafford 003B,Unable to prosecute suspect
4f33feefbd549f6281683ebbc69b6ac17e3b9b352f5c9f7bf97121ce40f6d9de,2021-10,Staffordshire Police,Staffordshire Police,-1.985494,52.990973,On or near HARBORNE ROAD,E01029782,Staffordshire Moorlands 010B,Investigation complete; no suspect identified
6d6e377b4fe2a38ce772cc6a73639e2bc37a9a66c1e3a2e3cddedeb3052811eb,2021-10,Staffordshire Police,Staffordshire Police,-2.246186,53.083424,On or near FOURTH AVENUE,E01029543,Newcastle-under-Lyme 003D,Unable to prosecute suspect
482ad5a4cbf54cbd791b5b0cf3040f90694db59fbded015fa07237a3e6328d17,2021-10,Staffordshire Police,Staffordshire Police,-2.107178,52.649363,On or near Sports/Recreation Area,E01029637,South Staffordshire 006D,Suspect charged
f83de9540c25035aa5a177bb55506b11738b6ee8d5d357214bc5c4fcf5d3d008,2021-10,Staffordshire Police,Staffordshire Police,-2.246186,53.083424,On or near FOURTH AVENUE,E01029543,Newcastle-under-Lyme 003D,Suspect charged
f83de9540c25035aa5a177bb55506b11738b6ee8d5d357214bc5c4fcf5d3d008,2021-10,Staffordshire Police,Staffordshire Police,-2.246186,53.083424,On or near FOURTH AVENUE,E01029543,Newcastle-under-Lyme 003D,Suspect charged
f83de9540c25035aa5a177bb55506b11738b6ee8d5d357214bc5c4fcf5d3d008,2021-10,Staffordshire Police,Staffordshire Police,-2.246186,53.083424,On or near FOURTH AVENUE,E01029543,Newcastle-under-Lyme 003D,Suspect charged
a40cc594405e03d7618fc8a75e2ec6970702124e85714e6194b9a4dca2df0881,2021-10,Staffordshire Police,Staffordshire Police,,,No location,,,Investigation complete; no suspect identified
39c3d0a6b54bebe7da87e94f7bd55e429b7ac9ae0b83f850f3d6edb49490cf1a,2021-10,Staffordshire Police,Staffordshire Police,-1.977863,52.671992,On or near KINGSWOOD DRIVE,E01029396,Cannock Chase 013C,Suspect charged
424bb39f25f512cdd0dbfa73cce77cd068627628ecc19926ab6096e9a847ed05,2021-10,Staffordshire Police,Staffordshire Police,-1.656468,52.616533,On or near GAYLE,E01029856,Tamworth 008B,Suspect charged
424bb39f25f512cdd0dbfa73cce77cd068627628ecc19926ab6096e9a847ed05,2021-10,Staffordshire Police,Staffordshire Police,-1.656468,52.616533,On or near GAYLE,E01029856,Tamworth 008B,Suspect charged
424bb39f25f512cdd0dbfa73cce77cd068627628ecc19926ab6096e9a847ed05,2021-10,Staffordshire Police,Staffordshire Police,-1.656468,52.616533,On or near GAYLE,E01029856,Tamworth 008B,Suspect charged
b038917b7e1961552f650f20769a6297a8550b6a10cd5c01522ca7659c3e54b8,2021-10,Staffordshire Police,Staffordshire Police,-1.978283,52.991080,On or near ULLSWATER DRIVE,E01029781,Staffordshire Moorlands 011A,Unable to prosecute suspect
155fdfcb6da95da9479f312d732103ce79c6cdcbe3d22377e267486194849ad8,2021-10,Staffordshire Police,Staffordshire Police,-2.285157,53.050401,On or near CHERRY TREE ROAD,E01029533,Newcastle-under-Lyme 005B,Further investigation is not in the public interest
63b6e19a42e180810cde978b5f510d599d726eac69294e1195cfc1d408671e70,2021-10,Staffordshire Police,Staffordshire Police,-2.285157,53.050401,On or near CHERRY TREE ROAD,E01029533,Newcastle-under-Lyme 005B,Further investigation is not in the public interest
ff44e3431e2eba6748cf7096f40bdf1766db421e208e0b4a1b12be33c3f18ddb,2021-10,Staffordshire Police,Staffordshire Police,-2.240810,53.040377,On or near BEASLEY AVENUE,E01029538,Newcastle-under-Lyme 006B,Further investigation is not in the public interest
62c135ac72dc3364b485737bcacff02cda2c0de6fa8273534755ee4dc25c488c,2021-10,Staffordshire Police,Staffordshire Police,-2.285157,53.050401,On or near CHERRY TREE ROAD,E01029533,Newcastle-under-Lyme 005B,Further investigation is not in the public interest
31d3ff1d040171b7495d4c8d531b621fefcb7e4e6bafb89d31e0431443b5a96d,2021-10,Staffordshire Police,Staffordshire Police,-1.674988,52.618770,On or near MEDINA,E01029828,Tamworth 006D,Unable to prosecute suspect
8e8f05b878403cbf096d60166a81567a3bb09498c4593304c40b93cc1f4bffbf,2021-10,Staffordshire Police,Staffordshire Police,-2.133587,52.995663,On or near LONGLEY ROAD,E01014298,Stoke-on-Trent 022B,Suspect charged
9dc69db88f108a6b15b47346f66d027565d68218885c9763c618d67a44982cd1,2021-10,Staffordshire Police,Staffordshire Police,-2.184400,53.032334,On or near BOWNESS STREET,E01014256,Stoke-on-Trent 011D,Formal action is not in the public interest
54dee3bc5ec174830e659169f71186d0246bf48d16fa041d829f9638d2afd2b9,2021-10,Staffordshire Police,Staffordshire Police,-2.262029,52.588629,On or near THE RETREAT GARDENS,E01029654,South Staffordshire 010A,Unable to prosecute suspect
f9572a4ecb683a4d953ef496abe85d342c022127e549c611fe0ccd6fbbe5883a,2021-10,Staffordshire Police,Staffordshire Police,-2.247923,53.011579,On or near GADWELL CROFT,E01029598,Newcastle-under-Lyme 010E,Unable to prosecute suspect
40f246b1cb4da7bb734d3d93611c88602146fa2277c6d7ecd5a3df4eebd07d79,2021-10,Staffordshire Police,Staffordshire Police,-2.194145,53.040804,On or near CLYDE ROAD,E01014255,Stoke-on-Trent 009E,Unable to prosecute suspect
eb89f6829003eb59031970150ece3abf7310a953d5c67adb18df256001406c1f,2021-10,Staffordshire Police,Staffordshire Police,,,No location,,,Investigation complete; no suspect identified
2e7594a5e500fd211f639755946652092110ed031ac7f73267f24bf877da38b3,2021-10,Staffordshire Police,Staffordshire Police,-1.923142,52.749891,On or near Sports/Recreation Area,E01029347,Cannock Chase 003C,Unable to prosecute suspect
6e6aabb505cd91dcbd728e7cd79f45e411a5ccf8808e855b3ac45fc69ca0ee41,2021-10,Staffordshire Police,Staffordshire Police,-1.635219,52.800749,On or near Parking Area,E01032896,East Staffordshire 011F,Investigation complete; no suspect identified
88541f0c56eb60eaf43ba373521d5535aaedbf6f672da65147edab8556f672ff,2021-10,Staffordshire Police,Staffordshire Police,-1.944537,52.771630,On or near WOLSELEY ROAD,E01029371,Cannock Chase 001D,Unable to prosecute suspect
e9b6d9907abff1d2b2e3ea98d317d9f263ab845cdbe0719541ff0ce3130f0702,2021-10,Staffordshire Police,Staffordshire Police,-2.169493,53.014620,On or near EGERTON STREET,E01033216,Stoke-on-Trent 016G,Unable to prosecute suspect
e9b6d9907abff1d2b2e3ea98d317d9f263ab845cdbe0719541ff0ce3130f0702,2021-10,Staffordshire Police,Staffordshire Police,-2.169493,53.014620,On or near EGERTON STREET,E01033216,Stoke-on-Trent 016G,Unable to prosecute suspect
354817fe19d7ade2bf3d254d7fda38138c2c6349c8667ee53309ff0ce08ffac7,2021-10,Staffordshire Police,Staffordshire Police,-1.969732,52.710879,On or near SANDOWN CLOSE,E01029400,Cannock Chase 006D,Unable to prosecute suspect
eee1ebca0d7f6c386ca304598ef59c2a4c5fcbacedbd4a0cf3ce2b9d781a3a48,2021-10,Staffordshire Police,Staffordshire Police,-2.209408,53.001846,On or near GRINDLEY HILL COURT,E01014294,Stoke-on-Trent 018F,Unable to prosecute suspect
3f7cf7a92bc9cd16ee82e65b70468aff37b1754683026aec95257c7e382f9d01,2021-10,Staffordshire Police,Staffordshire Police,-2.302366,52.827729,On or near HIGH OFFLEY ROAD,E01029708,Stafford 015D,Unable to prosecute suspect
df2b3ecaea664a6a0e278bb0920021f9ec900d30d6d16bd57026c81cb369a4f5,2021-10,Staffordshire Police,Staffordshire Police,-2.167758,53.028349,On or near BASKERVILLE ROAD,E01014328,Stoke-on-Trent 013C,Suspect charged
23d3128534b30f62cfc01f0a02d6da8413b4a3d79d97f71f180bebc2e48c635d,2021-10,Staffordshire Police,Staffordshire Police,-2.167758,53.028349,On or near BASKERVILLE ROAD,E01014328,Stoke-on-Trent 013C,Suspect charged
87a4f11cc1fa60ddc53d11baeac3eb4d567e00aad30a3d919572f1c38a1d93ad,2021-10,Staffordshire Police,Staffordshire Police,-2.185131,53.053277,On or near THE GROVE,E01014245,Stoke-on-Trent 006E,Offender given a caution
27f4ff2189f81ca41e7efb7a1b7fa4114c627ea4b4dd40328104e33e5d97f9e3,2021-10,Staffordshire Police,Staffordshire Police,-2.182769,53.038008,On or near MILBURN ROAD,E01014249,Stoke-on-Trent 011A,Unable to prosecute suspect
b540efcf3080579af473009f93e3a9e692f41dd11df20a0211904bd0956a71e0,2021-10,Staffordshire Police,Staffordshire Police,-2.254626,53.046326,On or near BIRCH HOUSE ROAD,E01029547,Newcastle-under-Lyme 007A,Suspect charged
57f28803b7a0ef55c8317c809a1a10e680a25372fac9d7dace1cdd5fad1dd6dd,2021-10,Staffordshire Police,Staffordshire Police,-2.167758,53.028349,On or near BASKERVILLE ROAD,E01014328,Stoke-on-Trent 013C,Suspect charged
086e2043f71cbeed69492a8168155b73ab657b4a2d86c7419a483b937c8e0f28,2021-10,Staffordshire Police,Staffordshire Police,,,No location,,,Action to be taken by another organisation
1d2fc303890bbeecd7893fcd646978581b55b319eb8046925ca00f543d4c8b62,2021-10,Staffordshire Police,Staffordshire Police,-2.139152,53.039668,On or near FRIARS PLACE,E01014217,Stoke-on-Trent 012E,Unable to prosecute suspect
ca9fcd508ab995335464f7b03d604c21e28deeae1cdc7b5b7a958088b7e75251,2021-10,Staffordshire Police,Staffordshire Police,-1.694438,52.648937,On or near HILL TOP AVENUE,E01029852,Tamworth 001D,Unable to prosecute suspect
5c3d7aa83f7e13a11bd899e82d218a5bb0b0035d23cff634a862a32f966b1182,2021-10,Staffordshire Police,Staffordshire Police,-1.639408,52.805346,On or near GRANTS YARD,E01032896,East Staffordshire 011F,Suspect charged
5c3d7aa83f7e13a11bd899e82d218a5bb0b0035d23cff634a862a32f966b1182,2021-10,Staffordshire Police,Staffordshire Police,-1.639408,52.805346,On or near GRANTS YARD,E01032896,East Staffordshire 011F,Suspect charged
c3252480adf56df6b92ac78541761902599e75c98cc4b1f1403fe9a7ecf3a7c1,2021-10,Staffordshire Police,Staffordshire Police,-2.137143,52.895501,On or near DE-WINT ROAD,E01029740,Stafford 003A,Further investigation is not in the public interest
0073ab3b31a3b0d4e6db2929558587f09c2a526bb588a904d3331f4b97e6295f,2021-10,Staffordshire Police,Staffordshire Police,-2.114633,52.803680,On or near LICHFIELD ROAD,E01029701,Stafford 010E,Unable to prosecute suspect
dd7fa93cd9228801329783ab6c0892f687f4760c47e1eeeb5bdfc1d61735267e,2021-10,Staffordshire Police,Staffordshire Police,-2.198661,53.020526,On or near CAVOUR STREET,E01014285,Stoke-on-Trent 015B,Investigation complete; no suspect identified
29a837416a45c2c796203014894a22a93b257703d9adbf32af961d6858b94aa7,2021-10,Staffordshire Police,Staffordshire Police,-2.216326,53.002742,On or near NEWCASTLE ROAD,E01029602,Newcastle-under-Lyme 011C,Investigation complete; no suspect identified
03803e1ec4782d1d861bc138c16989bc5ee8d379fe063ac8a162e125c6a022ba,2021-10,Staffordshire Police,Staffordshire Police,-2.082939,52.790519,On or near WEEPING CROSS,E01029684,Stafford 014A,Unable to prosecute suspect
d354320e0730bd98e29b73276ba8ef4acfd1a5546a9c80291789f845b89beeb5,2021-10,Staffordshire Police,Staffordshire Police,-2.234241,53.022610,On or near KING STREET,E01029553,Newcastle-under-Lyme 010A,Unable to prosecute suspect
a089f8ffa07929bae20b54424fa063656bd6a85558e0eb0dc3b20e791c12e6a0,2021-10,Staffordshire Police,Staffordshire Police,,,No location,,,Investigation complete; no suspect identified
cfd269eafb9a797f82d421fdd7371d6b24024d5a3f94924b3186947e68baca9c,2021-10,Staffordshire Police,Staffordshire Police,-2.255465,53.006547,On or near KEELE ROAD,E01029594,Newcastle-under-Lyme 012C,Unable to prosecute suspect
bcc669385cf979586b3536873d0ad924877549c5975e0104d152eb8acce2bc3d,2021-10,Staffordshire Police,Staffordshire Police,-1.934266,52.682152,On or near Shopping Area,E01029494,Lichfield 006C,Action to be taken by another organisation
bffd418ee18eb622a1ef9901e4313175c9350a837041c9c6a07876b8a4e341bf,2021-10,Staffordshire Police,Staffordshire Police,-2.169063,52.598876,On or near UPPER GREEN,E01010547,Wolverhampton 014B,Suspect charged
15b788ea39827e79b4fd24279168d894337de704773cc06e90779a516294232d,2021-10,Staffordshire Police,Staffordshire Police,-1.838397,52.690870,On or near MARTIN CROFT,E01029491,Lichfield 007A,Suspect charged
26f4b00777074ea7b0ca4db7b68ae74fe66cab8eb97cd224e0e151c3be0bbc45,2021-10,Staffordshire Police,Staffordshire Police,-2.135598,52.824352,On or near Sports/Recreation Area,E01029751,Stafford 006D,Unable to prosecute suspect
26f4b00777074ea7b0ca4db7b68ae74fe66cab8eb97cd224e0e151c3be0bbc45,2021-10,Staffordshire Police,Staffordshire Police,-2.135598,52.824352,On or near Sports/Recreation Area,E01029751,Stafford 006D,Unable to prosecute suspect
46adb081e441fa6607e747c7369ff14a8e5ed77c84e6dea9ea9ab3046fcd3e74,2021-10,Staffordshire Police,Staffordshire Police,-2.114355,52.799338,On or near MEYRICK ROAD,E01029699,Stafford 010D,Suspect charged
021f3c7f1fdb09589c788a2b6abdb430728fd8f4ae8030ae669bedf7c3446344,2021-10,Staffordshire Police,Staffordshire Police,-2.176632,53.050818,On or near LORD STREET,E01014246,Stoke-on-Trent 008A,Unable to prosecute suspect
a55082136daae5101753f964939d24240b24cc4110123cf0d044afcb0d913f75,2021-10,Staffordshire Police,Staffordshire Police,-2.107758,52.800666,On or near LICHFIELD ROAD,E01029699,Stafford 010D,Unable to prosecute suspect
fd2e6d88527df0d98c7f851c5534b58fc0248769f589bf808c26e3f87ca00857,2021-10,Staffordshire Police,Staffordshire Police,-2.264014,52.778397,On or near IMPSTONES,E01029707,Stafford 015C,Suspect charged
f91f05d61783a4030bfdf7373653164a5ed3ada8ece34e302a48d44cce8bfd7c,2021-10,Staffordshire Police,Staffordshire Police,-1.629922,52.785252,On or near WORCESTER ROAD,E01029453,East Staffordshire 014E,Further investigation is not in the public interest
31ee5dc70564075f45f9c276fb40cfadaa867655a210c6f2e64981c78aabd2c1,2021-10,Staffordshire Police,Staffordshire Police,-1.629922,52.785252,On or near WORCESTER ROAD,E01029453,East Staffordshire 014E,Further investigation is not in the public interest
a0f09e880d845fdc4658451832af27da74746c9a16f10d7cd8d24533cde5f8f5,2021-10,Staffordshire Police,Staffordshire Police,-1.629922,52.785252,On or near WORCESTER ROAD,E01029453,East Staffordshire 014E,Further investigation is not in the public interest
694de856520c9d7e3c9a1754dc7408ecafc6172c0fb49864956d7fbe2120d18d,2021-10,Staffordshire Police,Staffordshire Police,-2.161998,53.023090,On or near POUNDLOCK AVENUE,E01014231,Stoke-on-Trent 016B,Suspect charged
516278f7b63dceee0da739f72b29312594ee24c50cbe073c3ba99bf8a45a7276,2021-10,Staffordshire Police,Staffordshire Police,-2.185960,53.017257,On or near BEDFORD ROAD,E01014281,Stoke-on-Trent 015A,Formal action is not in the public interest
49a1f3f5e70170546b8825df7bed6ba4be38e643a3e4e0b6c706010172a447b8,2021-10,Staffordshire Police,Staffordshire Police,-2.107178,52.649363,On or near Sports/Recreation Area,E01029637,South Staffordshire 006D,Formal action is not in the public interest
451afb353beaaf0b3be106d78cf24736bf35e9112a6bb1ff0a23d87d33253a70,2021-10,Staffordshire Police,Staffordshire Police,-2.139275,52.994605,On or near GOLDENHILL ROAD,E01014278,Stoke-on-Trent 021B,Suspect charged
037b7daa3034e6e3802b4bfe0b3acd620f43b2e1627b587e019055742f528de1,2021-10,Staffordshire Police,Staffordshire Police,-2.305849,53.040030,On or near STATION WALKS,E01029556,Newcastle-under-Lyme 005E,Suspect charged
25a4e09d89368fc846677adfcbe84a4a95883be0872c7794bcf62cb6d36b25ad,2021-10,Staffordshire Police,Staffordshire Police,-1.863776,52.898118,On or near MARKET PLACE,E01029460,East Staffordshire 003B,Investigation complete; no suspect identified
b3a0e427acb4e9adbd42b7abf7c1abb8b82f490d242037bcdb1cf03b8b09c19f,2021-10,Staffordshire Police,Staffordshire Police,-2.180946,52.623419,On or near GREEN OAK ROAD,E01029615,South Staffordshire 008C,Further investigation is not in the public interest
c41a3b3d18658a0548631cf44098afab821c074a26b8b3536cd578d350933b76,2021-10,Staffordshire Police,Staffordshire Police,-1.635822,52.813785,On or near Supermarket,E01029426,East Staffordshire 008A,Suspect charged
c41a3b3d18658a0548631cf44098afab821c074a26b8b3536cd578d350933b76,2021-10,Staffordshire Police,Staffordshire Police,-1.635822,52.813785,On or near Supermarket,E01029426,East Staffordshire 008A,Suspect charged
de982c189e8ebec6bd80b9ce96047156adeabc0539f6355e9c1ae6a414481d5c,2021-10,Staffordshire Police,Staffordshire Police,-2.129213,52.803270,On or near MANSELL CLOSE,E01029737,Stafford 012C,Unable to prosecute suspect
baef047574d5e881b22517f79752d8b041f4f1fab9594cd0b6a9e2556b2917cf,2021-10,Staffordshire Police,Staffordshire Police,-2.181277,52.625027,On or near BROOKFIELD ROAD,E01029615,South Staffordshire 008C,Unable to prosecute suspect
1fb32245a5f9d55563e65d1ff8c86452093593f8645789447c859510856af875,2021-10,Staffordshire Police,Staffordshire Police,-2.141123,52.990315,On or near Petrol Station,E01014302,Stoke-on-Trent 022D,Unable to prosecute suspect
a333d388a4e76eb82f6fe3c80873b107b62d88a0bf50d26e9c87cc70b564c597,2021-10,Staffordshire Police,Staffordshire Police,-1.778972,52.874097,On or near Park/Open Space,E01029425,East Staffordshire 006D,Suspect charged
b41e3d888e61c03a4b9875bfbbc2f3d5fe30d54c6ff51c902ba0fe8462196bcf,2021-10,Staffordshire Police,Staffordshire Police,-2.128456,53.013629,On or near Supermarket,E01014222,Stoke-on-Trent 017C,Investigation complete; no suspect identified
cd363b2330861c41b75d688d30ca0f958a8413aa6c341db633258162a04b97c7,2021-10,Staffordshire Police,Staffordshire Police,-2.203027,53.064556,On or near THE TUDORS,E01014355,Stoke-on-Trent 005B,Action to be taken by another organisation
f531de1362bfcac65b9e3af279fa0bfe19ad5f314c11ab5ecfaff135c9b6284f,2021-10,Staffordshire Police,Staffordshire Police,,,No location,,,Investigation complete; no suspect identified
2f4ab9f96c23daf63ba92819638d08b133d3a9d5b07ed1e8b8c78b897015e6aa,2021-10,Staffordshire Police,Staffordshire Police,-1.924967,52.678856,On or near CEDAR ROAD,E01029527,Lichfield 010B,Suspect charged
c707cdad58e7d89f459c5efec0e685bc5b70ae3906ac8d19cbb46e7652a5a6df,2021-10,Staffordshire Police,Staffordshire Police,-2.195573,53.072884,On or near UPLANDS AVENUE,E01014259,Stoke-on-Trent 001C,Further investigation is not in the public interest
1c780bbdc34552f2f635c40f740414440ef8af7f7e27cf0040eeba1ca485fa69,2021-10,Staffordshire Police,Staffordshire Police,-2.183639,53.035859,On or near CRYSTAL STREET,E01014254,Stoke-on-Trent 011C,Action to be taken by another organisation
a292b41c361e0fbf03dc4b35ceba5b5498fe2829129fa372a1e610d086ff9ebb,2021-10,Staffordshire Police,Staffordshire Police,-2.033621,52.659080,On or near FAIRVIEW CLOSE,E01029623,South Staffordshire 004C,Investigation complete; no suspect identified
91107864fee20a9c5b3a2d1e37fa2004f52a5de5b2e7e2858dd7273ea0315e3c,2021-10,Staffordshire Police,Staffordshire Police,-2.042403,52.962965,On or near STUART AVENUE,E01029789,Staffordshire Moorlands 012B,Suspect charged
91107864fee20a9c5b3a2d1e37fa2004f52a5de5b2e7e2858dd7273ea0315e3c,2021-10,Staffordshire Police,Staffordshire Police,-2.042403,52.962965,On or near STUART AVENUE,E01029789,Staffordshire Moorlands 012B,Suspect charged
720f8e4cf4f975f3a773a0310f072365084a3ca3e0dbc06c59b5f324166249b2,2021-10,Staffordshire Police,Staffordshire Police,-2.022545,52.654893,On or near DOVE HOLLOW,E01029639,South Staffordshire 005B,Further investigation is not in the public interest
720f8e4cf4f975f3a773a0310f072365084a3ca3e0dbc06c59b5f324166249b2,2021-10,Staffordshire Police,Staffordshire Police,-2.022545,52.654893,On or near DOVE HOLLOW,E01029639,South Staffordshire 005B,Further investigation is not in the public interest
0653273d1c0574e87fdb38cd99cc99e07c89c720a1a22da785fc5e4346f97830,2021-10,Staffordshire Police,Staffordshire Police,-1.836521,52.693960,On or near PIPERS CROFT,E01029491,Lichfield 007A,Suspect charged
15be6b2c28978fb01286b107e6e6ad9d05c80c678b15b33888a81feeb4d261b0,2021-10,Staffordshire Police,Staffordshire Police,-1.647098,52.795472,On or near ALL SAINTS ROAD,E01029407,East Staffordshire 011A,Investigation complete; no suspect identified
80560db7262aad1b40cf5eb6424d6c4ecb00ee409897c9d7eb1dbadc0ea61d95,2021-10,Staffordshire Police,Staffordshire Police,-2.116158,52.807994,On or near MALT MILL LANE,E01029701,Stafford 010E,Further investigation is not in the public interest
9a87e675f28a64a43cab7b3768a76e788972ad0e5e345486feb2612859f63ed9,2021-10,Staffordshire Police,Staffordshire Police,-1.807029,52.650954,On or near BROOM COVERT ROAD,E01029488,Lichfield 012A,Action to be taken by another organisation
c7be6faaa50d6b920c1b3c9e76e44e118d520663d062db7c667f7a782226f543,2021-10,Staffordshire Police,Staffordshire Police,-1.642441,52.822588,On or near HORNINGLOW ROAD NORTH,E01029434,East Staffordshire 007A,Unable to prosecute suspect
169b62b380e2e8b8750d16ebd6ae5e9aa5dc9fcef3bc4796b71f8d7a7f15bb06,2021-10,Staffordshire Police,Staffordshire Police,-2.213451,53.024006,On or near RANGEMORE TERRACE,E01029579,Newcastle-under-Lyme 009B,Further investigation is not in the public interest
0df0c09363680cf074148cbbf6c7d14af60fa55361b2c04cb5a8b124a04b255f,2021-10,Staffordshire Police,Staffordshire Police,-2.207720,53.059829,On or near PARK TERRACE,E01014355,Stoke-on-Trent 005B,Suspect charged
f0ea0745ad805c4cad4d28388599c16e25729628ab237d99afb8b3490c12c5e9,2021-10,Staffordshire Police,Staffordshire Police,-2.026379,52.712138,On or near ANN CRESCENT,E01029357,Cannock Chase 007D,Unable to prosecute suspect
d375750f3f3c8d0813592b638166935c470bb7a4d59ce0f64197509e41e8f572,2021-10,Staffordshire Police,Staffordshire Police,-1.638114,52.802115,On or near UXBRIDGE STREET,E01032898,East Staffordshire 011H,Suspect charged
db8331ee88217c921962b352690727445aef131de781fba305d004032114c19a,2021-10,Staffordshire Police,Staffordshire Police,-2.176468,52.520294,On or near CHERRY LANE,E01029645,South Staffordshire 013A,Local resolution
676035f1e9934b82285746cad282fd4ad7d30bb5ac28aec9e595cbf18d90352a,2021-10,Staffordshire Police,Staffordshire Police,-2.133371,53.017417,On or near BRECON WAY,E01014221,Stoke-on-Trent 017B,Further action is not in the public interest
0b1d26937057b79c278d074992d76add95db4b8a3a9aa000543943cdf1ea541b,2021-10,Staffordshire Police,Staffordshire Police,-2.217332,52.731045,On or near SLAB LANE,E01029668,South Staffordshire 003C,Further action is not in the public interest
a6eea18948bf1891ea0c1ead8221e8d9763d156a869d2cd85b8e209272ab87da,2021-10,Staffordshire Police,Staffordshire Police,-2.201199,53.053476,On or near Petrol Station,E01014252,Stoke-on-Trent 009D,Unable to prosecute suspect
3dc566f10184814e358d8fdd3e8fa5c2db219e7b845d9dcc1f1d49f78e395f15,2021-10,Staffordshire Police,Staffordshire Police,-2.009669,52.716213,On or near GREEN HEATH ROAD,E01029384,Cannock Chase 005A,Suspect charged
56470d4ccd36db5bc568a85c2dc337324297b43f475b414130d9bedd5d31fc33,2021-10,Staffordshire Police,Staffordshire Police,-2.093816,52.814558,On or near ELLINGTON AVENUE,E01029693,Stafford 009B,Unable to prosecute suspect
52550150d3e6a8acb02069730a9356f141aabd3cf8c35f89f835bab37d04cd2f,2021-10,Staffordshire Police,Staffordshire Police,-2.192668,52.977064,On or near CARRICK PLACE,E01014353,Stoke-on-Trent 030D,Unable to prosecute suspect
3faf79bd0b0acb7fee8456a3af54363f6f8fb719fcd0b7d3bf8cad35ce2d4e24,2021-10,Staffordshire Police,Staffordshire Police,-2.210927,53.059751,On or near HAYMARKET,E01014361,Stoke-on-Trent 005D,Unable to prosecute suspect
3faf79bd0b0acb7fee8456a3af54363f6f8fb719fcd0b7d3bf8cad35ce2d4e24,2021-10,Staffordshire Police,Staffordshire Police,-2.210927,53.059751,On or near HAYMARKET,E01014361,Stoke-on-Trent 005D,Unable to prosecute suspect
cdff82f460fce772bf00993217dc85aaced0d85cf2f34cff2961bb4f0b51a855,2021-10,Staffordshire Police,Staffordshire Police,-1.642608,52.798596,On or near PEEL STREET,E01029408,East Staffordshire 011B,Suspect charged
92c6768b9ea2ee2ade1cbd762ef5c2e07daa3244563fe2a6d4bfae1db360cedd,2021-10,Staffordshire Police,Staffordshire Police,-2.172734,53.042266,On or near BETHELL ROAD,E01014253,Stoke-on-Trent 011B,Suspect charged
341030d950bff6f0254c356e66c967f200cb2b55b12b717546164bbc5b21ca6b,2021-10,Staffordshire Police,Staffordshire Police,-2.253431,53.086672,On or near MILLSTONE AVENUE,E01029541,Newcastle-under-Lyme 003B,Unable to prosecute suspect
ef6e6ef61f849b03bfb4f69daa105ac4758c6f9c63f3b378c0c0f2068bfd8f2f,2021-10,Staffordshire Police,Staffordshire Police,,,No location,,,Formal action is not in the public interest
d6e51b971646cc5726980e60758affb9843d51e664d8b9b99e7a53329caa907d,2021-10,Staffordshire Police,Staffordshire Police,-2.138484,53.026553,On or near TRINITY PLACE,E01014212,Stoke-on-Trent 012C,Investigation complete; no suspect identified
2242a244abdf8caa5bbbfe225b6e5ad1937b11d2a139055aab1c8ac2251d8543,2021-10,Staffordshire Police,Staffordshire Police,-2.005520,52.803025,On or near ELM CLOSE,E01029713,Stafford 008E,Suspect charged
2242a244abdf8caa5bbbfe225b6e5ad1937b11d2a139055aab1c8ac2251d8543,2021-10,Staffordshire Police,Staffordshire Police,-2.005520,52.803025,On or near ELM CLOSE,E01029713,Stafford 008E,Suspect charged
412e6738b26dd2c7b594e37f82f50ac833dd5de7d6f02e894eba989f10537d30,2021-10,Staffordshire Police,Staffordshire Police,-1.643104,52.812315,On or near EDWARD STREET,E01029447,East Staffordshire 009C,Unable to prosecute suspect
fbeb443764d9478b578c0cd4cb8b1027d4ffa4e1a2a6a1beba86133a564153a6,2021-10,Staffordshire Police,Staffordshire Police,-2.238674,53.088311,On or near BACK HEATHCOTE STREET,E01029564,Newcastle-under-Lyme 002C,Suspect charged
53af0c037e30c2e97a30a142873dbd9b0b2b52ac5ad12880695040d8c889cfe7,2021-10,Staffordshire Police,Staffordshire Police,-2.121097,52.977932,On or near WATERY LANE,E01014310,Stoke-on-Trent 031A,Suspect charged
7f0e55a31bf14cdafa283e85c88dff6f5b10a5b057f6a67f6f0a17f65c346170,2021-10,Staffordshire Police,Staffordshire Police,-2.149572,52.978106,On or near CRITCHLOW GROVE,E01014233,Stoke-on-Trent 026A,Unable to prosecute suspect
